59.032233265106484
52.72857907400819
52.5839788606263
50.49573990442771
50.24508081290832
49.9268577332272
49.38766073669977
47.247036916215436
45.8466834988656
45.33207619439177
45.231026199220175
45.078600393922414
44.571639358858455
44.36810896083686
43.738843707573935
43.11892270233102
42.94353997674302
42.31065927491895
41.91264818311379
41.53471105677514
41.33439772018904
41.019294111774585
40.90008243202888
40.76038546059748
40.64770267665225
40.58091718829896
40.37542429087328
40.26568733891088
40.248292635825806
40.076118022360745
39.78641893220716
39.710891711501624
39.639182667821615
39.43924607683359
39.299224589810585
39.158063742437854
39.05030032527583
38.85953585296128
38.59906732617986
38.386476700846806
37.9850695047861
37.858520732927865
37.725406782885656
37.48862476686122
37.339779644785494
37.10281042673876
36.97142262641388
36.76145594652655
36.50994632522687
36.26324216069847
36.17593453490792
35.94469329035651
35.92519392398566
35.57210310019379
35.46432900542344
35.45065642928203
35.15718653112611
34.98451419878328
34.8780893797639
34.57017588158865
34.47250954665401
34.42987929853846
34.187244508475516
34.12057532228007
34.0081890029582
33.88745885135976
33.716976918988614
33.70081916157116
33.51495531595742
33.28068805453414
33.08937584132809
33.05248200856621
32.90398742588875
32.84586544390843
32.614954297598686
32.551599080982015
32.433303300038006
32.32553270242436
32.29917229702123
32.26711638348646
32.051941081858395
31.97084013561728
31.9198906038218
31.911044717110958
31.691447472519332
31.634576478064155
31.54329674995626
31.49757470302823
31.41307636873214
31.37319467970375
31.104368215027474
30.981654668275535
30.943256016652878
30.739044459296725
30.631449092103665
30.56652048507734
30.418314078695126
30.32992623217644
30.283977906687245
30.21826202269418
30.209289370783512
30.045917855053183
29.942369229714316
29.9098701253382
29.767075461943048
29.689606456726423
29.618780596647834
29.494158902923058
29.3972070459379
29.37429449841016
29.18984012499801
29.14764423552244
28.979457908201745
28.96026306118328
28.860096377867222
28.79936699198212
28.78923642603699
28.700654626119345
28.452151439914676
28.39110349281914
28.285660397300727
28.203836575874224
28.140091034842726
28.102183113759285
28.089324112164057
27.96635139548336
27.86152255013602
27.749216561889757
27.723457365718765
27.58759713771881
27.454901047324235
27.377027553123394
27.302854775284732
27.217949370570288
27.174379157302265
27.112649604622785
27.077055088655232
27.027566333763016
26.85145286668358
26.773656037752968
26.616790427735047
26.562319489380016
26.545849582919878
26.423720802426807
26.390893078404524
26.30697125405829
26.128407039103674
26.07328657343031
25.995977395396533
25.810650678411836
25.783853591788194
25.665200872505693
25.607992882839543
25.580955361533622
25.538298830593448
25.373744103142826
25.285183883656934
25.17673851129075
25.156229480228852
25.09634039600416
25.01242956650041
25.000434517256522
24.903041045679075
24.838724233825104
24.801429116336863
24.721794988361072
24.584470477924363
24.560212403215797
24.512808974543425
24.448887383238546
24.338553980127404
24.257059845751538
24.172075636097833
24.14296684922237
23.964925080405003
23.902432948273056
23.836649972565883
23.71715193459767
23.620225131853648
23.501297277252263
23.477069235067837
23.431250302226125
23.37994724608643
23.26046066822694
23.161210607011764
23.084682323328476
22.84328593712205
22.82776906090493
22.530080169653267
22.39724411534493
22.353200658731318
22.270770701425022
22.153500884323552
22.131781655870448
21.727626229268957
21.628567058239316
21.402154521744862
21.254830076797827
21.065796055522753
21.065135910111376
21.031174395913386
20.823889169052197
20.167068805787096
19.93492876200346
19.906006524249833
19.764616528831514
19.72110769270546
19.679796632780583
19.622572025698794
19.372460967301404
19.181527679949873
19.17391580047027
19.07217284198384
19.04990917992372
18.87305915136723
18.45766149182639
18.31989435810922
18.097711619566454
17.979169181085396
17.61523571572367
17.474317152345584
17.351142105911112
16.78553175406315
16.364840107607677
15.971428616458422
15.526389208019424
15.40484708712804
15.315881339614412
15.209718194333453
14.98197465008145
14.898983598266987
14.735138896554705
14.507041832227598
14.463956087098177
14.440914097261976
14.030799023030514
13.148162400684617
13.134848891363621
12.459705308103095
11.900194331701542
11.640639908386019
11.113372611219805
