31.116897730697335
27.775562594514383
26.712558590536094
26.071614798270296
25.139610179953063
23.821026943403005
23.295627783285127
21.212900709830713
21.049339832217854
20.63521923460676
19.230010893051478
19.12456942012454
19.06567129659593
19.012810867923495
18.627178399976323
18.594681125701488
18.28059088942299
18.181580048239024
18.033099472286708
17.61510978443066
17.58845968049586
17.467025658768268
17.15448827454231
16.872301394846687
16.647834016155976
16.592217313965214
16.562204669368025
16.344867025394127
16.294081297391514
16.139094420359275
16.04425240236447
15.892716028354332
15.681785192607455
15.531110988645777
15.335553761278153
15.309524930024606
15.265634580835226
15.167638263360727
15.12179761556247
14.625091137123793
14.607095894286674
14.523910518837377
14.479205543720449
14.207185498492743
14.160547144714426
13.763882785797989
13.599885965042604
13.570814106111264
13.529919852340173
13.359994636650216
13.123220941982428
13.035965181950932
13.016157765982943
13.01012355158428
12.936042553047127
12.780209452255683
12.600422995631737
12.597680406643304
12.357960812845612
12.303048517828822
12.280688864660112
12.144127518004874
12.044519653392383
11.808726206373512
11.755629066307055
11.640507923757164
11.600326617713575
11.596755060371914
11.570406667747847
11.235659509363682
11.215182306639294
11.171450076556468
11.080693420709617
10.979959150183213
10.96122413468405
10.926114997581603
10.874795019541777
10.842714815673684
10.839323205346355
10.836862333324435
10.826081450921091
10.79213122796556
10.725254953564368
10.649093636911134
10.524131432390833
10.494070103150845
10.385091888564862
10.286978562181636
10.270147167542344
10.22486819364759
10.139696880370806
10.084675969503776
10.047818946341996
10.041154663716268
9.996808027755716
9.949277443610612
9.941748539219425
9.92722569027121
9.925606083182759
9.917893567730204
9.903254437109805
9.85950303302079
9.823239595267662
9.781569197711974
9.67580075683641
9.647108306996964
9.589613190894513
9.509776583115716
9.448784019826876
9.432557897807392
9.339987973819255
9.287933935499025
9.28177127474467
9.239517973568654
9.230947591565405
9.18701369176184
9.14056537301032
9.129415435161961
9.071897482742559
8.987744946499337
8.969421054681321
8.948537864651822
8.914710762788918
8.83849252198518
8.831232339530262
8.829896214880995
8.742877138641424
8.74125647809577
8.722660806871298
8.711077735073923
8.69983170823297
8.669410833622395
8.640989483218396
8.636930955804901
8.617197430039052
8.61586474925638
8.601459657316655
8.50229287030853
8.446068418759879
8.398102993667834
8.346634021515715
8.326722073562548
8.300639823410812
8.29298697901678
8.26827891308696
8.258749231052457
8.250344086326372
8.245157338412614
8.234837183094545
8.233324005132218
8.20032275249291
8.196662930005042
8.177299606394843
8.165913364133134
8.150362078540773
8.138106985810222
8.124569735985036
8.10240020321799
8.080718462394765
8.062744262506122
8.016457799241374
7.958053600756615
7.955028154995104
7.9392995918153675
7.935656984501772
7.887386257115615
7.881173930882522
7.856840333903818
7.848379849991271
7.834413427329326
7.830373417885302
7.814428669957709
7.803206250638743
7.755976581428288
7.670322691681048
7.669143084639236
7.639450341877439
7.61689542370902
7.593346081038466
7.571841647179778
7.569152805958763
7.554333212817887
7.5168303891703605
7.51493045893783
7.498575367619997
7.484908728288468
7.465615935267594
7.463925160054462
7.460750844783208
7.455918241195773
7.42906113494217
7.415829463802032
7.400474564070084
7.399235966881467
7.312359874236729
7.284697231567565
7.280802769423056
7.276899389851804
7.261913857152817
7.222882303836588
7.207537806887254
7.198466096105049
7.160153133761551
7.157639779292067
7.15362909125655
7.144269066542269
7.141265257593065
7.12719049552305
7.110072691954083
7.098387086912473
7.040955368494435
7.023152373964397
7.014754550633685
7.00976038608516
6.99612681324301
6.983832943378238
6.978252296773296
6.961963499854794
6.932771613218927
6.913832279486281
6.901200251443636
6.898377529003671
6.8885363662500785
6.854451655633681
6.808218098451352
6.803204289279805
6.794168437462705
6.77802402339916
6.771819421263042
6.741798860751267
6.72532416216789
6.7239432210199475
6.716350633850541
6.705802787897238
6.699204615456292
6.695293444536845
6.689196079795201
6.663442667832504
6.646615053326227
6.642785001148984
6.627568831150519
6.625517160630163
6.619046281478983
6.583502302368866
6.583305207532384
6.568251627519438
6.546679036425241
6.529424581616266
6.521656599157318
6.50877938377033
6.5000435860766625
6.491164720981735
6.482697788377501
6.446995475198897
6.444342778780356
6.424290965555638
6.39456825447088
6.391026403105993
6.381131852246005
6.329439032694543
6.313776498996402
6.3086249972709405
6.302797405914031
6.298708301893624
6.290736616295233
6.281846065436911
6.273363904974438
6.271161381799416
6.26580517933154
6.255668276132682
6.25407435375244
6.2534203369240275
6.232120020406428
6.220469491795217
6.212452681382917
6.207754821061761
6.205121981578472
6.199883137565037
6.191741619773377
6.189131762478942
6.1876651247978955
6.18377614190845
6.177300028226186
6.157749329877037
6.15214690215478
6.130125407278895
6.122054962682488
6.116308273651844
6.111164646629706
6.107722296217136
6.10207164039094
6.100160012795312
6.089141781880425
6.066131664105945
6.060514575463759
6.04016797639314
6.037125302048565
6.032973547627907
6.030274532593062
6.020412147270845
6.013089294803332
6.010469091734434
6.004275609370651
6.0013174988496
5.990442367589215
5.979995256256551
5.971482464906672
5.946697806198652
5.946384810010168
5.942675393866776
5.938902257100304
5.935860301667489
5.918111862345468
5.911482336209009
5.9084690237114765
5.9007422926884425
5.898866977293235
5.8801584314636575
5.87416397973954
5.856670285326748
5.848792523833639
5.836998175952505
5.836733240643425
5.830123038249397
5.823567920391848
5.810319344699932
5.806829343800957
5.805557220292466
5.78093899890863
5.777602794093004
5.773166036443171
5.755232064411429
5.750324521346806
5.7348625344586655
5.731178041314724
5.726865524759008
5.717167841971787
5.715221237680629
5.706769218032229
5.70419000955802
5.700323496264294
5.69820555432699
5.680147564103964
5.677870589615872
5.67285635124016
5.670033850715424
5.667794067841691
5.665229048677838
5.664504724854238
5.659284824736684
5.6511498674880505
5.644607073616297
5.638925142550223
5.633563782663059
5.622869358024395
5.616139677968842
5.598388393280652
5.594097409362011
5.564895388790019
5.564585847953484
5.5624820471779906
5.556317153826274
5.553942074982017
5.545628516749297
5.537852392535255
5.53612839073546
5.5333688590325325
5.529502547762544
5.524577473523602
5.501879192024272
5.492794672592996
5.4911671643074795
5.486914896060811
5.479363298939994
5.474146321012291
5.464275201934431
5.461938574711643
5.458839982568576
5.452818264825403
5.43452930583217
5.422959633506571
5.418969300217115
5.411017739040393
5.400130644770501
5.389594885304466
5.388711487687927
5.386317136116187
5.380629309726586
5.379443557652677
5.371323237916423
5.363171000053424
5.360028815692251
5.349869435660046
5.32860187592515
5.324934681071473
5.315430482265173
5.311988151440041
5.300345050346561
5.298297092587537
5.291409239617654
5.28076000047527
5.277007932343304
5.266753579014483
5.2641933637720495
5.254015293924215
5.248524592545536
5.24601747583531
5.241874622866175
5.2405654524147955
5.236619019383396
5.231555020898983
5.229994607252828
5.221687719809149
5.217006272561422
5.212475283705536
5.208331358788923
5.207195357346962
5.199401681544007
5.197149147591109
5.195130199346428
5.192395309300108
5.183909466679092
5.164386517564558
5.15425336215798
5.148580366559447
5.140475175005388
5.138595202638586
5.134230231883946
5.131638488444237
5.116599138846353
5.113634543703056
5.111337159413343
5.1063291885621735
5.1008816543864475
5.099914185561123
5.098917572423628
5.093642422504538
5.089865406820676
5.086892055986729
5.078603475062668
5.075886641769635
5.068831412940367
5.064074302827016
5.057251725136812
5.054000600437991
5.049565295512667
5.04450347782076
5.040801256530526
5.035592193633905
5.028138223215768
5.022420113730896
5.018092763725694
5.01464266600422
5.013442102864466
5.0090329434660426
5.007974954701488
5.0032231467979775
5.000584055132759
4.996466983739985
4.992743605538234
4.983275012841943
4.980313688168009
4.9762756226656695
4.963834987115827
4.949398044502028
4.947738548899856
4.944883963639968
4.944268508893246
4.943713542841228
4.938095563192514
4.9281626946456525
4.923405390798215
4.919761700044872
4.919014153241794
4.915892068349663
4.90938417488619
4.907698352593936
4.906683896374318
4.90433617017104
4.9022011134468215
4.89626819939786
4.892646672023413
4.8888059939789255
4.885392477055821
4.883769890002378
4.877841321644809
4.877663676001333
4.868397310245397
4.866053180231711
4.8502083257002
4.847242802139384
4.846678164590282
4.845107380358971
4.843225903887829
4.839042015397792
4.83794312037414
4.833679681363359
4.83305072264491
4.831893737166381
4.8294606218371765
4.828559792227423
4.825603501549179
4.823037517530666
4.821948406492377
4.8198153054324555
4.815963725364359
4.815321369093185
4.812724804241615
4.808911973254237
4.805020401586132
4.802695490566936
4.786418155087125
4.776559111167098
4.77337957321698
4.771490633585852
4.768938190838353
4.76585021695063
4.76522963652113
4.762494413227727
4.752836759452602
4.747539784071802
4.746130912691957
4.737240832882233
4.735419987926541
4.733834049080393
4.730546419232302
4.726210658896872
4.719624834216194
4.718754546848794
4.711352407447421
4.7110199546591005
4.695199617506324
4.692966582971185
4.689601689996878
4.6860705673833625
4.684677972582243
4.6828117247706125
4.676002844288655
4.67201614326273
4.667321367759534
4.664079813891271
4.660159415768484
4.658809381818287
4.657699932898701
4.64968748404046
4.645395132792116
4.642867844780598
4.637909408286098
4.635777196803185
4.633810114444912
4.633802316032997
4.6302398094432915
4.6257754196328165
4.624288685197963
4.62197602070281
4.620194910100838
4.616307588423998
4.612833596535116
4.611808204442479
4.5966629713543625
4.594751353763072
4.593700870483433
4.589292145755199
4.583019676306452
4.573866591670603
4.571461138940869
4.5689706919501045
4.562900951602743
4.561080409721609
4.55862712415232
4.553003642380059
4.55148530015099
4.54855653578522
4.544307613306562
4.541885322314004
4.5404473668386
4.537815314260703
4.535306292244497
4.532240533772935
4.528837025996921
4.527741814901573
4.523605383090742
4.514815807584774
4.513403880123688
4.511344240814218
4.5096750763066
4.502926812443993
4.496328423805412
4.4924467621964315
4.488471817864013
4.487646893407051
4.486882639770108
4.485562497358173
4.484112384110248
4.479683534114014
4.470361460475727
4.468403542587886
4.467975114304759
4.464496508872341
4.4628785005399365
4.461034018292845
4.456510265850542
4.453918738230654
4.4484795503579795
4.447815805849457
4.446051923091998
4.445298764471728
4.444270985879068
4.4411842346060135
4.438320379137557
4.434040747109342
4.433367966220135
4.431991387451527
4.426170515075755
4.425531037586456
4.422264798881905
4.419358923684198
4.416101802596067
4.413746256295215
4.411612315851319
4.4070887651075985
4.403884920526049
4.401060207085012
4.398815004655001
4.397223352645167
4.395110513791855
4.393627487133153
4.3916032681799635
4.3910374656869635
4.382534100555892
4.380865848125788
4.379005557112508
4.377323257631819
4.376793538611677
4.37460538178627
4.3679505266568315
4.363173955890505
4.361701427953007
4.359801280439635
4.356465183408682
4.355195124529651
4.351566385449239
4.350380147847289
4.348646607359564
4.344691873318166
4.3440003043661
4.3389850003917285
4.33705807607668
4.335540716220387
4.333190751463664
4.329215568014631
4.328548448943805
4.327328194125261
4.322105089293312
4.316804312528847
4.313096450540433
4.311661758539396
4.309479581810763
4.306912795507119
4.305722685302002
4.304266157474175
4.303117825625121
4.302157573673487
4.292612812817805
4.290201778716059
4.288007400213833
4.285530784481669
4.283796447486703
4.282048020176624
4.278810816780931
4.2769680751631745
4.275538003746191
4.27332200130541
4.270288916854875
4.26842747160162
4.266846272311008
4.266042291226003
4.264873931893106
4.2647284960994005
4.263726459432895
4.262657297862913
4.261656433019656
4.258734637717473
4.258216734273752
4.25675664403395
4.255945283717757
4.25244317062966
4.250986126021687
4.2489068245060615
4.248476689374914
4.2462514401415445
4.244213791818086
4.238398193553498
4.238198255058197
4.231296559438901
4.224883209146278
4.22350331709578
4.218964129078085
4.217781972657466
4.217024287046673
4.216472895635473
4.215405458250063
4.212491939683304
4.210038557861329
4.208145190246565
4.207877852503057
4.201770803591401
4.199671159146943
4.19745890295004
4.196284496837045
4.192773704540022
4.188913247544445
4.186942444396905
4.185596950663635
4.182368121252698
4.180664011836109
4.176910496433752
4.174860030093737
4.168993266537185
4.165906241352635
4.1652628357648664
4.164531935848582
4.162659437460578
4.160226428054155
4.1571228677439755
4.1556617414818255
4.155328905528054
4.153204650334203
4.150216931572217
4.149259308048594
4.147961300368098
4.146149184600954
4.145276623663551
4.14480688002791
4.143147934073411
4.140026242156582
4.139857143676298
4.138425225669067
4.137620822199466
4.134307731735947
4.1330281950749015
4.129541411495803
4.124852752433539
4.124431073889763
4.122655223842278
4.117204016161762
4.116513275433686
4.115555173643262
4.113407886698112
4.113099009034819
4.111091381724858
4.109840981393935
4.107102622906527
4.1027785326364965
4.102303674144673
4.100943533365905
4.096750550682109
4.0950845617819285
4.093127087087962
4.08704222545199
4.081555424030607
4.0757996971775805
4.075114615403021
4.070790000538437
4.068083792767876
4.067871309000979
4.067588020421579
4.062256404265607
4.059857556992434
4.0587980974253695
4.057736789218886
4.056983358550773
4.0530551197508204
4.04868264650153
4.047402654360667
4.0462241104074295
4.043872381909476
4.042131710199088
4.04042608956266
4.039584183103486
4.038657885476698
4.037512139665296
4.030809554736899
4.025414776743755
4.0247245748156315
4.022952047441329
4.022753871126173
4.021247575326772
4.015583889936297
4.0137716075659045
4.011102044764134
4.006811454227548
4.006072879024336
4.0052930350925475
4.004837660732368
4.002828258349743
3.9959019648412766
3.993820469535472
3.9938043225700572
3.9919835213072967
3.9903913964701334
3.9894083561818205
3.9824598689301096
3.9792363126090002
3.9770594571289553
3.976362569399869
3.973005732562791
3.9714677555126006
3.971213596752056
3.9664796063365912
3.9648379362796105
3.9602217634718353
3.95724856758616
3.9556870099145414
3.9538468847595034
3.953091573909574
3.952163729064016
3.9504640668047606
3.946546342755435
3.9463738503173396
3.945462842740917
3.945037228752334
3.9430724924682274
3.940609458122995
3.93752488024344
3.934946430122003
3.933509096187483
3.9328141007642086
3.9317061761143184
3.9297136338495284
3.929540524975212
3.9274223592999724
3.9244245302731127
3.9203352259691884
3.9185762771044623
3.9172124781794926
3.914232223502319
3.9115760844136624
3.911344923254767
3.910146554604002
3.9098527405784966
3.908375541918969
3.907659651336213
3.9067461984337433
3.9063474899211057
3.904085287983402
3.902834168258589
3.9016397572725627
3.8995812039051683
3.897353903251074
3.896903441581684
3.8912803447197213
3.8886985093136883
3.8876354540037195
3.88651620755853
3.8858498943561908
3.8854143762520383
3.881582214712859
3.8797150572395855
3.877467811567159
3.876485261318296
3.873763113287158
3.8729404255689315
3.8712207537398835
3.869735965447196
3.868222567599549
3.8675720500222424
3.8665097623911353
3.8657378730508625
3.864756460106534
3.861923324143213
3.8609887252003148
3.8601412014650816
3.859207084164622
3.8571082707404587
3.856032080016737
3.8554087002050075
3.8521157523811733
3.850502095302318
3.85024003316307
3.846275139048341
3.8451805845210414
3.8432431016829165
3.8412030968974133
3.8389188535017857
3.838652009790329
3.8358701317157933
3.8353349439550763
3.8339054824498935
3.8311331730095377
3.8288519411396327
3.8267430206994018
3.8241339287454323
3.8212611985671074
3.8193828595105552
3.815139509774673
3.806398830999676
3.805746786002539
3.8047756380415243
3.7995786778550067
3.798116997981598
3.7971107657937493
3.7958916395024125
3.79504010358165
3.7923449125007296
3.7908940060352716
3.790168554226137
3.7895581133607537
3.786681403656351
3.786210216161048
3.7852627800827214
3.78435642291973
3.7821858366857772
3.779173734231745
3.7716882176379385
3.770861259608318
3.768628427978893
3.767658190663435
3.7665209528345325
3.763723667318995
3.763283960899932
3.7593118145489544
3.758221292984521
3.757257038672402
3.7566519775802223
3.7555041863286336
3.7540915490494733
3.750960865333576
3.749594652137252
3.749053429862031
3.7429330781113155
3.742375613665716
3.7403944795045576
3.7358028924421376
3.7313474723674904
3.7299547853379735
3.7291670592770934
3.7260538744195077
3.724745201434793
3.724309897369983
3.7232107179197125
3.722862703325431
3.7213026202133217
3.720001933455606
3.718148649844584
3.7168865261799935
3.715772089486274
3.7155862079996846
3.713383143242404
3.7122891519497663
3.710810385118003
3.709398622402514
3.70685760924567
3.704523652767823
3.7026853581508115
3.701884839272245
3.700690187829524
3.69787299820202
3.6960478754529618
3.692067159279038
3.6916030277587653
3.690469148483981
3.69003472896491
3.6890493652064236
3.689025812452075
3.6885576759329797
3.6856093146617357
3.683442924541638
3.682002473309719
3.6818697856322693
3.680423941215921
3.677972033564964
3.6755401373795884
3.673197593231584
3.6716675670898953
3.671549086169143
3.6699112599343557
3.667164367107082
3.6660737973670083
3.66512243219055
3.664273669883999
3.6628501341052173
3.6610922601677514
3.657134279887125
3.654886200180743
3.6543030381042922
3.6534356185029293
3.6532201813028924
3.647069969225238
3.6457467106824444
3.645635527138589
3.6448665065194925
3.6435613084577896
3.642476149161568
3.6409528437504926
3.6391359860451833
3.6385960464696074
3.637811711095709
3.636426354516551
3.6353300637225865
