122.55603947697276
106.28275700779866
98.95022602245326
95.99171338040432
90.13633304166112
88.70827922433982
85.18489988122305
79.17645837014835
78.46008617153178
76.93664018619307
72.66934129994563
65.31339734563379
64.74562014005946
63.42775758762168
62.916113036548445
60.651272470445214
59.65781276631445
58.74737841990217
58.194496779748015
57.399106107875355
56.584839463063645
55.715315749567395
54.680862724972535
54.34387832318838
54.00217977374336
52.96826248164904
52.424504690614654
52.17911421851182
52.07489197456893
51.09933995741086
50.91040118389956
50.78487382152113
50.6368954712821
49.3509360792835
49.08187684442249
48.584291983519485
47.82777009382004
47.564889469407255
47.16072735366903
46.843233547142226
45.863348798539164
45.20626511682955
45.097429905332355
44.792862250093926
44.403562781983986
44.106093935402896
43.89552866322634
43.51828218114411
43.45858868871971
43.208533889884045
42.20826906585285
41.636798212159256
41.50544019948807
41.10200694579206
40.81119266410067
40.091832790460444
40.05360002933412
39.52711131089848
39.36712829243899
39.313309938028326
38.883193764133985
38.6750773689817
38.39322620906081
38.15915945029415
38.02098598577562
37.907045959929775
37.81700458605502
37.72711679195008
37.581853948669696
37.31179569055325
36.687642800263674
36.5462730553525
36.465229811858826
35.93892700988648
35.82748153730763
35.75373434410254
35.68554360082424
35.61644266059826
35.26245834340275
34.94784953687522
34.78763950621476
34.732459840206246
34.66625081078628
34.53833891383367
34.374036259441915
34.099571945277575
34.06447473218041
33.99255360773106
33.58222698803573
33.52158593746323
33.20979400232613
33.15986403924899
33.144576745004265
32.86633177256807
32.66805723056897
32.513260076466295
32.48074166611216
32.371273931752654
32.094426369062596
32.010104430381844
31.935790078546486
31.89734364127974
31.834178718365564
31.799487355493245
31.733193733130747
31.656019382256698
31.596384567410386
31.367131237112957
31.271138719643236
31.09730917350106
30.895102259625506
30.74832080198865
30.601979620136422
30.440153705850943
30.398922275037624
30.37957741956455
29.970414981855942
29.797937116018396
29.68436284956485
29.585457094438052
29.470960052698672
29.372032375825746
29.2096378351412
29.142668417143266
28.959838035937583
28.8725803233789
28.60216230255978
28.467724329746495
28.384870422026147
28.343927736072263
28.17759257733459
27.889852137566095
27.817653551911846
27.63161002041532
27.615616738889837
27.561617419945055
27.498035904012017
27.431076608714665
27.392204420128213
27.208986194086666
27.071563758415206
26.83669487560055
26.82319058585272
26.784805594352836
26.646838475026065
26.415322686906325
26.35688186943722
26.343552558797274
26.281444068123385
26.116978298828684
26.02600221145601
25.925124305769348
25.813931345751307
25.581905476878536
25.547942898819475
25.50637447942249
25.48021844960807
25.43166676592826
25.22812506009235
25.140605679010083
25.097409220189377
24.999501763995404
24.87587603551099
24.79949495994887
24.6498890140283
24.639182163225662
24.506091441509607
24.500103429101404
24.38737479946507
24.329267831575596
24.293042944758447
24.19991843803741
24.15896303272581
24.135946728117755
24.01530696288722
23.81822624274247
23.76476781377991
23.671753421993703
23.584081141019258
23.564955640641948
23.47344491199328
23.35515833104726
23.289933951950648
23.189413535721133
23.156941678489172
23.109741743683156
23.052188591473975
23.01599016764064
22.91423678279483
22.7278007497377
22.657122245613678
22.539209455202837
22.515337070211284
22.463332483820984
22.357456762718932
22.330824127195605
22.26569738463291
22.090492679623853
22.042839671278134
22.020643985745156
22.00598046591861
21.961005821422564
21.91315910288092
21.840048141716636
21.768172642102265
21.694941145206222
21.6235379693787
21.60940210410034
21.584778152372564
21.548103357523317
21.43648951656193
21.411598109641073
21.23171882259192
21.122176058819104
21.044058726589228
20.971553168472436
20.898555656814906
20.87117506558395
20.821382262850474
20.759719439238104
20.717375358103403
20.693043898668932
20.65063167866764
20.63225939020784
20.470250141996086
20.454370846039374
20.432470390484983
20.351509903110202
20.315273189507998
20.241813322743564
20.153109968439896
20.08844262756611
19.853272307344838
19.835518890385025
19.828196408651202
19.735322951036594
19.732606187315604
19.705867957325186
19.64522429940058
19.62020559639144
19.550457893004456
19.502417098320887
19.465174296640374
19.37536395636423
19.366793051070875
19.34632326369897
19.158971241366142
19.09258945415276
19.06283590191463
19.04958638506517
19.038793783484934
18.967838495592407
18.93200297265087
18.86914685193085
18.860369448998604
18.82448926464402
18.817388491588332
18.706586059221294
18.669256392606638
18.655583916293104
18.649582333505908
18.602168322627776
18.539034417236074
18.47346246190152
18.41631622736206
18.300924413246207
18.29103485904309
18.246531831902587
18.216304868450294
18.180356684987164
18.148337509906973
18.11928738136541
18.108795297418645
18.075862043015178
18.056103374751988
18.041703498764846
17.986747649633138
17.97268730284716
17.945299680261954
17.887515895807713
17.858596524982943
17.848254523822042
17.827232836421064
17.768357387072424
17.744152858684895
17.72542130538305
17.67388839401496
17.650438864634577
17.63503962762069
17.603053442175142
17.59569727813695
17.572169863225035
17.550887011783455
17.52191418133564
17.474572421124275
17.363290079973623
17.286478492932233
17.268966745235254
17.23493004673808
17.2173316526344
17.19817803355904
17.175553647912498
17.158653869736042
17.091685400488206
17.02848245045439
17.00543628384441
16.957453217050578
16.950212751578672
16.939032162348905
16.894895537496087
16.874259805328112
16.84126908902006
16.820426623705654
16.799630277546328
16.77096900961037
16.74715763021839
16.69174329539024
16.66746841944447
16.62932248434119
16.617945353828542
16.584180545198915
16.55304674213902
16.503232645117315
16.462328794064057
16.41814664797902
16.399815142498323
16.386513546782332
16.34580006269953
16.332142354043985
16.284919906012195
16.25540142290709
16.191939749841715
16.18024988761364
16.1670038053669
16.15123465809314
16.112552476540912
16.091188907862968
16.055155824204768
16.034923198190818
16.000032110324348
15.97773919074465
15.918778482161027
15.881032887951331
15.870953786349771
15.864387886376349
15.82106763000027
15.7943914000904
15.790429996471879
15.767168938696761
15.72519040434129
15.709266783321196
15.691704405046005
15.663000332490734
15.658272410995414
15.619120191076512
15.539720117231205
15.484109030806625
15.450908716154947
15.397006599902184
15.363427468117443
15.341636256209544
15.337779527644749
15.321139941503736
15.319122050176379
15.288952968542414
15.27870189810793
15.208787538496908
15.133406920614608
15.116338100666432
15.110161014552329
15.092412742760871
15.087727511434672
15.05986470764427
15.052578102368296
14.962231190474998
14.9176513778716
14.851755943283008
14.844071047582524
14.814453404455554
14.79693605864452
14.775122910177966
14.764786655031926
14.751155700372433
14.745632637289296
14.735651334138181
14.674000609476206
14.65248442308928
14.623870158207177
14.58586544247229
14.546504303697754
14.524752809210248
14.511466918064723
14.486293806903353
14.482325049721233
14.445173072749379
14.42251287219962
14.418231225608725
14.3941986053476
14.377732860742062
14.363148786039496
14.332151869692035
14.297414312307449
14.264412792005405
14.25701233054625
14.250142105268223
14.235407012398605
14.213534613649188
14.208805278429756
14.185990687129214
14.139944376926223
14.124052917472948
14.1113061466563
14.104703890346604
14.093236586854308
14.090117098396135
14.067340495711107
14.04430725180192
14.032074943680039
14.02021136670364
14.009150705461268
13.999783440577344
13.992671998126776
13.937328745463187
13.897484657649061
13.89488105117481
13.847333785882087
13.843198796922096
13.785687086117829
13.768009745868424
13.71903786906709
13.681858993923647
13.676101953127088
13.648360538208705
13.633775961610292
13.61180453414534
13.59232178443417
13.572788770364516
13.555848783762727
13.546015689993071
13.51101417117004
13.506303961440453
13.450740001327935
13.425792324705581
13.422309907367817
13.406646985554321
13.39999620075376
13.386776582869155
13.34627104019385
13.342894455878339
13.324119656564136
13.30241057974952
13.279004636833474
13.250694490010485
13.230234436419924
13.17447735406237
13.151072482603599
13.142173737044148
13.103806461011958
13.074786175469038
13.068703589499354
13.051384911362366
13.040929244401639
13.028401194744651
13.00944752564644
12.9753818459943
12.968025642945204
12.943052093821848
12.917493899562755
12.907022870993684
12.901118467384016
12.856579174682931
12.83728360973005
12.828402060373227
12.819959931859916
12.80707260300472
12.77061891477943
12.76651215790288
12.759043185194388
12.732982754140199
12.702253618020096
12.69967299499245
12.690337491093992
12.661223654442317
12.622056154356288
12.603291106931895
12.59361848381219
12.581051320355593
12.552672343796294
12.5242850409513
12.50405889609884
12.460332911953019
12.451600374553946
12.44320107247648
12.43352988372254
12.396754070826255
12.390051479928172
12.374919173815671
12.35536820190672
12.32820447204549
12.304983348929833
12.302459521886842
12.290183377927365
12.271809782056025
12.260076497685612
12.242603181225205
12.233035674588729
12.218569815658563
12.207953529336047
12.20169190214708
12.197743859271709
12.192311211927807
12.171900305481701
12.167046759644387
12.141595724540554
12.134629605402042
12.131769688116972
12.097185331285106
12.086684975014535
12.070842662300121
12.065195246288551
12.052366873098052
12.047353965948268
12.027843195238558
12.018910453350953
12.002823855524952
11.991296857620435
11.957258856259141
11.897726253972966
11.88586113352161
11.876761425157877
11.871874316159332
11.85944680830383
11.851502538702139
11.836940407853582
11.832580625350634
11.820887655909104
11.810485494463899
11.787153868680255
11.784906133556238
11.752219522799964
11.73033988939563
11.72197454695615
11.704909704728575
11.699663470279294
11.692676416963247
11.685757239782772
11.671034153687641
11.664915989459745
11.656109383248966
11.639047391957629
11.633880757811363
11.61178621248718
11.596843591027124
11.587031575709753
11.568855103942838
11.550648872314941
11.537669390387874
11.516992119848837
11.49093059752473
11.482020418250775
11.477047122692696
11.467597791897665
11.452372739054992
11.447160033622232
11.428538948291026
11.416759242190613
11.409945914869958
11.380389088344526
11.365093301501197
11.354633031413988
11.343194933598348
11.327529663127489
11.303952300025177
11.298612963319854
11.289240433270463
11.279107205196265
11.264849066413966
11.259751517082469
11.244036030935698
11.240727285557897
11.232050446578091
11.221945037633066
11.216922196131152
11.208406544142122
11.191661585317098
11.176173163757248
11.169793889342099
11.153278552525032
11.151519367039247
11.144667806907991
11.143802438402581
11.133049515260025
11.114779844303106
11.096334064838933
11.085168239064732
11.075404374139758
11.059780893194633
11.036547414146892
11.019821875978714
11.013941758645522
11.00453323961546
10.9994170821294
10.978799081045128
10.9716639747552
10.96217975742859
10.943877877298123
10.943033750250974
10.938158348091312
10.925007057019798
10.90786738271044
10.901519467934788
10.896138637881297
10.876325625226851
10.86362951436948
10.855736437716665
10.840564334696893
10.815601517520708
10.812857083828895
10.804981039922033
10.802385893403814
10.788807109313568
10.775910017189831
10.770820063634616
10.751278364585414
10.741118709364827
10.735341451885862
10.730758832286257
10.725511773973572
10.716306564224073
10.705534937958394
10.637231246649858
10.631461064049493
10.623476876991989
10.620940562122232
10.61561512896655
10.598640483510522
10.590549691451153
10.579468330214711
10.576135767453911
10.56447354344871
10.558084616600627
10.555313664283522
10.540874790349033
10.533334921596985
10.524575537934682
10.51051404948641
10.507406979776583
10.504707814678197
10.487570140942653
10.4824495497591
10.469784798184476
10.4571371429506
10.447887384675715
10.439570782440027
10.424117749259908
10.394925307303716
10.392962627541934
10.385342411424267
10.379448630776677
10.369935247580003
10.344023056430283
10.334487817184216
10.333199605127943
10.329577951985259
10.315792914652596
10.310786023108337
10.291111334667326
10.285429349918775
10.280872182378157
10.274598794172865
10.262171396531208
10.237683536952789
10.234220702609136
10.224962095065097
10.222226270688648
10.198863449380632
10.182203854747087
10.174783767966193
10.17297031113331
10.160997008436958
10.156928389527227
10.154222659605335
10.147394669103555
10.139281892701083
10.129667846954913
10.11428954471825
10.104754924220945
10.076424204517133
10.067360212873718
10.066201844095982
10.064841821448843
10.050533788739628
10.039051661518474
10.012640929247791
10.007887678374232
10.001274966535451
9.991690608475622
9.977980908104318
9.962790627837194
9.943166492873711
9.916398677804644
9.910388311977867
9.907277179475702
9.892112203456737
9.886885537768451
9.882232107367104
9.874680631561061
9.85729165715425
9.834474407910832
9.83168814907068
9.827839513286557
9.82248348414559
9.819966362097736
9.810608026168556
9.809407111321624
9.806431001120172
9.798653266504907
9.789808936241517
9.779865584023003
9.769441736177075
9.762926569418006
9.744959649754314
9.721506892732815
9.714793606703925
9.705404254898832
9.700383566291784
9.691561335850201
9.686901202788473
9.677349530718365
9.675868669312864
9.6673532984629
9.665038767198965
9.662067780239703
9.643495612159454
9.638258825559106
9.629032872373307
9.583683011667208
9.577087625716272
9.56570228668968
9.561568494649224
9.54563844344731
9.52862742577289
9.514060239047321
9.50434012953573
9.49935292236141
9.494038075121955
9.481615810081195
9.479208599389379
9.477113454857907
9.473900274323492
9.466075507728924
9.464565479562909
9.45333066746162
9.444125639401694
9.429513565892265
9.418822609922259
9.41456788487262
9.410522236189768
9.404404887542947
9.399267159287096
9.391031798715654
9.383572977643352
9.367153650374824
9.360020026119647
9.355014133578237
9.35403090962003
9.337684461356215
9.321800080492705
9.317533060921313
9.313059786125743
9.31066856406178
9.307545476951198
9.304011098883198
9.293974448474664
9.275457073157854
9.272269724901351
9.266523902011258
9.257253334205695
9.251598716041013
9.244674462456631
9.239865630194997
9.233323354790151
9.229234721830368
9.221690725480538
9.190689108157784
9.185283862476686
9.17609877554914
9.170413418613606
9.167599331363698
9.158038543365462
9.150537766922858
9.143546782206602
9.13825079259994
9.129086160196497
9.126967819081125
9.11779486288325
9.10220419400316
9.0920526957593
9.091529390681865
9.082744510193935
9.078569511160538
9.067708842206107
9.062403697138981
9.059010380392458
9.051415987169731
9.046535943438458
9.033658651335514
9.020236014273966
9.019565631411796
9.00784845012156
8.997750172738696
8.993653360628482
8.98863016943892
8.983303680721637
8.979181275408827
8.973174963173234
8.960340017360824
8.943477602161382
8.937044661720503
8.932377506255847
8.928397572485675
8.914481405058467
8.91050764102681
8.90306076342852
8.898499796396015
8.885704572976834
8.880009670597346
8.858315494566721
8.848194696809308
8.828752443969469
8.823654335967591
8.81975549758127
8.813306665943587
8.805214237164426
8.801561997587358
8.79618974284913
8.79080048378085
8.78551148097724
8.7749782936236
8.772082469842985
8.756466226386705
8.752285244039598
8.748175744489425
8.73970817797774
8.733220632195287
8.727415810524757
8.725244925066315
8.716282042817301
8.710663111135586
8.70918552542829
8.69984189686166
8.692733608988322
8.689781630937585
8.678693701668886
8.676472652826755
8.665398039907851
8.664184723321497
8.655923004837577
8.649060661934607
8.64743908828163
8.635200486423596
8.621264894395003
8.611962692961905
8.608457087550367
8.605597639163348
8.60187905807544
8.598705702972259
8.591769836515736
8.587458832658992
8.582404929606824
8.577347693773945
8.574196900294067
8.56350463402125
8.559703399616074
8.556086215597523
8.544688698450644
8.536855245321211
8.52995046212854
8.520602713572147
8.519189495803824
8.515901930082793
8.513602801417036
8.503193887218028
8.50040955940968
8.497067047531925
8.491894103644904
8.485766522477846
8.450547300515634
8.44528504653453
8.44198837671628
8.435161049911509
8.429739472058952
8.425567861173505
8.422837829920075
8.419060644413591
8.415794808929686
8.4120266164249
8.407718009490534
8.400815120874467
8.391160704771645
8.388809792609052
8.38209813643362
8.378143947727947
8.367440374242928
8.362014760757774
8.35966240607225
8.351724907866808
8.350096045885866
8.338530346214162
8.33634945164084
8.332949372731706
8.331431612118024
8.326724988202876
8.325485977153765
8.305197847770991
8.302422380326567
8.299432276967895
8.296185791705692
8.269965917200464
8.247441377464837
8.239786452126518
8.218587395026942
8.212882377332186
8.212363653076972
8.211070231308844
8.204083718738458
8.196139509608834
8.19288231320995
8.181071180965457
8.175505949741174
8.168583623003373
8.163629375670912
8.158483916882192
8.151558619235358
8.148193646114622
8.144472706390932
8.133466197511245
8.13079542188911
8.11443407382047
8.107228607133562
8.10142085689463
8.100202510192318
8.092958280518937
8.088139257105446
8.075772423808628
8.065923318723996
8.064216095046207
8.055405845953604
8.040795719842261
8.030109264175627
8.010934893154538
8.000527161112675
7.99924641695277
7.994692494794931
7.988011206016089
7.976974852667947
7.970554071375759
7.965791423897724
7.9601733154582925
7.950627893220288
7.944669272887887
7.930522904584972
7.917291473946221
7.911677510702746
7.904887074707196
7.897966366268407
7.89619933843925
7.888833301820368
7.882019860942546
7.87801899108361
7.874213179147639
7.868614416636247
7.854039791021256
7.849763748008569
7.843663172606101
7.835680105677379
7.83024052046741
7.828685450515605
7.819055420404136
7.813673782931887
7.81090430784227
7.803683708868978
7.802375803741012
7.794605008870144
7.792567196139445
7.784485201037631
7.78404519060285
7.778623224145415
7.776413560242217
7.766265784710297
7.763535661974523
7.760110284774252
7.7545268500815325
7.742936145408744
7.74050723998008
7.73217542236121
7.7271439578620535
7.71888498736258
7.707732622173879
7.704858204538485
7.6937532850942185
7.69130649287141
7.689559796100325
7.685381537347113
7.681571502355353
7.679389935556286
7.669678712807781
7.66762025246673
7.6636602070627
7.659455605932456
7.654923167005198
7.650669733122313
7.642353842160933
7.6295150511378225
7.625689185547916
7.614594502167297
7.603638648741125
7.599727808922823
7.586960110193511
7.58117691001652
7.580536771525424
7.570768178873865
7.563567168228641
7.559667835446653
7.555579842337325
7.547256458474319
7.526854297021473
7.525382225478518
7.508342260871985
7.503778298566413
7.493205806175239
7.490470280230399
7.487461332009479
7.479669165028496
7.475336444441391
7.471599675469561
7.462204393678086
7.455612032994418
7.448849486070261
7.445950409486908
7.44112259219013
7.4324954372854055
7.428945943285191
7.428903189180293
7.428525062007129
7.418607195135497
7.409254172946396
7.4064792826984
7.3948509962949345
7.3922922564188145
7.385796050662698
7.363035224541361
7.3527990708834485
7.347041886245833
7.342844850211324
7.341437955378831
7.3329305077493325
7.323962951517024
7.3153486461124135
7.312903712717931
7.3092095590733805
7.30468570463658
7.301959200324013
7.282252783546139
7.278164520769373
7.272450608713407
7.265687149148954
7.260983165243239
7.257860112826824
7.246082953083847
7.241011509395512
7.237234432093805
7.2340630414777065
7.233261376243636
7.228241200003291
7.226194882463151
7.224757927672756
7.2209792768178875
7.217209510810664
7.212159254615346
7.207672962525313
7.204833461974104
7.195883375466238
7.180631337593937
7.16826375989963
7.160275839886575
7.156010976879412
7.1511043064266735
7.134819370269634
7.127741868092159
7.12274055150589
7.118751685616722
7.111510720840384
7.108242551487348
7.099745953979095
7.093871064317722
7.093395892821834
7.091088033831168
7.089027158702019
7.084994322593033
7.0793829161134285
7.075571753467058
7.072541897433785
7.070051438528318
7.066538976205394
7.059066313036863
7.055708761034056
7.045768514674745
7.040490152725893
7.038157739211405
7.037231803424856
7.030484696901659
7.02032624487141
7.017064714684474
7.01437306907918
7.009723797602546
7.008541721877755
7.003961451624166
6.999360585559877
6.991931597875864
6.979553508203001
6.97827662241378
6.971669588647595
6.96919948253448
6.962479808846003
6.961423914247761
6.943719746482802
6.939139856438714
6.934167280804636
6.930198311693477
6.9243274648545965
6.914298965921182
6.911441216818785
6.895447162025996
6.888218965203899
6.885147079406351
6.882789501246653
6.871361421619116
6.868103632748159
6.865336315783756
6.856317793108027
6.850628188316569
6.837769542784153
6.834588239107881
6.8310691235812575
6.82526134997572
6.819302481845785
6.817080367154462
6.814671753001923
6.811841660226466
6.804184071917812
6.799085276390687
6.796389171527348
6.791101167387252
6.784937131089674
6.783109449645729
6.777926880491527
6.77622127941649
6.772693597346137
6.768961285749009
6.762008843765943
6.7590120402346265
6.75530444015945
6.753335512519249
6.749596947523773
6.747415303622704
6.74686509358625
6.741391888565046
6.7395558307740595
6.737392583134078
6.728903097265206
6.723691873344582
6.72255216487343
6.719381051545236
6.714660549174197
6.711087015972216
6.709392643895398
6.702279170866585
6.700339479138452
6.69910044092932
6.693709179592726
6.688463687140574
6.68747362150432
6.675429426750088
6.66647543161815
6.664457364661825
6.660352586489443
6.656526633038746
6.646152610479985
6.640718433388957
6.635856102227294
6.6343269758935834
6.630761492053985
6.6218280396771725
6.614942847637898
6.605878641095394
6.595574851601158
6.592887856760577
6.5827463219049225
6.57630376526677
6.569842379739956
6.56649191370054
6.549848706245399
6.5485431005747206
6.5435651259253405
6.53916674878953
6.527442636704956
6.526413902080024
6.5238400854748
6.522546773082753
6.517294901062277
6.511886018143122
6.508273227115024
6.4991103220939
6.493420553253006
6.491830212376666
6.489936161605488
6.4870754901514776
6.48144526891328
6.478901913232351
6.477255528697375
6.475191261171835
6.469792538901663
6.456166322055432
6.453564381549249
6.452557380447882
6.451549034315787
6.4401272567759555
6.436536763945544
6.435700628364555
6.4197246999107
6.4086286438371465
6.400810417238341
6.397178350214558
6.393394220386934
6.382608219235432
6.381888767763963
6.3770672389883885
6.372183668347648
6.371991791900028
6.3665092989997465
6.36240466038658
6.361869518599355
6.359162418289614
6.35780393181011
6.3551327803346425
6.347118147922984
6.341168618668108
6.337634003047947
6.334963380588472
6.333286773902667
6.3272734765313805
6.325346231590487
6.313320341640211
6.31180860323905
6.305375248101408
6.298809260611704
6.2975304540124055
6.288161084674594
6.286854306772747
6.282643956351226
6.277454250247911
6.272369182663626
6.266652007205503
6.253480277470398
6.25142744697513
6.248417121993549
6.24457424451591
6.239750320743098
6.237989917597851
6.233593340564356
6.2313953511673015
6.223672533043776
6.217713568634468
6.216076536356104
6.208881325202041
6.206885104397401
6.2039491398137985
6.199391826536925
6.191083318500285
6.189989055432558
6.1863313690218105
6.177043058035647
6.1688999228268555
6.161812890526085
6.160369856292105
6.156800502638969
6.154760326379664
6.1487769199923425
6.147284714925305
6.138385794118769
6.1383555978507
6.13241428281042
6.130783022968238
6.129612864724247
6.125970367604553
6.114263472244729
6.109806560420062
6.108226265847013
6.101086672302245
6.096427913270438
6.093437883189694
6.093160714310656
6.092102784740835
6.08866554400083
6.08760319446747
6.086209385220791
6.084551387247206
6.077841647899028
6.0749392707940935
6.063243055014407
6.061496763974695
6.054985161834011
6.0475648992929365
6.044983698753829
6.0435646381454635
6.040306215508116
6.032125631555602
6.027234587571197
6.020748162642833
6.007252239992084
6.002134193556977
5.993607915363372
5.993228492808469
5.989505814645803
5.9882896995814265
5.986975179030346
5.9795389374257955
5.977669197909752
5.972062642163235
5.963828649958006
5.953986363541237
5.9483319876590715
5.935484575017708
5.934547957344541
5.927722911275178
5.922227696106852
5.91982333808636
5.919584421900187
5.915600725451234
5.90812106935899
5.901072887211967
5.898044528307008
5.893951416942822
5.88757645807059
5.884273734872244
5.883358215962293
5.8813547036978315
5.879630417534352
5.87218498855269
5.87054071136101
5.869361756791348
5.867236502077721
5.863293374400281
5.858130376226841
5.854273819694074
5.848408502431371
5.845065114502203
5.843230622223275
5.838388623829045
5.8321735462516076
5.828777676160211
5.827515797627021
5.8230089429567755
5.810130299494074
5.808375522314733
5.799109209046183
5.797537731784567
5.787452401146674
5.77654725993383
5.775598090897655
5.7750332086638565
5.771974844964194
5.770522803321863
5.7663990801950105
5.756856559608364
5.754095876120633
5.752983947839114
5.750188760107614
5.749230563658828
5.744546335788347
5.7390154736140495
5.736457674079946
5.730580295706251
5.724846966395662
5.724313021751589
5.720840947285042
5.713507964456059
5.712639673032098
5.711587598437567
5.704980548824978
5.650498613104757
5.644620020711265
5.643564605882046
5.639471169379466
5.636389740080612
5.63588495299976
5.634789235546289
5.632225976707449
5.6314928490938945
5.630461104652098
5.628928537809775
5.621441574535431
5.615131565017867
5.610805559926849
5.60974108402042
5.608338638863407
5.6032711349615685
5.595341808320784
5.591856915600959
5.587886889504014
5.578645883464268
5.573851433759847
5.570640610436746
5.56809184201558
5.565688952949543
5.561396392967987
5.558569879766872
5.555719966711124
5.554691565420651
5.5530214342202715
5.549562732365455
5.546347663200365
5.545141216463389
5.542883718544389
5.5387886196826175
5.538351980370307
5.53486930527727
5.531159288887509
5.521621730302398
5.520094104726454
5.518397215471667
5.5149388995651245
5.509769528995383
5.507653178903398
5.505983842685922
5.501786899047194
5.497356852453235
5.495085414211782
5.493832399435182
5.488917775666098
5.482794142946884
5.480873529558525
5.476210259473086
5.464543575809305
5.461683188147104
5.460584853924395
5.45599001553876
5.452718389884044
5.449370754715305
5.44610980851726
5.442618698558685
5.439551166637321
5.438787081275678
5.436675270788959
5.4330632442059885
5.4312099706256705
5.42249390328319
5.418129640279816
5.411175001496061
5.4059603849557565
5.405332719969302
5.401587078924671
5.401287444325473
5.397052968291406
5.395032943023226
5.390120574688941
5.3832953235497225
5.378635756139583
5.37628847590202
5.374872082788327
5.370936060409727
5.36922128088367
5.366043416941757
5.365452839507145
5.358209329630796
5.3544836521712185
5.350281446847442
5.339800685120778
5.336916456423512
5.335016485887156
5.3296896972565335
5.324803477458048
5.323626825316293
5.321865804131494
5.319514055164927
5.3127114762082295
5.303694229001178
5.289769483255399
5.285428865226536
5.283311087940234
5.27897582146282
5.274236652306586
5.272444954857568
5.2698521436382695
5.26489485770187
5.258927794794625
5.258130172587942
5.25389428688743
5.252660122184856
5.250784685969348
5.248680089397777
5.241143985657533
5.239458328526875
5.233599790244672
5.22791030365688
5.225233937155409
5.222045984256364
5.217385004091367
5.210454898340933
5.210106058625224
5.206923950660171
5.206051002513103
5.202707386181027
5.19924958207615
5.195132074592669
5.192908462422231
5.176478026886094
5.172963870089888
5.171360401430272
5.159283299930904
5.15383992558257
5.152460958299001
5.151323582999943
5.14133910846009
5.1277274384175975
5.12642664784281
5.12558812405284
5.120919433229997
5.118942321964104
5.117517627498538
5.113918668711106
5.113186874089273
5.110582661937506
5.106404370737488
5.101320636615763
5.096621718561553
5.095441195956724
5.092033944027596
5.0916044168896155
5.089856595702588
5.086159140921691
5.082314182057384
5.072609938784207
5.070321134759575
5.069156398910791
5.068713933487271
5.067962029370308
5.066986054152568
5.06450539117491
5.063988239835842
5.05996321467753
5.053713188654396
5.051638104220338
5.049828711089344
5.048663976648948
5.0474919903257565
5.0286258180306325
5.026557082529546
5.0208250708980335
5.017540671175198
5.015541227002274
5.01469758768337
5.0047085426056945
4.996533036145059
4.992693083600345
4.984469824887362
4.9819344051164896
4.9804497500272955
4.975496333869371
4.968756341202758
4.9645957829308
4.956929177464732
4.949734045951556
4.938394610012172
4.934744759199434
4.932014367587807
4.930346129979836
4.917835853302401
4.908635987226561
4.9067096615141645
4.899192798125733
4.894472779275412
4.888245662870677
4.884522775575633
4.881874960010167
4.8778169438724195
4.8770006773176595
4.8751187306196115
4.872661715563459
4.871936691171876
4.869409406216252
4.869042686445862
4.867854897270579
4.866723165489359
4.865271070368065
4.862731713183435
4.86253806864361
4.861569852760735
4.85249650559678
4.843284903393271
4.833543951331126
4.831018713784713
4.82247269082589
4.817689539721927
4.808522007740896
4.806869672287123
4.805693567821687
4.805012846226249
4.794247229708521
4.790810576584752
4.78551902113656
4.781139890462403
4.7796168892512325
4.776466504047616
4.775348831102904
4.773483391533252
4.771372303907833
4.768328914690928
4.7664560940634315
4.765618699907914
4.764543709139223
4.760012666353648
4.7555973615666165
4.747106352357713
4.742875388945304
4.739115375867592
4.735131774323504
4.7340376044042385
4.732216674072935
4.728438611166068
4.727860976125153
4.726533668989508
4.7247732732533985
4.7180107019508695
4.716113995143741
4.707319276144622
4.701550281546552
4.7011581004948875
4.700381731340949
4.699469748488722
4.695702644540085
4.692401783991902
4.6907025995431635
4.688672179023363
4.686979255907683
4.681681859434176
4.68125058775025
4.678615002429829
4.675859558131716
4.675307319541506
4.673574808065781
4.668733545634613
4.6641433633957625
4.660757904047157
4.659755469165752
4.6575290880566325
4.654892676110227
4.650618855605027
4.634186174840945
4.632946909946643
4.625281959019181
4.618338530307455
4.6141919722006834
4.6110319470849435
4.608110953122971
4.6036524135144745
4.603619823456007
4.601793575089205
4.599611812359806
4.596173534599291
4.589946383121504
4.588098031844272
4.584330664434772
4.583648407934858
4.574726754601336
4.5743937855398356
4.57013470979589
4.569653264185027
4.568518500743699
4.564873810022379
4.563756688042444
4.563321664310178
4.5627865808140955
4.560703359813256
4.558562119315577
4.557130926641211
4.552196921088051
4.546511425070956
4.545239613673285
4.543816531168207
4.541316939816254
4.537569744099218
4.535076724379928
4.5336846280020655
4.5328751544410855
4.531121936867089
4.53037673233677
4.526409244053474
4.52441930112467
4.522298695943516
4.519761520288805
4.515108042107124
4.512369659676222
4.510413245964224
4.503127776874732
4.489604490596515
4.487737397898723
4.4825879203071635
4.477768380046808
4.467044767062621
4.466737546789136
4.462591336693942
4.4592365617786465
4.458037936752442
4.454386793991195
4.453288350510017
4.45269795672846
4.450389530695147
4.444987810232849
4.4442486867024185
4.442005134952565
4.434465293011061
4.430210565771135
4.41406574435929
4.409240971995736
4.408678948125931
4.407792659830807
4.4062372854590635
4.400750665519562
4.399575268695333
4.395851161119478
4.392914547965992
4.377634241328006
4.3728318524448415
4.370878072775049
4.367470624373807
4.365753034938136
4.364811862691968
4.36116354495728
4.360804457492141
4.360222039896927
4.358683538646816
4.357060204583432
4.355676064980969
4.353303200958311
4.352669191970311
4.347568306024575
4.344500271843238
4.344066432405504
4.340551317411792
4.3393782697710215
4.337080273066781
4.336810757325674
4.335442476372689
4.333486710361724
4.331500197873915
4.329607099239694
4.326943180222604
4.320330473050987
4.318967114248018
4.318597366106688
4.316934609221943
4.315533585644898
4.312828200930645
4.306443787831987
4.305061036996059
4.300284412407011
4.292253493673167
4.2887819184605815
4.285382072083842
4.283145047628077
4.280571071575429
4.271784106389053
4.267273856630934
4.26707434017681
4.259799260830465
4.253485196508828
4.251274783785747
4.248378404937281
4.236940259465751
4.232628599764681
4.231048940736883
4.228263743494571
4.226430028762252
4.224352824841463
4.224271018787324
4.221397986388084
4.220830904968096
4.219760914475971
4.216550124763678
4.2150422540131505
4.2146770663540725
4.212421557090979
4.206478949376232
4.205950381563264
4.201911235286363
4.195490223746971
4.195178534042372
4.191978681446129
4.188862030962411
4.188007950762996
4.184741718178924
4.1821969693964895
4.180916056758831
4.173818728317733
4.1673839445244125
4.162611677249356
4.150767667256097
4.150307055473267
4.147962044852859
4.146631603345148
4.144946334645253
4.142983867747142
4.12545466565565
4.1221975318880775
4.120852475339645
4.118262043154347
4.113253669030941
4.10896442128051
4.107999845165707
4.104131740568365
4.101724825629363
4.099592850250008
4.097093980912094
4.095504310279034
4.094161515628587
4.092161293764519
4.090844219754999
4.0904150359813425
4.088823942912727
4.082715019249457
4.077843830710187
4.0751980347606915
4.072290003615848
4.067393288089184
4.066773194874953
4.059995286431219
4.059146558575404
4.056802037432538
4.051720189377861
4.050239795633317
4.049939756853877
4.046510791987879
4.026190357198972
4.016310038667237
4.014980369032299
4.014286837262129
4.0129005208357915
4.011724692827982
4.002915104518602
3.9986220510468296
3.9923561004744355
3.9917802733931427
3.988968208770809
3.988720035881634
3.987859048453604
3.9854973481431277
3.98332136189652
3.980672852113129
3.9794117420369175
3.9762884000202363
3.973671608834033
3.9730553491207705
3.972663399311327
3.970754894990935
3.9684165372171267
3.964482334119766
3.9628485130949325
3.9615942575058556
3.9595665933051953
3.958517891816819
3.9576562493030116
3.956530688297999
3.9542742939975724
3.952545668177898
3.9493442650307213
3.9482461212833475
3.946679708031332
3.943182177357952
3.9402818587454798
3.93862951442962
3.937037947813753
3.9332148881428157
3.930884726137172
3.927103710186321
3.9220685773902666
3.91546034260286
3.9128678413495233
3.910869317127835
3.909497955481255
3.9057566381884854
3.9003839351579983
3.8907974674483956
3.888629714140361
3.877996924774378
3.8755350501558175
3.873406324734617
3.868828137814827
3.867492677461164
3.864520143246659
3.8625606493148714
3.862145063793141
3.8619023580230847
3.860692157995457
3.8574848240467374
3.856138723049881
3.855440304601098
3.854294827168987
3.8532880160211795
3.85066760950479
3.850375814478916
3.8495369201044145
3.8492605503611257
3.8451682617824496
3.8438561038288572
3.8417780700531488
3.8403136654402723
3.8361370757344226
3.82683577658763
3.8230409402526098
3.822564737166061
3.819159524291641
3.818752589607588
3.8174872916392233
3.8169195135041516
3.8156122625010807
3.808625646893205
3.807504805073352
3.803961038339421
3.801893678835481
3.799186676084142
3.798801855104146
3.796724774151084
3.7938337600596843
3.791391698201782
3.790244397856127
3.7879901759742993
3.783781624828083
3.7700766881342713
3.766718129606208
3.7645999376109813
3.7582946612690513
3.7509451976966326
3.7470521721741474
3.7455594908290664
3.7450372956455986
3.737279270653287
3.7329343598690734
3.7319219451271395
3.731243666483387
3.7283251936607043
3.7275772733228423
3.7273147252553014
3.724972671353768
3.7241960002733445
3.7234704785383705
3.721591549885353
3.721433367626436
3.721255174303957
3.719565967406442
3.7185189875164992
3.717763740553644
3.7173349572493986
3.7152086176824826
3.712117672220569
3.7107970649249196
3.7103080981588903
3.708522041652962
3.705815006651397
3.7051046107150523
3.7045197702294184
3.6993916000473988
3.697350449534901
3.6964941245650613
3.6929965241976452
3.692590922424299
3.6915220929238184
3.690854774662089
3.6842980763393958
3.6839561548346755
3.68294179155989
3.6820317234965043
3.6798679075175085
3.6763622384648333
3.6729226402750594
3.668740669368463
3.664010899796886
3.661533495331155
3.657202751848927
3.6528364292652316
3.648090811407633
3.6441136390891145
3.6378173341096605
3.6341977206019505
3.6340606491555976
3.6326215349961446
3.6206333271163382
3.6139943305271753
3.6108160532497218
3.6103925219812627
3.607230672189024
3.6039680511508427
3.60089311474085
3.5982844672975314
3.5971446273368195
3.595583597222357
3.595516925367286
3.595121125433209
3.5925877368795978
3.590287900386846
3.5901143829755773
3.588594489890469
3.5840535792547144
3.5835835739063593
3.583301765430344
3.5809760897235217
3.5801958662276947
3.578842703932773
3.5769713693197196
3.5762949286399746
3.5758456056670935
3.5748890003083544
3.5744595800883245
3.5725918467440643
3.5721542650889524
3.5706097716696497
3.570287144796807
3.5698648962568034
3.5687045775304274
3.567686661930003
3.5656681870882543
3.5635920975788005
3.5612875312839196
3.5607243364006234
3.5586401781297616
3.5580620555881315
3.557829718010212
3.5532374643056217
3.5499303972130773
3.5497030130895872
3.5491502142959814
3.5464881338132352
3.543048822396491
3.5386015039823246
3.537022230758978
3.5362329594078146
3.5290597522395553
3.5263401977525977
3.5184045696451003
3.510793349868226
3.5094173347344775
3.5093320230643457
3.491236469322703
3.4910100475424457
3.4895433449841224
3.48830435220991
3.487153047524553
3.4837572998855717
3.483289503228948
3.4807139402887532
3.478898491957114
3.475266962700148
3.473607058388377
3.4712996441206596
3.4676850375400274
3.4667613127960326
3.4588301042519722
3.455888422088776
3.454156587380648
3.4526931608254245
3.4521312901782473
3.4506495137709843
3.4503064661067673
3.4490862181851414
3.447253439842294
3.446323201855123
3.4461448130906445
3.445491763569575
3.4445899855069397
3.444177355502349
3.4431251989476963
3.4413115903292697
3.440235368224395
3.440013472017127
3.4382874837641713
3.437216347727144
3.4341005679057135
3.433419364924594
3.431770687260461
3.431203156107174
3.4302870439256146
3.4291851779128093
3.4253596762061345
3.4224468681752307
3.4211361488061107
3.4159738695981323
3.41301812509752
3.4127271987706713
3.411907396889849
3.4117244515624554
3.407898354796395
3.4048966273796957
3.402495748571148
3.400140260710866
3.3956215755456194
3.3929166476793156
3.391980202603445
3.3897109324652535
3.3876072194233195
3.383927344581615
3.3831379020964687
3.362610991407039
3.3625380980968447
3.360096140915216
3.3572732839392443
3.3514490830023105
3.3466473279719735
3.317804114224435
3.3117575178525875
3.308064898268811
3.3056893772587537
3.3052781430331217
3.3043822971242025
3.3041529821704234
3.3037848555437384
3.303417858581716
3.300935025653232
3.3002429574818364
3.2995796407106472
3.298299894024261
3.2979016302426647
3.2976172744634273
3.2973961416413244
3.2969450213772795
3.293604297687265
3.2933481696226146
3.292911652538221
3.29240769165567
3.291375299376655
3.2903759168374638
3.290255665876274
3.2877228415714064
3.2867789409494605
3.28651321810804
3.285598743379565
3.278501200257951
3.2781263058133985
3.276132151275411
3.2727663619286362
3.27151774693901
3.2684903082420713
3.2663123345611056
3.265521466803653
3.257172365970992
3.255795282757864
3.2543616682600884
3.253121970772072
3.252757321118833
3.2443387239322012
3.241890362585607
3.2395899858942614
3.228638724017188
3.2270716603168483
3.2128471391433227
3.212644457340279
3.2086592700157577
3.194581877686864
3.1920818439503487
3.1885098839288477
3.187546302329666
3.1850586923282815
3.1735276080910646
3.1561758856682918
3.155759304228193
3.1556369235260022
3.1540548460397946
3.1533740683366864
3.1524348248538985
3.1519922979057884
3.151240854015457
3.1504453925959006
3.1501332814691865
3.1485232027671706
3.1473980758207327
3.146625944511836
3.1464408635194396
3.1442624218245654
3.1432884791808395
3.142632083621354
3.142341061730224
3.1419728606166974
3.141648410328894
3.1414086399511163
3.1401499537971853
3.134178467391359
3.1319446540957947
3.130984762867564
3.1281392490451654
3.12785317431179
3.1272499006849936
3.123838858394242
3.1233666997080447
3.1214406761562885
3.1210509523274013
3.1191762733700705
3.1170615875495855
3.112005010817812
3.10702112405112
3.0962344434161175
3.0921615955565898
3.0915786578890527
3.0902382322348374
3.0840369913638757
3.0708174901932845
3.064838536369756
3.0502815833520396
3.0391500851019075
3.035610935781227
3.0282022424373585
3.023887103229007
3.0082927570020215
3.0069165824684907
3.0033735806851727
2.998880236616135
2.996910527214797
2.9966100822666877
2.996358737644316
2.996160402364197
2.9941284901293583
2.993565910741299
2.993434067549328
2.9922715123670143
2.9922330176225445
2.991300174244297
2.9906572077250626
2.98803834935763
2.987672353240477
2.9869080725853943
2.9865919927011757
2.985099240810924
2.9836347412660706
2.982866064662496
2.9827926397761306
2.9809604127569442
2.980745302844037
2.979834804081626
2.9797769605116717
2.9795670014795514
2.9791103309357228
2.978960304975089
2.9786067160631275
2.978037141274164
2.975983588075755
2.9733352596797786
2.971183564228546
2.970142978387965
2.9689440125650317
2.968056324466142
2.967165329904327
2.9667092674468494
2.9659512344381183
2.965538158458062
2.9647588953064243
2.9631099138891654
2.9629165649939457
2.962076928754119
2.961553211760205
2.961053773891471
2.9607996879787404
2.958768177580156
2.955253559115595
2.954080998028733
2.950856325931302
2.950527487140924
2.9498964580171316
2.946872525335941
2.9423545253354364
2.9408664337965
2.936509499161329
2.9353256581021943
2.9329391125517392
2.93264769132923
2.924047733446942
2.9217231031205393
2.9202793618645506
2.9171826009285984
2.914904366710671
2.8998971143158836
2.8988396362738036
2.895016464825035
2.8914128370484637
2.888452824809412
2.876846302781508
2.8758945430187177
2.8735996644256607
2.8723155194346575
2.8717536990240355
2.8575827701805143
2.8549052254307785
2.8426581956192223
2.84237891895419
2.833745027454614
2.8246268973263824
2.8240603173518433
2.823532698963204
2.8227679766149034
2.822560544347253
2.8210531791525946
2.8191708123176804
2.8142554531418593
2.813901333010793
2.812213233465034
2.8115408501581314
2.8112748708156254
2.8109564320876976
2.810323898915512
2.8100248477346765
2.808402127789694
2.807884146194107
2.807750878121484
2.8068086313756844
2.805440894051434
2.8047722244447892
2.8043395851255504
2.8034643278831357
2.8027251740130463
2.801395194036067
2.8009050924885663
2.8006510833523084
2.8003081112003905
2.799229183532546
2.7983540499328385
2.798086770702226
2.795753948430385
2.7942741784786382
2.792361931797801
2.790176333712316
2.790162016565736
2.78996460520374
2.788271251182329
2.7793506782306765
2.777632142755066
2.7774472014476332
2.7760282347179466
2.7717931025526426
2.7713533146554954
2.768936072037267
2.7649703150727776
2.7647435714979682
2.7623921893471612
2.7536928828114777
2.750672002999122
2.7472937500398493
2.7451526869976877
2.7372624004536164
2.7310063241407594
2.730871070852022
2.7209580057078417
2.6932703125889024
2.691181916432987
2.687725275781397
2.6707594365700147
2.64411280798951
2.643844227789362
2.643486364914907
2.642804681906735
2.6418424760347707
2.641651585468398
2.6414793263731697
2.6412862149573564
2.6410124745269385
2.640799955532326
2.640536221296473
2.640058236262179
2.6392782945709303
2.638920536447127
2.638641240746244
2.6383403858632906
2.638272537294172
2.6378428506068823
2.6370851705772287
2.6367094164873572
2.635739879349227
2.6352712762683597
2.6352202559208835
2.635109545453451
2.634576985097601
2.6335769535233435
2.6333586558136766
2.633075354471427
2.6313064120860123
2.630500230511211
2.6296080677460787
2.6295652921302732
2.629399031709885
2.6284358227046907
2.627910766551456
2.6272429253965996
2.627050562084266
2.6268430420068385
2.6267055195947644
2.6265172490187028
2.6254287275860246
2.624392991492114
2.6236526564397815
2.621282917535625
2.6207542232126126
2.6197520108355894
2.6190567630811685
2.618771661082423
2.6185289417723037
2.616551885725159
2.615572528195771
2.611388550534392
2.6112260885225105
2.609616556462643
2.6091554755995174
2.608276388283738
2.603852424122438
2.6015251644613087
2.598669170741159
2.592634868341947
2.5885889596761276
2.58652286155517
2.586293981383993
2.5856962338334917
2.576629947109776
2.5659207730525417
2.5589840816603324
2.5484312903783133
2.5472147175351836
2.546355276667518
2.5290644670783764
2.525990730109346
2.524031140114124
2.520977486335792
2.5129651789750045
2.5116350357064037
2.5015017747775534
2.4971819590816096
2.4963016636681723
2.4948582398510726
2.4714144992924707
2.4645912437393616
2.4486110297621058
2.4483874751613213
2.4471819802465933
2.4467284797536606
2.446477620980562
2.446039376245324
2.446007965393633
2.445483162849197
2.4446652359876286
2.4446060966764755
2.4442642921549567
2.4435223294745536
2.443377782282327
2.442826008329917
2.442763431960274
2.4426353919189707
2.442339771818374
2.442236817719456
2.4421853913550566
2.442041526770987
2.441742923889989
2.4416782525006666
2.441637715260133
2.4413251919240118
2.44072671718391
2.4402501482964403
2.44016475050458
2.4401133520429252
2.4399307291810453
2.4393825163262997
2.438775881016851
2.4377471012207175
2.437555212529356
2.4374422390193975
2.4371079679581706
2.4344612588009316
2.4336283124772966
2.433276622300771
2.4329857281700638
2.4325074356667664
2.4319733888893267
2.4314969196451983
2.429467467944015
2.4293060205326196
2.4290508184343778
2.42886776255254
2.425712716156893
2.4243787765372904
2.424336705202867
2.4237323689485777
2.423689303117248
2.423211845119025
2.421495024264706
2.4208861785623728
2.420393369954185
2.4195316271483893
2.4178080668977073
2.417551312426062
2.416261385057932
2.415637583852738
2.4149992673362255
2.4141327133941166
2.4135520670458828
2.411932672829628
2.4107736712818406
2.410124087909895
2.409702175192972
2.4089092813307458
2.406710846177468
2.4036722412385685
2.397853042950517
2.3975142805624525
2.3957707638946575
2.3871673527153296
2.385603744638887
2.3770418672019042
2.371335092213168
2.3685505274970384
2.3613327137576667
2.3576905699431605
2.3519820578874735
2.3515184187333444
2.347734187762803
2.347638172260067
2.343682368386931
2.3190428238156806
2.314964862398392
2.314297338866781
2.276227145841334
2.2613384550461286
2.254074465759892
2.2352218471248917
2.2350521605422093
2.2348050078771013
2.234734522721453
2.234432835196806
2.2342747816336868
2.2333500085377174
2.232899610277632
2.2326393381943674
2.232450202858456
2.23199440043455
2.2319250157826658
2.231553542462253
2.2315236204402815
2.231478140626747
2.231340269296225
2.2312588399025337
2.23097769036793
2.230884645961684
2.23006582173383
2.2299190217388145
2.2297062582659697
2.2295797438558447
2.2293018826813547
2.2291440900318524
2.2287146134498053
2.2286324954821395
2.227001482551618
2.2268931035066464
2.2266558066531683
2.226095699725867
2.2258810295779097
2.225492563590905
2.225399865888446
2.223478913566969
2.223099512551239
2.2227628332363847
2.222234597575327
2.2217831745416197
2.2206139986100326
2.2204761930422108
2.2197942215487574
2.2196233882386265
2.2185890307044693
2.218473708147673
2.218233354897844
2.2168073683032623
2.216798034037439
2.2162428739049336
2.215234175715099
2.213844204421496
2.213491131245437
2.212408137439886
2.212318976611369
2.2112981738846096
2.2108532870857123
2.2106356653781427
2.2101822981678936
2.2095594782578405
2.2086467200793325
2.208123459248808
2.2057831140823185
2.205518083154275
2.2053860337381463
2.2052969143933745
2.2049668611880904
2.2035385565196175
2.2033575932657317
2.201054645259595
2.1979763666432715
2.1963552672238937
2.19298498515895
2.190890832667808
2.1775735164903005
2.171087552529447
2.154484444517231
2.133835034319454
2.131872695549924
2.129882194885159
2.0867307865475206
2.0728175634725274
2.0690667345947613
2.0678197196454238
2.056983425770071
2.048815555183806
2.048351998338916
1.9990379799906557
1.9988739677876413
1.9988437985339074
1.9985071540328594
1.9983313792265434
1.9980042834861313
1.9978711146044705
1.9976509877089463
1.9971701245834474
1.9968094454868595
1.9965223975671336
1.9964248004580822
1.9963378770285083
1.9963223402718602
1.996278527525617
1.9959627633590842
1.9958541910158356
1.9956849986187806
1.9955109930079518
1.9953616286018954
1.9952903420688608
1.9952180474761307
1.9950817704753285
1.9940806829608746
1.9940498249687226
1.993284332368112
1.9932203572087186
1.9930205959680547
1.9929580173278694
1.992388472947405
1.9921100735989854
1.9920734287414095
1.9918977962425217
1.9917770262449268
1.991554625697452
1.990673455788919
1.9904595909786433
1.9903546173028601
1.9899416589943846
1.9898484272248536
1.9897639184756926
1.9895974206859655
1.989230637145447
1.9889031388014944
1.988816627240124
1.9885463554217548
1.9883195143173493
1.9881981609200965
1.9877801414183072
1.9876417513846396
1.9872659232597476
1.9870482193983
1.9867700277139864
1.9861563304230516
1.98592979185824
1.9852188417496044
1.985042670238008
1.984920566018679
1.9833225751131944
1.982976669541155
1.9819723034114018
1.981888219753928
1.9812924246133576
1.9809290512997342
1.9799075077003785
1.9795754520732636
1.9791422450552494
1.9775513951856525
1.977472562969679
1.9765357786466415
1.9752135299515936
1.9748670783504887
1.9744352590215626
1.973896782323549
1.9735646159785567
1.9730309427238417
1.9727708767946222
1.9712584995259772
1.9711049311067257
1.96930946618527
1.9688638702683965
1.967689955824099
1.966443247522965
1.966232924718223
1.9660757647274272
1.9658004580851953
1.965196915319199
1.9627583542762055
1.9621957940597061
1.9531480632330012
1.9523475327914919
1.9512206820840585
1.9501304290927068
1.949908087068018
1.9466020899886876
1.9368070828848765
1.9302056401970706
1.9065292967114578
1.9034624473046966
1.8993028775731142
1.893411688007053
1.88609647456331
1.8837374935502813
1.8745639692254261
1.847073283721385
1.8351784042853552
1.8205859283210386
1.8064613148798658
1.7319331184406954
1.7318547459642464
1.7317497218653954
1.731614298515224
1.73158866586098
1.7313433812576515
1.7312460824883982
1.7312067511903217
1.7310955804677088
1.7310203956208317
1.7308179241892
1.7304588464371198
1.7303651545606462
1.730339069814332
1.7299906915255656
1.7299793362951745
1.7299125975799452
1.7297615743373338
1.7297044797276222
1.7296309589039278
1.729557269040441
1.729525667027483
1.7295000032526922
1.7294643133409247
1.729388685448787
1.7293296042974025
1.7292396019984222
1.729172216962303
1.7291080429212589
1.7290302079950095
1.7288908085837869
1.7286329454862
1.7284390990971414
1.728183960768396
1.7281593236467658
1.7278037779238247
1.7274764147173578
1.7272299449216468
1.726658767024805
1.7265143613874057
1.7255020751640404
1.7251438041258176
1.7245506228686618
1.723978309239421
1.723599269338633
1.7231846469984295
1.7231276943944227
1.723057271763536
1.7219185840995657
1.7216503630223046
1.7211651521958167
1.720937511861561
1.7209075097032913
1.7204564688631236
1.7197335940506357
1.719435994492337
1.7191364386612829
1.7188934999498604
1.718633213488918
1.7183479562728932
1.717977961361391
1.7173763599917684
1.7169715354863446
1.7160414458305449
1.7151382218494189
1.7133995671603293
1.7130988193046484
1.7109643788463376
1.7094340556148473
1.7068158786280492
1.7062688379019806
1.705956688043363
1.7052684019922364
1.7031958593298526
1.700931655830021
1.7006666995407689
1.7004127856072984
1.7001478577224638
1.6997668084649693
1.6989143483453515
1.6980987918704586
1.6973675239120367
1.6955729447332557
1.6954241623652708
1.6947815552982657
1.6942779592923236
1.6930675112784501
1.6863762092707617
1.6840163376531425
1.681829734300249
1.6747849721875343
1.6705079259531095
1.66753744421221
1.6496261639172558
1.6337855661035816
1.6301094593146666
1.6289265646047437
1.6286294989541905
1.6200578364027207
1.6179487714932788
1.6170266505524955
1.6119024173067733
1.5969907075069532
1.5923838188435546
1.5555847655708137
1.521755278402388
1.4142135623730918
1.4142015737111409
1.4141953262084197
1.4141929649475604
1.4141877516483037
1.4141833818640335
1.4141420501984998
1.4141410191527635
1.4141152714082195
1.414104638909805
1.4141019455932282
1.4140648937734344
1.4139883506051767
1.4139725768503637
1.4139429383693425
1.4138547112492843
1.4138239946417543
1.41372946032914
1.4137148430165805
1.4136882573885328
1.4136272444869455
1.4135595620746093
1.4134875544214098
1.413452135805332
1.413420680253576
1.413396904884681
1.413377187575683
1.413162683155724
1.4130990591974806
1.4129269926984955
1.4128434538408972
1.412801811624454
1.4127154603759027
1.4127011016087205
1.4125376900696482
1.4125077737243292
1.4123988648476564
1.412183413177489
1.4121099619179298
1.4120916901389107
1.411959329283717
1.411922392667433
1.411583246814338
1.411446758328763
1.4114313986495315
1.4114229164950685
1.4112503192424186
1.4110866347755406
1.4109551132535993
1.4107909860501076
1.4106306431031355
1.4105985418343783
1.4105045556745515
1.41045952938264
1.4102876757067286
1.4102170479228278
1.4099735188440452
1.4097670660071646
1.409616307709318
1.4095424341226572
1.4094246563622987
1.409390505544956
1.40933277379257
1.409033247422482
1.4088226667737525
1.4076484735836436
1.4075126497453725
1.4070078758558398
1.4058826774229933
1.405506654913762
1.4053741383716842
1.4049643116319122
1.4041441965628554
1.4041131449069504
1.4040383058461463
1.4034145538515859
1.4032384399789215
1.4030163364412622
1.4029770570404467
1.40119399085152
1.3997380409880542
1.3991533273457712
1.3980332109464466
1.397854545823234
1.3973421297887785
1.3962979509990094
1.393865398427909
1.3936391533441361
1.3903244878424907
1.3878487037424545
1.3867406954917436
1.3859842214504778
1.385554137883525
1.3837586840686171
1.3797254527923604
1.377423595010196
1.377234688838392
1.3768824354181566
1.3750961537517095
1.3683771955948405
1.363416560040912
1.3626478812279352
1.3616943781481183
1.3589561975553703
1.352199279475963
1.3507580852332175
1.3224544078886298
1.3166379307821303
1.2991221971239855
1.2318005466697552
1.0000000000000908
1.0000000000000255
1.0000000000000056
1.0000000000000036
1.0000000000000027
1.0
0.9999999999999938
0.9999999999999936
0.9999999999999925
0.9999999999999925
0.9999999999999918
0.9999541802961377
0.9999405448397309
0.9999385044762306
0.9999176267121959
0.999891629479959
0.9998188042275237
0.9998143290624482
0.9998006698478384
0.9996731974257987
0.9996652866388427
0.9994722293193149
0.999444125265283
0.9994338051723973
0.9993743622265077
0.99935049906297
0.999136998363406
0.9989095878287704
0.9988319671217383
0.9987362786139363
0.9984447593636735
0.9984287567022199
0.9980525245877342
0.9980084637927538
0.9977259281091493
0.9976761225432002
0.9976592353444774
0.9975932838085377
0.9975914072625011
0.997411325406518
0.9969141638588656
0.9967514151764117
0.9965228663764544
0.996293202795167
0.9960461293338162
0.9959340940631513
0.9958444154122089
0.9956267531942095
0.9952117031220563
0.9945307200954813
0.9939781560725935
0.9939256733661841
0.9937966062808966
0.9930430824441758
0.9915431125473141
0.9914119421490514
0.9911545157295168
0.9899669027122558
0.9891125607192016
0.9868820039036543
0.9868029482895208
0.9857223290731336
0.9852618058244362
0.9850832423097785
0.9838404751156427
0.981565596075031
0.9811864286433679
0.9774081084782922
0.9768130073621434
0.9676116736795064
0.9601652799968131
0.9569905674522071
0.9524833603887504
0.9519246634190663
0.9488222065627229
0.9320841819923477
0.8420516952160053
0.8337293827148874
0.8292381546889808
0.6175949460108651
0.6171607783473206
0.6044966330214988
