51.6297885793822
49.27751106972527
31.85498558922153
31.44135395320324
30.084760241031542
29.114851379635212
26.747831428576045
26.617563476173537
24.40687178959768
24.045766284217777
23.408457666913726
23.139251340063485
22.61302681269887
22.14225121092807
21.20576720980987
21.02354766373301
20.566214575209752
19.94178348602731
19.005919796975213
18.499573011531126
18.366160995481877
17.53918200477008
17.29639577717662
17.099103793831457
16.89272074512588
16.357914020947685
16.25471573283096
15.844899937910311
15.584964871398363
15.041830776746224
14.891092942193616
14.638270813992968
14.4679467338089
14.35539780228507
14.204114360066535
14.089883189038199
13.960223670212708
13.756024344232337
13.56323465475378
13.433348607514391
13.396629724142297
12.951732007083828
12.827362983566688
12.791317721767463
12.712038464781402
12.67583310190232
12.438157776497505
12.358072322191845
11.960652715600201
11.923178416675286
11.765393190511956
11.731241609914415
11.310224671345567
11.219100444870104
11.123427890037862
11.096634743511554
10.823091944482428
10.784124497064765
10.772022200709678
10.694474664507412
10.44372155432003
9.922624720869527
9.883210957096434
9.690497362861668
9.589117671483672
9.406292443195134
9.3363098821815
9.18625696528755
9.148712821243853
9.107439027642483
9.046206249422028
8.787879911460944
8.771775137869266
8.692341627284353
8.521031376341558
8.464889366149787
8.351213747981117
8.222622519135141
8.142138315182684
8.103114884137998
7.953233985569214
7.925801181391567
7.898730838006275
7.6735544513632385
7.465846583359398
7.305660922626751
7.2216425161619355
7.102950923270966
7.041065743859238
6.90517493188999
6.877449049663461
6.831059131327468
6.559009260767882
6.544519465117916
6.435425226397434
6.3860365195659785
6.259087438874045
6.245135064356938
6.143853943617594
5.948616279469745
5.8479902062225495
5.717676108631959
5.655466985425823
5.513040056332075
5.449287009158708
5.358620621997922
5.204302873041687
5.089785867881324
5.061014172842642
4.980856633476471
4.797697544475735
4.728446490917445
4.721738672905217
4.660880434188375
4.555411905496226
4.524651051059291
4.421458413077981
4.364250874759537
4.327502065913994
4.253725357673282
4.234160375927078
4.145027773250631
4.086491991126614
4.010064996642954
3.905151681602017
3.8475529605945504
3.802052321766667
3.696710319239166
3.6788303855856346
3.570173804659085
3.5534508373513645
3.399240999735003
3.3954292129390713
3.254910907963987
3.1134597033619222
2.8060152101760027
2.778691918736158
2.565399115869627
2.5389804679724706
2.2374273560676885
1.8660561236541182
1.7830189915025045
1.4810101908777529
