9.486832980505143
9.16515138991169
8.319480788716625
8.148802133485896
7.960794431816349
7.935248902564521
7.860039887896293
7.856205441340754
7.855487736726524
7.716872483856282
7.626417624775839
7.615773105863909
7.615773105863909
7.615773105863908
7.194996494159786
7.027667329451763
6.888652139154669
6.764493039824189
6.569847916065479
6.284241554623588
6.088931169517451
6.05396360752487
5.984229159583499
5.777774372947273
5.687620167625715
5.656854249492384
5.632834210811059
5.525019370674998
5.524526668777272
5.509212728695527
5.353219041626268
5.266220062590911
5.151354914151375
5.102469106467971
5.032706866291566
4.925479099528385
4.7883307630070755
4.732050807568882
4.691545675361395
4.619262271970725
4.502627129423094
4.417787780191919
4.36312691524604
4.249671608021039
4.242640687119291
4.242640687119281
4.170919368317867
4.0877522698261295
4.000000000000002
3.976502742298439
3.9088590624886823
3.9072687857262416
3.884414967130928
3.8627570435001344
3.799405166930345
3.751034449404733
3.730998139710645
3.6441317221817
3.539413979570402
3.4836007293976667
3.463145073615512
3.4530227658159136
3.205542134088832
3.0785100382815824
3.037843372680373
2.9966774565064624
2.9930947995715806
2.925745238715133
2.8950407071985507
2.8794192137202756
2.8377262839882103
2.803527708111127
2.797767010041297
2.744143875985181
2.7307870120510125
2.713664629670364
2.6297183371616444
2.61410621068797
2.5674621160955735
2.5158557287432295
2.5030351625955176
2.4730734243694674
2.449489742783178
2.4387120521768666
2.4148683312058488
2.374249858789067
2.3466225595761387
2.31529611496308
2.2840453627759922
2.2705449583903774
2.190245242003856
2.181374997183638
2.1578205982063987
2.1046023763275747
2.0949538754770396
2.038800725606495
2.0000000000000013
1.9999999999999987
1.9662623630520295
1.9285007293459533
1.9149766408861901
1.8510507058247274
1.7787036873438946
1.7320508075688774
1.7190846677222267
1.7178508562950232
1.7005138397492685
1.682755141794505
1.661297548144677
1.5891645715140879
1.5114848528061453
1.4740610411302297
1.4633389979318951
1.4494513261357775
1.4142135623730951
1.4142135623730951
1.3961659907982829
1.354858582936518
1.3007027275875538
1.2988797740832265
1.2831617006498144
1.2679491924311237
1.2141503011019887
1.211582678834663
1.1795327754679097
1.1769314824881738
1.131975967784318
1.083600119143941
1.0000000000000004
0.9999999999999997
0.9697336774007443
0.9555351341526259
0.9469534379003365
0.9405077576100663
0.9128235936067346
0.9026450862060335
0.8933217833460669
0.8815534524813166
0.6907505568488395
0.4886014534596015
0.2756382616078871
3.4913130891759395e-15
2.7717144178777684e-15
1.949153909732225e-15
1.8442914349218566e-15
1.651595982488593e-15
1.3847773071109804e-15
1.2423381963695023e-15
9.865468577898521e-16
9.06080675038004e-16
7.408677280040865e-16
5.7543259284843295e-16
4.898516845933e-16
4.574825425353666e-16
4.269435851773837e-16
2.846061093613222e-16
2.7631423487525617e-16
2.380539561547148e-16
1.8147526937228043e-16
9.999638662809167e-17
8.919503750102525e-17
2.6658033729596872e-17
4.978395612457334e-18
1.944751478548728e-21
