152.42667455821126
76.94498504222007
67.36091352202294
61.29532743339391
60.29368078014562
60.04380610891363
59.11331714590673
56.277117965529136
54.90762192438131
54.501671441156184
51.95906976166372
51.072779183435706
48.84283164764236
48.63792275636435
46.95640721596023
46.70038403450966
44.517626039099305
44.210736124335305
42.19557299846582
41.8470834097407
39.71623346344725
39.26906732650735
38.39648417577562
38.27458556731574
38.15434146563715
37.736024926695784
37.67298857857647
36.57834564427923
34.000816415143255
33.287899451386686
33.27960126265042
32.85244806461481
31.741163110053986
31.693999369805173
31.669046050631398
31.626732978365997
31.586008534419292
31.502766649843736
31.16645834248497
30.432963280320827
30.10889523220468
29.70932593832601
29.495338321974018
29.303540643224633
29.180163440011285
28.225269823043202
27.984504452917644
27.711762180014368
27.421088620168483
27.29533396992134
27.212599635396803
27.20555302817885
27.085178790473414
26.198611409225133
26.1431172765468
25.99998212465111
25.756266930081466
25.430982608156075
25.33871335818988
25.259918414084858
25.18358407927532
24.899799195977458
24.207436873820424
23.97677274489373
23.82992587628819
23.09637023648341
22.71402192301183
22.1497507133911
21.982909706539335
21.215050712881546
21.06712010009842
20.711500130074313
20.34668799397502
19.96084538924872
19.870583671639924
19.774037277484375
19.649486840809566
19.54319616273286
19.45738813434954
19.388101412163923
19.314916734545058
19.115523379603882
18.86826168660962
18.79841641180751
18.545886623298372
18.43382347775434
18.37211535629032
18.120620175162053
18.088446435448095
17.969821277477685
17.4112185507524
17.269755623462274
17.241802709121085
17.20194737168117
17.174369221538626
17.029386365926435
16.978787093813906
16.915690601387247
16.563328632558193
16.484390666957243
16.39744875637078
16.062378404209007
16.003603572741703
15.89640629464391
15.779688821409673
15.575207462214484
15.457131456132844
15.41026083626929
15.252056615606739
14.966629547095717
14.76482306023339
14.639174744940838
14.524789237841645
14.491376746189406
14.465157206741617
14.38269925208408
14.096981005935314
14.04776392829311
14.019866303866324
14.000000000000009
13.999999999999975
13.928388277184123
13.888873272119806
13.87365446167725
13.632255288721138
13.50242948286861
13.480895254883626
13.48014990667366
13.341664064126316
13.25279289673233
13.088420545964933
13.085887145654816
12.985943933026013
12.931929609771638
12.801359978562346
12.739439226599822
12.727922061357837
12.599639387125325
12.545296828348054
12.522627627603795
12.47079301642483
12.40967364599085
12.314817332949476
12.23780768589251
12.213321575679585
12.206555615733677
12.055336375773184
11.937410127056566
11.925951932131747
11.92385544926548
11.874342087037887
11.842426559809224
11.816353283129702
11.64782042698964
11.600432250818342
11.579467992995763
11.53498195791088
11.51042175929124
11.401754250991383
11.313708498984724
11.15332294970645
11.131161140375838
11.125889863093517
11.050679137037735
10.942117224515567
10.938044113922743
10.806243609423323
10.71086879178919
10.677078252031304
10.675664626531368
10.64760108325592
10.544766000043678
10.460842454121165
10.43208178130205
10.387540672795877
10.374716105275708
10.342050818069321
10.294445690217717
10.279528155226052
10.21569108184299
10.198039027185562
10.196147232960879
10.147131147113173
10.14119758125108
10.114870078419738
10.024092425678077
10.009497800562103
9.967726954656055
9.948069786979941
9.91516356507888
9.719537360781802
9.713032511944766
9.695359714832664
9.591663046625422
9.578840240915476
9.498434038356583
9.48976657200736
9.48683298050514
9.379958726454745
9.296542692317356
9.272282234735433
9.2567525137758
9.168744644234978
9.165151389911669
9.143458434388
9.12033180609812
9.05538513813741
8.977903629888646
8.787470660838647
8.67916060488699
8.667028675519315
8.602325267042604
8.576773396448315
8.485281374238562
8.46724672818358
8.428684183330574
8.366600265340763
8.293229084798801
8.246211251235325
8.168749999616809
8.119693337429142
7.9404658059536315
7.866931092606032
7.821135656831664
7.7176368534334046
7.695846607192437
7.663230681127188
7.6387787562595655
7.616659482203527
7.611964994268853
7.548527421565913
7.502243013833658
7.4970971995462286
7.483314773547887
7.483314773547879
7.412999600753378
7.409170664751017
7.348469228349545
7.348469228349537
7.219629343890222
7.2111025509279845
7.141428428542857
7.134072837888432
7.127702438044889
7.054389155962873
6.998361067018324
6.982073302945737
6.911182665090494
6.823773249867505
6.782632176112476
6.745242352108822
6.73856271420036
6.614025398471329
6.512482430289316
6.493688062713791
6.480740698407871
6.374238484655546
6.324555320336755
6.244997998398418
6.207644788171412
6.067646330708419
6.012307259011697
6.001075810987511
6.00000000000002
6.000000000000013
6.000000000000003
5.974288095128328
5.947139590128874
5.940819394878751
5.8627662217253
5.848095657438076
5.8176949696958395
5.814096886262856
5.800860157436284
5.786947027989376
5.756589340717339
5.728756755723685
5.603686766934979
5.5906988693085085
5.555716170374608
5.492966139438679
5.477225575051663
5.47722557505166
5.447768153064576
5.44092155536374
5.435896293872176
5.401069340972609
5.357523232973879
5.3482361674669
5.331446387554914
5.251974945216382
5.249555951590567
5.154225018363206
5.126982258049204
5.099019513592778
5.099019513592776
5.006407465322755
4.994370256809104
4.95094163230333
4.917350901399953
4.885097773345168
4.751777621912061
4.714778542244134
4.6904157598234235
4.690415759823422
4.678773195499579
4.678483724977188
4.670454908721047
4.630367858919055
4.52274608829842
4.476810524763552
4.472135954999579
4.472135954999575
4.444421117714544
4.419790754241953
4.362995471380352
4.358898943540673
4.3308370213798435
4.277909572696792
4.265368655943458
4.242640687119293
4.242640687119285
4.198733359287142
4.1963906985286314
4.180812797897862
4.175474561877044
4.1670802338805
4.080178725172884
4.013988444099855
4.000000000000004
3.999999999999998
3.999999999999995
3.999999999999993
3.9761732583656424
3.9551026835630454
3.902811294291678
3.8958748395079086
3.810616392317136
3.757919198156309
3.741657386773942
3.7416573867739378
3.741657386773937
3.716013473152441
3.713150961205007
3.7051571381055637
3.6509312577449373
3.636685372230934
3.604209895710495
3.586463414237082
3.582655950363961
3.5556192485340588
3.5514621361164935
3.5305060423957237
3.527105679367606
3.5094448559360005
3.464101615137761
3.4641016151377584
3.464101615137757
3.4641016151377553
3.4641016151377553
3.464101615137755
3.464101615137754
3.464101615137754
3.464101615137751
3.4597909305810113
3.4558601472131953
3.4304823334335226
3.382842073146294
3.3769938157305037
3.371319613976853
3.341520277212315
3.335132025215442
3.3190625782287464
3.263941165440797
3.2430901457912595
3.2328299145664507
3.2309746540552164
3.2272405926095113
3.2183425539720196
3.2001403475709234
3.1919835904793974
3.1694065323553318
3.167452163395861
3.1622776601683813
3.16227766016838
3.1622776601683777
3.1622776601683773
3.162277660168375
3.145008552906924
3.125663690620108
3.105113729656655
3.0512044872628805
3.0494397831099174
3.0345285697330584
3.0282357283768278
3.0118202565846115
3.0000000000000044
3.0000000000000013
2.9999999999999996
2.991942908350859
2.948665167115976
2.895305752357035
2.8855713565119028
2.8685894545377653
2.852105519099015
2.841442433328961
2.8284271247461925
2.8284271247461925
2.8284271247461907
2.82842712474619
2.828427124746188
2.8284271247461845
2.7691604867843846
2.7380395140881726
2.7363233035792476
2.733938749058388
2.705080938342235
2.696201613619089
2.690267844261894
2.6457513110645916
2.632115482271193
2.6263632453034287
2.5975189289935314
2.5938404658712924
2.5828567711141184
2.557612414958358
2.526816080952833
2.52353285622262
2.512522367854538
2.484255273390632
2.4821132730402278
2.4494897427831823
2.44948974278318
2.4494897427831797
2.449489742783179
2.449489742783179
2.449489742783179
2.4494897427831783
2.4494897427831783
2.4494897427831783
2.4494897427831783
2.449489742783176
2.449489742783175
2.4456035092191093
2.415020225342872
2.378845065259032
2.371157843956831
2.362905255698532
2.353445361918765
2.3324882543941015
2.272781015771974
2.2656506551595297
2.2652919045899944
2.249692820600211
2.214501339117051
2.17451364120189
2.1739585795279677
2.1356498969409197
2.108778505600553
2.1006991832164497
2.082523191399753
2.0458133743668516
2.0407366887769913
2.0088769075998814
2.0000000000000044
2.0000000000000036
2.0000000000000027
2.0000000000000018
2.0000000000000004
2.0000000000000004
2.0000000000000004
2.0000000000000004
2.0000000000000004
2.0000000000000004
2.0000000000000004
2.0000000000000004
2.0
2.0
2.0
2.0
2.0
1.9999999999999998
1.9999999999999998
1.9999999999999998
1.9999999999999996
1.9999999999999996
1.9999999999999993
1.9999999999999993
1.9999999999999991
1.9999999999999991
1.999999999999999
1.990711384080032
1.9587321686716006
1.949116962923866
1.9429804259578847
1.9316398133742079
1.9306177239570386
1.9110874412056509
1.9074309547663026
1.9021130325903066
1.8733238618626633
1.8250379862033728
1.8136598807614626
1.8075451325210328
1.8039602500281446
1.8023941247142337
1.7904678121016617
1.7598494074493083
1.7501622061477113
1.7450186603308382
1.7320508075688787
1.7320508075688776
1.7320508075688772
1.732050807568877
1.732050807568876
1.7303225687793675
1.705068223257297
1.7039545719517815
1.7037989170470274
1.6961410243203068
1.6941650663376517
1.6666470966079403
1.6624952976894145
1.6251453117923176
1.614166859863322
1.6037046184198245
1.5861972022336575
1.5792450774009295
1.577828583543543
1.5745484148173574
1.565739549589448
1.5415530350222626
1.5325239581034156
1.5318903578719205
1.4916213102962272
1.4825146202532937
1.4759585031466744
1.4411113006780107
1.4279636569298078
1.4142135623731014
1.4142135623730996
1.414213562373097
1.4142135623730967
1.4142135623730965
1.4142135623730965
1.4142135623730965
1.4142135623730963
1.4142135623730963
1.4142135623730958
1.4142135623730958
1.4142135623730956
1.4142135623730956
1.4142135623730954
1.4142135623730954
1.4142135623730954
1.4142135623730954
1.4142135623730954
1.4142135623730951
1.4142135623730951
1.4142135623730951
1.4142135623730951
1.4142135623730951
1.414213562373095
1.414213562373095
1.4142135623730945
1.4142135623730945
1.4142135623730945
1.4142135623730945
1.4142135623730945
1.4142135623730943
1.4142135623730943
1.4142135623730943
1.4142135623730943
1.414213562373094
1.414213562373094
1.4142135623730938
1.4142135623730936
1.4142135623730927
1.410213078090992
1.3980871348966706
1.3967540218919998
1.3965866312773834
1.3489477797531844
1.3489240849236173
1.3419650072197185
1.3170450801429492
1.3075984097645805
1.2993777149733188
1.292133861770064
1.282498517960193
1.280998555579867
1.2516449333195236
1.2230705507776118
1.2224051745844653
1.2107867872261786
1.1933741363237846
1.1918739744972284
1.1904445342548022
1.190302713124618
1.1755705045849458
1.1087222863270396
1.0842294846553524
1.0525642040412229
1.015674566253236
1.0057510537105738
1.0000000000000002
1.0
0.9880595482305118
0.9676381832922866
0.9547499711806177
0.9436154093985131
0.9095381263606982
0.9059278387934314
0.9041694514072184
0.8951876189999228
0.8869143947198128
0.8527768664678318
0.8160317004032313
0.8015232189922559
0.7894885741633092
0.7481266544439188
0.7245233020957066
0.7058607925414396
0.6772139505731478
0.6590843916810079
0.6261973565211826
0.6131040870748776
0.589955711364531
0.5765939392880074
0.5519959536573198
0.5469505839361971
0.5395200112975138
0.5282697489921624
0.4164305899393618
0.3950016582748622
0.30839169093564367
1.7559392719080184e-13
7.803200435981795e-14
7.203493782176403e-14
7.009765864194337e-14
6.227280277921636e-14
6.044577436907389e-14
5.1115461232296146e-14
4.062175869132406e-14
3.343875401637361e-14
3.188532331948186e-14
2.92620109700176e-14
2.873249476857046e-14
2.7769151320183454e-14
2.6728220862836263e-14
2.4217341175655827e-14
2.3722250232490203e-14
2.3445226998400605e-14
2.3095287226245317e-14
2.1882716304501042e-14
2.1160864731041172e-14
2.075774102695357e-14
1.9664372603673823e-14
1.92201033602647e-14
1.863356131496725e-14
1.7789036922640837e-14
1.751911297083135e-14
1.7463557457872968e-14
1.684573903180806e-14
1.6569042619686148e-14
1.6054287858688566e-14
1.5767571451403225e-14
1.5136281352414906e-14
1.4940877271845804e-14
1.459240365770833e-14
1.4356877910287572e-14
1.428148049969381e-14
1.424216676862867e-14
1.3884194888723013e-14
1.3579732142530637e-14
1.3064171323431354e-14
1.2961611958070983e-14
1.2814518592378785e-14
1.2487228989320789e-14
1.2219529549388093e-14
1.2055921509343898e-14
1.1986961056648541e-14
1.1889756523196206e-14
1.169074427466317e-14
1.13859916473147e-14
1.1075313466662639e-14
1.0999970157267062e-14
1.0870573930912628e-14
1.0533875544834564e-14
1.018774167895773e-14
1.0067944853570776e-14
9.987029111391229e-15
9.833324199378501e-15
9.760755812677344e-15
9.458556278657017e-15
9.377804429735979e-15
9.211527796758038e-15
9.135979410955469e-15
8.961548279771018e-15
8.875500998976962e-15
8.677311996421756e-15
8.59301060399286e-15
8.547416558822966e-15
8.39973372745985e-15
8.147491349458063e-15
8.074334394919401e-15
7.95996778944484e-15
7.876611856320588e-15
7.797723865831856e-15
7.646180270666574e-15
7.603233333520769e-15
7.454387502185233e-15
7.22696592521409e-15
7.207999478143001e-15
7.069256176329341e-15
7.0433093996499025e-15
7.023884530665765e-15
6.787137190146161e-15
6.708587798113967e-15
6.592548658113755e-15
6.539748852007119e-15
6.421811314094929e-15
6.355967439666185e-15
6.31476287127886e-15
6.217635850501732e-15
6.133226193463924e-15
5.979906173416997e-15
5.947772512491301e-15
5.8298626381270714e-15
5.7345718732058984e-15
5.636959262544217e-15
5.491137433893929e-15
5.433330242054608e-15
5.371912648924697e-15
5.256721391465888e-15
5.204485890218809e-15
5.104913267370033e-15
5.081995881261189e-15
5.027699625150757e-15
4.991038438736274e-15
4.930208714129583e-15
4.8501525243630765e-15
4.830739901371928e-15
4.753228199638068e-15
4.692459433473939e-15
4.66647770507422e-15
4.6293718810371724e-15
4.592544197328547e-15
4.569258131559201e-15
4.469836286049011e-15
4.387574419297773e-15
4.336863465568934e-15
4.28838622947799e-15
4.280141091911391e-15
4.258610253115717e-15
4.206411708400094e-15
4.158991382966269e-15
4.0543788565800115e-15
4.042951989805735e-15
3.979049509046934e-15
3.941398051315938e-15
3.887175446670126e-15
3.843415812298507e-15
3.842877435828283e-15
3.8237477561012375e-15
3.712965066223099e-15
3.63791454119684e-15
3.610278593541631e-15
3.55617855345481e-15
3.5198435357825486e-15
3.5175442072554993e-15
3.473646817406489e-15
3.4446372818512e-15
3.415861907622119e-15
3.3800186346035066e-15
3.3057685427726113e-15
3.228338403604263e-15
3.1878151193319566e-15
3.1773313719654367e-15
3.110790517430123e-15
3.0849362150642e-15
3.075956081087426e-15
3.0288461344887615e-15
2.986488909721151e-15
2.9647395244280224e-15
2.9183888212056878e-15
2.9041061965958834e-15
2.8519149106184876e-15
2.8084332650719315e-15
2.750024770241423e-15
2.7356016134604514e-15
2.694456373310243e-15
2.683740699986108e-15
2.678007683371057e-15
2.6424322347609395e-15
2.628007934789399e-15
2.5869158959121115e-15
2.5523061124119487e-15
2.537343476385794e-15
2.4764229721885186e-15
2.460907886634082e-15
2.4310406450406023e-15
2.4189267468434108e-15
2.38601982636564e-15
2.3501092220129644e-15
2.31892184398344e-15
2.293992646588592e-15
2.248967911187422e-15
2.242082517976366e-15
2.236934988309823e-15
2.1934550155594914e-15
2.155211774745488e-15
2.143337786141979e-15
2.1182511347023425e-15
2.0843363182352504e-15
2.0365849548462715e-15
2.01127376041576e-15
2.0035532386823493e-15
1.965742947975322e-15
1.9565122669336558e-15
1.9485593233790427e-15
1.9315340854510546e-15
1.897461846818357e-15
1.885542634914835e-15
1.872905060648094e-15
1.852159622820589e-15
1.826932855761384e-15
1.8005320892239736e-15
1.792618624682069e-15
1.7718217775881449e-15
1.740072367642875e-15
1.7253085000050245e-15
1.7144191543204418e-15
1.7032829304124879e-15
1.694438750403803e-15
1.6688168853660466e-15
1.6363610821741543e-15
1.6260773750601412e-15
1.6177687070342894e-15
1.601939774738326e-15
1.5796268753186901e-15
1.5658562145389771e-15
1.5569718441748685e-15
1.5508337185584373e-15
1.5165331164132146e-15
1.5005796549214566e-15
1.4924754272103922e-15
1.4794102043146896e-15
1.4583358505377867e-15
1.456531741323976e-15
1.4372259611853911e-15
1.4054850601406393e-15
1.4043905833933325e-15
1.375961418766183e-15
1.3656274079650869e-15
1.3516373432293738e-15
1.3460780562439505e-15
1.3359191350872655e-15
1.3186598052072756e-15
1.2941970923862156e-15
1.2886897149042507e-15
1.2677819395278968e-15
1.261356143823036e-15
1.2486357458251825e-15
1.2395052232006919e-15
1.2290390351272927e-15
1.2134861860147704e-15
1.1979932129376924e-15
1.1813648176853727e-15
1.1700034172402816e-15
1.154088207706326e-15
1.1414334740728909e-15
1.1270500664267065e-15
1.1225760475250709e-15
1.1154334562439856e-15
1.0975171488947387e-15
1.0828402973785606e-15
1.0818956692901041e-15
1.0327858863317815e-15
1.0271854572401793e-15
1.013192774458335e-15
1.0056498185134543e-15
9.941666792873582e-16
9.742998847422601e-16
9.670612020889806e-16
9.478924513648442e-16
9.258379269188364e-16
9.165400669439973e-16
9.091650429067277e-16
8.90938820896091e-16
8.723670458553064e-16
8.677891176247949e-16
8.57921973764084e-16
8.4691844471729e-16
8.321266335526919e-16
8.313414866182217e-16
8.193359602853108e-16
8.101685444677897e-16
8.032266794735597e-16
7.926494663274877e-16
7.831829024732559e-16
7.812046213581378e-16
7.721079817877338e-16
7.64609153311688e-16
7.577993802819747e-16
7.504557864241189e-16
7.410691843526634e-16
7.310289524708962e-16
7.168182828208353e-16
7.094563357068156e-16
7.053196933536195e-16
7.009345148358404e-16
6.932999343602819e-16
6.900701893068934e-16
6.729048374769805e-16
6.702555572471778e-16
6.606012486720215e-16
6.596353649281307e-16
6.552360157395998e-16
6.515937115615965e-16
6.46779652519007e-16
6.4005860430216e-16
6.386402401061028e-16
6.369106551326216e-16
6.240460286117358e-16
6.215890821568054e-16
6.106338648345704e-16
6.043754049044979e-16
5.933899916970969e-16
5.896077189222637e-16
5.862004032053941e-16
5.814450972084585e-16
5.740552239869493e-16
5.582302635320566e-16
5.53447915999706e-16
5.487151226862685e-16
5.46912996196528e-16
5.331410234398052e-16
5.289492826922834e-16
5.240546184577473e-16
5.218184593905218e-16
5.161380759227134e-16
5.094254744159955e-16
5.033237023913651e-16
5.00467712321674e-16
4.9066674244839e-16
4.837736649307875e-16
4.74390789118089e-16
4.6816920169332e-16
4.638005335028133e-16
4.621649426700377e-16
4.587855325472153e-16
4.551628964113929e-16
4.466590792423063e-16
4.449484629664252e-16
4.371771941200194e-16
4.3236960264514955e-16
4.2196498938411326e-16
4.205623551907639e-16
4.1160134899130045e-16
4.0997146764586735e-16
4.044579806889973e-16
4.031502446556796e-16
3.8730734876419275e-16
3.8452315150888345e-16
3.810532378548747e-16
3.7281552892904596e-16
3.6532851166601283e-16
3.634338438488313e-16
3.5770551764909423e-16
3.571871103861646e-16
3.5350759340188874e-16
3.484090687462e-16
3.475631034320447e-16
3.4212922853622904e-16
3.388934679992143e-16
3.3202535733892224e-16
3.3056601728874694e-16
3.26938011942645e-16
3.18576001738987e-16
3.0851539086329863e-16
3.070133823543923e-16
3.0348577304852506e-16
2.995271749072985e-16
2.980995297996272e-16
2.9663016715047197e-16
2.933354476543924e-16
2.904508477507452e-16
2.8329405858068745e-16
2.8042233827765805e-16
2.7615122101393425e-16
2.7039374850337665e-16
2.6444751339690777e-16
2.6108460326223005e-16
2.598754558858439e-16
2.493506647289462e-16
2.484965521740794e-16
2.433960194142917e-16
2.3895564652976916e-16
2.355356127493873e-16
2.3444632128975427e-16
2.3026107790162005e-16
2.2372236432811246e-16
2.1860072078005686e-16
2.147624543443262e-16
2.1383903596220112e-16
2.1161677969870807e-16
2.0927312230665956e-16
2.0857556682492958e-16
2.0794596466531964e-16
1.9995405070018306e-16
1.968216949136514e-16
1.938051153773711e-16
1.8863711952905524e-16
1.859870594962069e-16
1.8446891631612815e-16
1.8231418738924288e-16
1.8102858310323916e-16
1.786869649088264e-16
1.7633890363978481e-16
1.7571235130256692e-16
1.7454592302458704e-16
1.7435277458760825e-16
1.731395387916501e-16
1.7258255179912513e-16
1.69515330251407e-16
1.6650236045477263e-16
1.6438655000019394e-16
1.610130513540534e-16
1.585086377965473e-16
1.5547522317983672e-16
1.5400649135282755e-16
1.521330079014517e-16
1.505591698850698e-16
1.4923204021944125e-16
1.4655347603824195e-16
1.4526193600650981e-16
1.424652417756381e-16
1.4112956986687533e-16
1.4006306056767702e-16
1.3813286729645369e-16
1.358734794745396e-16
1.3194416373303562e-16
1.293517572135602e-16
1.2709943261893596e-16
1.2169895784965195e-16
1.2123527545292164e-16
1.1729421695313224e-16
1.1272386986155965e-16
1.1214211384175345e-16
1.1037868984278993e-16
1.0879968964477065e-16
1.0628836132598951e-16
1.0039444089279442e-16
9.765532801485214e-17
9.724296433799992e-17
9.269485998282911e-17
9.261705007048304e-17
9.028841278909909e-17
8.915915368270153e-17
8.748147113922036e-17
8.426645983314676e-17
8.17202949416672e-17
7.965832416994886e-17
7.792680595104494e-17
7.781171527994239e-17
7.362231802463099e-17
7.321607275490013e-17
7.1879708323373e-17
7.022988175933696e-17
6.870287073576931e-17
6.642214783833613e-17
6.473546287255696e-17
6.295434281845229e-17
6.143856265548243e-17
5.930384985972613e-17
5.916436090437106e-17
5.871788026600572e-17
5.694467022617901e-17
5.65730631284934e-17
5.595127074372031e-17
5.44267541494339e-17
5.4067922120980766e-17
5.3775891296734686e-17
5.2690381657899296e-17
5.118447908860952e-17
5.1112210062554836e-17
5.015634228607646e-17
4.832084716390364e-17
4.824116216365301e-17
4.7330517134743783e-17
4.7132568720785955e-17
4.673326346108417e-17
4.620849575164665e-17
4.5573016175670536e-17
4.516751708839631e-17
4.51227688183956e-17
4.4709376233541624e-17
4.4026350613390095e-17
4.3177652482708363e-17
4.240356790297159e-17
4.170663413408784e-17
4.1593104253463186e-17
4.0498928095526715e-17
3.95283129879056e-17
3.8547242021704915e-17
3.8204506375236586e-17
3.7866395541733915e-17
3.665556804722903e-17
3.647929178679268e-17
3.5587137297759526e-17
3.395865425399575e-17
3.342747038393727e-17
3.2881082418140156e-17
3.185685484877258e-17
3.1548033633361133e-17
3.07534896463528e-17
3.0294936920928986e-17
2.98214595979778e-17
2.8053505727660274e-17
2.7540614283460778e-17
2.7368918811157125e-17
2.4231107001479637e-17
2.3964780172475674e-17
2.3719846408076993e-17
2.279286763064829e-17
2.2693450734015884e-17
2.2443740903543632e-17
2.122851120572124e-17
2.0965617615015386e-17
2.064503053303075e-17
1.9930390264046926e-17
1.883061961293258e-17
1.8415541685608053e-17
1.7660709371883074e-17
1.6574637424446783e-17
1.6530248070194868e-17
1.5888023793694755e-17
1.4939310566937317e-17
1.390276846549482e-17
1.3347898011110332e-17
1.2756043252363068e-17
1.2577571609358868e-17
1.0602969332497375e-17
1.0501771424401932e-17
9.637152616773389e-18
9.21732257144184e-18
8.198171304477052e-18
7.372814270233775e-18
6.8333413321794415e-18
6.716745473225743e-18
5.591592357723066e-18
5.363776983483195e-18
3.9435587762133796e-18
2.995719730074717e-18
2.743404517984574e-18
2.4992141437129744e-18
1.822033949143783e-18
1.0347278018684826e-18
8.249221778600192e-19
1.0210096855629286e-19
