9.492675953461262
8.446285725497521
8.3575424817858
8.240233248191014
8.182239485654074
8.171315525764932
7.858851298521804
7.827388455025452
7.575106652259841
6.99074122082607
6.896502548861154
6.522762577584374
6.372737886647536
6.282037265205988
6.116187719998259
5.987962190276541
5.968986978366399
5.715777260576083
5.634732694327137
5.630627019003908
5.601632144912734
5.427879175752967
5.320678835404443
5.235201435918784
5.2321733137882065
5.151578725082503
5.084301702507807
5.072923284289328
4.986218712163612
4.929492028459315
4.902950973491185
4.874172572150057
4.778529401473704
4.700252220011254
4.67410553281898
4.640034952525262
4.582145745921277
4.564609228784571
4.499656513457719
4.4318222106269705
4.400055176181018
4.3838856966612285
4.304368627102146
4.293946460020521
4.272518747835235
4.265714856764076
4.244474868183484
4.17036952142387
4.143491797955672
4.116245114122125
4.0312687581630975
4.025059407167031
4.022858014584245
3.990627280064229
3.9762780182795616
3.9478732766142115
3.9281883182446906
3.8851340381105555
3.8413608487399564
3.8029724184859597
3.788854031922348
3.786124238532794
3.7736300383861145
3.7361700127826425
3.7168782391034907
3.6720344423562925
3.655736211854701
3.634949956731742
3.6102214051394697
3.591469775202266
3.586734245576306
3.580476074872096
3.574533255604169
3.5646334559369164
3.544354069769249
3.5400738559399456
3.5139322009615026
3.4631401653218847
3.4465000512201387
3.435742479222129
3.4008034750226503
3.3652341794784477
3.351018485566991
3.3213588143679544
3.2896196207679096
3.273336537113933
3.261126218569564
3.246401588088642
3.2373468056778245
3.226820610146017
3.224884817142997
3.2132517123301043
3.1864903473908717
3.1622776601683777
3.1508593430541922
3.142790077931604
3.1133711546778904
3.100491839702941
3.0977984995659877
3.065419895611399
3.0295233404840807
3.012544693345466
3.0008067352222274
2.9964312456202884
2.9871247426916923
2.9574437126041566
2.9504908988155516
2.920751523486684
2.8960649923095474
2.86292371375113
2.8586933309799036
2.847843790018038
2.8319889654998067
2.8100472636015197
2.778292728028023
2.7680474623110918
2.763896855633379
2.753795971247503
2.7365918236162767
2.724044519193445
2.714848013010633
2.714075490282428
2.7018326841979197
2.6965791374283867
2.6905391775875525
2.687032371278483
2.666554746647448
2.656039202371401
2.636013428365019
2.6145760457184486
2.6001915844119687
2.5949830057213634
2.5845198527380275
2.573596819573668
2.559356710974418
2.5530901182938264
2.5406428474962177
2.537650540800967
2.5172554573916877
2.502346469060587
2.486594062508516
2.4761351649371215
2.464333147235409
2.4494897427831797
2.4378870276679945
2.4298870611780377
2.4105836532902742
2.4040203621432306
2.3852857766513895
2.376627201085079
2.3706172365704323
2.3629338704476566
2.3607951550486788
2.349075015396728
2.3384098593560347
2.3331764535686013
2.324366328598222
2.322478150564057
2.3156345349449063
2.3084633996879305
2.304749642924982
2.2962982455082717
2.2863786857325508
2.282683767096348
2.2585827881668252
2.2492076538528636
2.241971411481178
2.2378197090139356
2.2315271432599597
2.2147293300418505
2.208730280697754
2.199297326712552
2.175684255432714
2.1700403340430676
2.163366625419006
2.148815138528711
2.1433944132401894
2.1374008007090772
2.122372304202974
2.117172199209095
2.105293626457068
2.097564755061354
2.0909457425127504
2.0794796724184437
2.0743165077011674
2.0627233744374385
2.0521168498989932
2.0465384180725517
2.04013082394059
2.022203366291232
2.0135799077621344
2.0003405336586777
2.0
1.9941859659523595
1.9889957662909639
1.973013071691952
1.9622041033863884
1.9576882444923767
1.9453785408438098
1.936733202398815
1.9304315758491504
1.9231091330506067
1.9065069130256516
1.9050030818854107
1.8944408259943017
1.887493828186423
1.8813274876296278
1.8781300134453052
1.8654224715600263
1.8618589525288602
1.8520573098374964
1.8455753749161363
1.8384390429876223
1.835036714031362
1.816277143507137
1.8117016493968068
1.800497216750563
1.796912639151713
1.7900981782644731
1.7863423403540224
1.7782399350838551
1.7671937894249437
1.7661751446850162
1.7616636499730303
1.7494116517953444
1.7463164576797383
1.7421796420114986
1.7345154402658396
1.7248077759107654
1.7160827057791506
1.7095019559847826
1.7047133930527019
1.693719082412648
1.6814558459316402
1.6750912005417544
1.6602972486468597
1.646356163427769
1.6391137622018632
1.6266421090775984
1.6241872461071711
1.6160282185718686
1.6041552079768395
1.5992321618239107
1.5974146470612924
1.5930855115361642
1.588659530750014
1.579879096169149
1.5550231423074272
1.5481872712863205
1.5361646044463286
1.5302225318326048
1.5273291504000446
1.5167313390309085
1.5126710605010523
1.508670520629594
1.5036973850229456
1.4945660996172214
1.4893112788414835
1.4800912139649929
1.4743297938066828
1.466600863373177
1.4583488037173262
1.4555430214038811
1.4499636149406527
1.4423572236723738
1.4407389122864
1.427991931275211
1.4207224231685707
1.4142135623730956
1.4142135623730951
1.4142135623730951
1.414213562373095
1.414213562373095
1.4142135623730947
1.4142135623730943
1.410997914948527
1.408345963414042
1.4036096625229706
1.3957798248001718
1.3899831779295515
1.3826792562928245
1.3787807393333344
1.3764572836988813
1.3714863814777176
1.3671560683342228
1.3542277060853887
1.35302708858374
1.3503731113292143
1.3454877086882977
1.337749860455237
1.3372413355818662
1.3275080384101732
1.3272744855734797
1.3237604452248186
1.3231027336359091
1.3136965883631833
1.3099784311011724
1.300209125424057
1.2949260496219903
1.2925071876111314
1.2867607467111826
1.2752275464775156
1.2726890445592798
1.2667259260190789
1.2601482239221529
1.2592250594134093
1.257860450328452
1.2446413208340594
1.2413703902631688
1.2358586157229856
1.21920639329553
1.21330050358693
1.209912545416376
1.2010630310579085
1.1977262911847364
1.1848013094888228
1.1837225770122615
1.1765976394843298
1.1715520281360736
1.1649017947391722
1.1539297362800782
1.1504579077812982
1.1471838827627965
1.1447663261927825
1.139170540513386
1.1306623398368114
1.126506756838986
1.1205767262504396
1.1165991880833963
1.110823999958113
1.0930033001625814
1.0838458135017994
1.080820124925465
1.074852644774983
1.070576341716549
1.060955613275533
1.0518893437448138
1.0428498034539844
1.0280985057702692
1.0178698636190635
1.0155586628071334
1.0110445733480447
1.004294227462663
1.0000000000000007
1.0000000000000004
1.0000000000000002
1.0000000000000002
1.0000000000000002
0.9999999999999999
0.9999999999999999
0.9999999999999999
0.9999999999999993
0.98959953887014
0.9863603071829279
0.984007879660079
0.9830043449466337
0.9794991273651393
0.97199432542856
0.9634942865347704
0.9601434027943003
0.9559091302261374
0.9518117674366019
0.9482028996528894
0.9466965245519103
0.935923046107086
0.9280949103294158
0.9239887559537661
0.9228746563532718
0.9130238466030904
0.9096720025754793
0.901174446633012
0.898384144951996
0.8971675202002368
0.891012641671825
0.8882796861439142
0.8844260467596511
0.877474712853897
0.8721733009530221
0.8716798313811717
0.8643964365569612
0.8565848138101974
0.8520241758726323
0.8484017430597041
0.8409319495749521
0.8339795893335794
0.8325180246661558
0.8234992519826275
0.815225324372732
0.8112816540220446
0.80624209375022
0.803462162116624
0.7963435322078883
0.7911624133583618
0.7862070550224625
0.7832405060259551
0.7731049303643215
0.7654233121867648
0.7610709905590343
0.7490915151900313
0.7445422907874761
0.7396629231316729
0.7291361253695349
0.7205388490673109
0.715406823507265
0.711510476214656
0.704671758938758
0.6992433503441765
0.6965292336944396
0.6890792507821887
0.681093446213378
0.6789128544950643
0.6686222632120982
0.661465814060432
0.6527950262650758
0.6450989631316899
0.6349969821170951
0.6283680220876223
0.626897343764005
0.6211987255336868
0.6095025098904873
0.5981880511852253
0.5963326707183494
0.5939588203251976
0.5845035438470608
0.555734255797162
0.5377586437954014
0.5360198375478251
0.5303680887912519
0.5294093504331365
0.5223018023598733
0.5079504657248648
0.5045523640015375
0.48448191209401353
0.473845274513758
0.46729783913575296
0.45935892058275746
0.45688216624301486
0.4432946583499461
0.44317588449750356
0.43557529223414115
0.43356530926023035
0.42642700897329605
0.4169140877835641
0.4057036140215396
0.39746782027087096
0.38716912271847587
0.3840946344482305
0.37661769371075904
0.3648323452176702
0.35660332517911275
1.7402131748993452e-15
1.4792370145127742e-15
1.3374884218391803e-15
1.2660370687541347e-15
1.1777550176342004e-15
1.1194788884085556e-15
1.0480940044021826e-15
9.910655033442985e-16
9.295250288897592e-16
8.881541221544482e-16
8.73442073432236e-16
8.397583739659694e-16
8.341270466989663e-16
8.003622986284397e-16
7.701892306451038e-16
7.490371881129001e-16
7.217960410930574e-16
6.784643666446412e-16
6.523954847213332e-16
6.253434070798883e-16
6.038212124923946e-16
5.740140170989905e-16
5.321297614384657e-16
5.078864800752704e-16
4.4314467766061414e-16
4.282690227928812e-16
4.20600799869604e-16
3.8460448208804245e-16
3.706736021850356e-16
3.524602962335606e-16
3.354447340871752e-16
3.1806937003179994e-16
3.020928402323492e-16
2.7097730258433974e-16
2.515634782291074e-16
2.132859130660652e-16
1.9307891806083422e-16
1.8577585024650219e-16
1.7936016418503565e-16
1.5748136555362473e-16
1.5273080400071698e-16
1.4495608529854757e-16
1.3568712027489881e-16
1.2022575217788932e-16
1.1275158465814673e-16
9.958100412005893e-17
8.762616754945785e-17
7.182711458993147e-17
5.977175101545845e-17
4.550700077410862e-17
3.9850503320438994e-17
3.069586705112887e-17
2.958379853234321e-17
2.3676591015524677e-17
1.2051309776898794e-17
8.017273079097322e-18
3.437138636160443e-18
