46.65360131772296
41.75687409396382
41.33459598046369
36.470103370629616
35.676994009932976
33.780799246776574
32.891549180135804
32.84827174651
32.146145138360616
30.00515572047497
29.915374795332504
29.553073371406267
29.13989896787963
28.73111231996636
27.443688861614856
27.331578607961315
27.097056818609126
27.048672496971776
26.726636450747495
26.637301464228376
26.213932011895633
26.106716669542205
25.79347998117911
25.32391935522695
25.176844721459982
25.069530787362122
24.68822753917468
24.365444687681897
23.888126661638363
23.78404800041724
23.749701580746116
23.729862305426625
23.057883659773978
22.986439169424877
22.961993934425934
22.641805438372064
22.535764662931758
22.11769961333774
22.037833669595102
21.669112306593476
21.46231546396627
21.393329791501163
21.35978284427921
20.903382910632303
20.62303795939142
20.533168707234875
20.424394143365728
20.19990078357547
20.17064190536093
20.0738974805995
19.98523800703629
19.80879641635056
19.355089911091174
19.274092431355793
19.16185854292799
18.990820634722574
18.87036564993966
18.71751796486842
18.610826704501957
18.418874419793152
18.349895208153452
18.034759455745377
17.880677789923933
17.716185916446843
17.63238213143964
17.570688003086676
17.472543626891298
17.327476733674214
17.190096979794394
17.15148680810312
17.108821763968866
17.02132928934126
16.872674792726734
16.811096586512335
16.742458046299934
16.61223525105676
16.56943104964087
16.534844117395107
16.428038144756293
15.999565729512897
15.994532132540293
15.869338684691385
15.76632725246239
15.575423485345286
15.567029761452783
15.514089726402558
15.323978676737683
15.315986724787065
15.214197381980565
15.080572169355687
14.951824456324172
14.922418803808068
14.919191856182424
14.772200174830985
14.685068462338544
14.586101145349929
14.535773604358445
14.526609740700518
14.417329084604244
14.404614637012179
14.37159344797531
14.30858950088807
14.302514189870218
14.26371381175837
14.209274663838444
14.201180230900768
14.04250591263714
14.03784213442513
14.01274420310193
13.982552913373047
13.955169598882575
13.920816993804477
13.912151165116608
13.901876302735122
13.88068283403966
13.856964409882883
13.745315618943422
13.593807677812173
13.471812718954949
13.42491808649686
13.419394154756013
13.409049282893898
13.371352418262903
13.361057600742265
13.262418746070232
13.171630137337225
13.126358931343624
13.090957697574481
13.059935463603923
12.997263399189004
12.942145726411107
12.832945192480528
12.764768769543611
12.68754083832633
12.545618974660552
12.536860114964732
12.530889558638927
12.522624860638258
12.507820431532659
12.496962811561291
12.49134150990352
12.443090472242961
12.403363189738187
12.400026244206062
12.383861349833301
12.358138648830918
12.327775735060234
12.304909305936741
12.29219484760345
12.268911870166223
12.158198715033672
12.134521383098866
12.04403725737934
12.03746490479942
12.007277487979511
11.934056089295064
11.926976303074921
11.901809382605503
11.882256135746324
11.873248668814648
11.858310213871189
11.835974352554247
11.82468735620357
11.785844455830137
11.78216717394508
11.734858397217215
11.690733524975936
11.681180588089207
11.524169898516627
11.504262767692504
11.493186044974927
11.445032955321626
11.418767722036293
11.385395946196022
11.348042115639219
11.331949001228624
11.312199982020497
11.296272209711985
11.274851126923629
11.218638986406605
11.16997092094596
11.169257115009636
11.155883959175002
11.147534828859104
11.134694547483813
11.09954194384388
11.093727453215106
11.068468450771169
11.018301232446781
10.985154094923217
10.954441249452339
10.950435019123812
10.908676020903872
10.879854640069274
10.784105146332411
10.737478260493686
10.71877401694444
10.702531722915207
10.690200716623872
10.683044651206195
10.654477314568576
10.620923276765456
10.615878296290987
10.601680258270623
10.525833268999436
10.503781243687815
10.496512403804457
10.490819349636096
10.483819139143117
10.481599804846077
10.467251598808007
10.449475880662547
10.436547117012262
10.38889960970667
10.367137187352736
10.325907881033428
10.300485862775462
10.276415907123786
10.272349271878582
10.253938587112687
10.183985618581737
10.152068553825993
10.146011460989223
10.114869832578247
10.108277432673402
10.086392577397831
10.082937067595035
10.040225010092302
10.02913584276219
10.01902457590799
10.018183729575501
10.009850909307257
9.996644675470437
9.989603300440677
9.969638617040863
9.959992150869827
9.95476388100595
9.948639309119587
9.86972278299934
9.863386217225194
9.856566566573882
9.851460350240293
9.843828790999353
9.835612342093835
9.821597485083805
9.7824176019459
9.755427770049575
9.741593184284529
9.730491124266177
9.710554202395565
9.708580582636717
9.70292189640073
9.690154439474947
9.650296958441924
9.623359965290831
9.613282585162203
9.587248334550134
9.579578808272073
9.565741200398588
9.554519374889262
9.55439791790159
9.549088376346095
9.524527802712214
9.505755685465594
9.500167725694617
9.448695982004242
9.447946334688899
9.434861186545186
9.428666770055367
9.416160029133977
9.388450869252685
9.382876300880767
9.333365882757546
9.30342334184479
9.29548609781346
9.252977552221656
9.235347746940283
9.231722196925313
9.229844504247714
9.220681477073752
9.175208919006272
9.164552691252256
9.148675208757577
9.14713310044
9.116544033959826
9.1114365582116
9.098400033601312
9.089978538627204
9.070387937427277
9.066563883421018
9.05586198778518
9.047458172706651
9.044045047945836
9.02863593577051
9.024834727243162
8.993065026520915
8.96664983791065
8.960026939486168
8.956764161080049
8.936227345629536
8.927655493099298
8.921322302858515
8.916277730281577
8.907872144124093
8.899658364931023
8.893486534024149
8.876109799216865
8.844182389962867
8.839866558377087
8.833816057450782
8.831011053822353
8.818066905320302
8.789821779163926
8.781378087163928
8.752395945083055
8.73502885547872
8.72555193016618
8.716440315116522
8.687363071322917
8.669887550310305
8.663740809034447
8.658147215784782
8.649177582846848
8.646044886986273
8.635890407590685
8.633922669742118
8.62610603490112
8.621515503632917
8.617785580129961
8.612634858513116
8.606345306174074
8.603255063347238
8.593229887773775
8.58334063789903
8.571787755292483
8.564461607948617
8.562318225728667
8.55802370590305
8.556585554183926
8.547094500605374
8.546024809213275
8.528081254708164
8.521836998444412
8.512427267369981
8.50281895338627
8.495982341381003
8.482268942928973
8.473558434949732
8.469758148695396
8.458306127226823
8.427809201301155
8.417736993176213
8.38796785934159
8.369885010084236
8.36892793891211
8.368004138259943
8.36439290854652
8.357120710409829
8.331312404763047
8.327784910285105
8.322767663836602
8.316578843852207
8.315030510143862
8.293726473253148
8.287053624162766
8.263568829617936
8.256555698150216
8.245195332864503
8.206530749600153
8.189114881150342
8.170446265658057
8.162778355331701
8.148544187991748
8.132304416716073
8.1234413896651
8.121914704046102
8.100953710681365
8.084252814310183
8.08194458316824
8.04863314444476
8.03206307453725
8.028253590805527
8.016000123638367
7.978983318781043
7.957259247287063
7.921060064066016
7.900834150306743
7.896275249027525
7.871350306552456
7.8613662652486545
7.842632675987541
7.834849648119137
7.826266445622532
7.822660936955333
7.819118137303698
7.815445762144252
7.801628143881815
7.794203766900234
7.7672405559760485
7.75369421879199
7.748222949221429
7.743692687068909
7.738957324126848
7.735123219789639
7.725948273881699
7.722415802039938
7.72042273721357
7.714922804858407
7.706320933497427
7.705299608133642
7.703899758439672
7.689421640135765
7.6836949611603265
7.669889044209922
7.667204297840532
7.658769207051838
7.654846646768206
7.650414125355767
7.64615576268275
7.639896234564744
7.638209118434719
7.634332245392411
7.623408110833315
7.620720688078759
7.599611725654184
7.598480739002555
7.591728390102705
7.59025007928215
7.584613408537831
7.579083128252052
7.575687322049484
7.571970777369294
7.571154481972821
7.562382765060652
7.556493550193554
7.555801548016981
7.543058839829589
7.534557715225157
7.521800801319788
7.504418475074961
7.498823757062556
7.474369968679174
7.470748921437128
7.466770196709868
7.460712909024333
7.444368024886146
7.440768536503275
7.433017368703511
7.425062614318273
7.4225847818189274
7.413990824764207
7.407550202865142
7.383660011071826
7.365523788989864
7.364907425585259
7.3559903765551375
7.350831314115965
7.346840274866575
7.340054899703815
7.335644038026277
7.333180864601855
7.331919917013839
7.326961704778752
7.3255893238686305
7.318735860205697
7.310998690001648
7.305328043764
7.297398520757993
7.296143719813967
7.2859696502550895
7.283201342230302
7.268027401267216
7.260247209035067
7.254814473986738
7.248089151302939
7.247656482372779
7.237810266118783
7.2250781569408575
7.218132827453312
7.215056843069501
7.210902057604854
7.208101013613987
7.190796121177592
7.188309424777584
7.184608057232867
7.175448337962283
7.169284430512457
7.167366645359469
7.140485255045585
7.135412496621514
7.129193728307303
7.1269178150879995
7.122543865971174
7.121012645935521
7.119250009502897
7.117061448160802
7.096835606525058
7.094797480448788
7.091334184030445
7.083840493765018
7.079353213337507
7.0786218675155546
7.066250464933081
7.062830852174871
7.058614859238076
7.054415506866145
7.05219454062165
7.046669554606845
7.043744155486719
7.0405301374211025
7.0327431920660795
7.025100007453149
7.022136374931493
7.0168436935230885
7.015674179071558
7.014037767800543
7.012668561869704
7.011592011718055
7.004648231887145
7.001951929588104
6.994797859020523
6.9899622517198825
6.987125173434977
6.982002378224038
6.980683732580539
6.9748059147099575
6.965640395317756
6.957529310592297
6.945788742869801
6.942531685396427
6.937903185482425
6.930363702531705
6.930054714008587
6.9247639052095105
6.922876608975984
6.921372368947498
6.906103210187666
6.904955508764675
6.902011485876635
6.900348621004846
6.898595365102213
6.89305569387333
6.882112291425534
6.880624042693841
6.874759107419155
6.8722307720361355
6.863954305962899
6.858394467836049
6.851699972387303
6.851041512300786
6.844939152230513
6.843411937864934
6.838973302141342
6.836829165235733
6.8285338847137105
6.824438712194695
6.821720083970701
6.820069894694523
6.811865386228461
6.811688073120466
6.810564263020371
6.8081290309833955
6.796337336541565
6.795174676073839
6.7921106579760755
6.789908149033009
6.783962543393872
6.776241636166684
6.77394709784015
6.767007885005064
6.764876453041758
6.760931461880286
6.7586200553405895
6.7532427383631
6.750156117800432
6.7492988138383065
6.741706473115386
6.737238135225187
6.73424435400865
6.731757415518776
6.723625473600328
6.719100144386527
6.716720274877869
6.7142121576874505
6.712255596197439
6.7103812360433475
6.708670084582927
6.706705203945712
6.705704830291812
6.700479979875671
6.69877522115876
6.689987347518014
6.688153685299409
6.686081383783919
6.683540364741944
6.679878199312726
6.666581884837796
6.6609048155189186
6.659513982294547
6.653382704558827
6.651715423414692
6.643266685016098
6.634214153379893
6.613520543091555
6.608831384438943
6.603470944281337
6.60182619220964
6.5995801883559455
6.59786006920028
6.586067011549582
6.583317244299053
6.579535857847299
6.578388680547704
6.577537085707108
6.570650419447072
6.569011297082365
6.567329115342297
6.562455858255982
6.5555820098719755
6.550966692385058
6.542889588508718
6.539941539104171
6.535217759438517
6.529083536593572
6.524434335843267
6.52170095978517
6.519304142743244
6.509974550009685
6.509876165108059
6.508001160049368
6.50603689927324
6.500937787454863
6.5002100277316215
6.498637569865612
6.493849318017343
6.489696660873362
6.482772808032183
6.480436132243483
6.476747366969571
6.473885395614471
6.456233738982583
6.451142229297736
6.444892005920378
6.443314088013173
6.439891205071462
6.439846534548957
6.436615032105299
6.433672341746255
6.431989463177277
6.428961932331589
6.424195381923139
6.422054552673686
6.420146943450785
6.418797628565308
6.411966671543147
6.41087024213849
6.392130580908156
6.38748978090486
6.383238298685422
6.368767068184945
6.366391334751577
6.363816961825729
6.361460567073403
6.3532494388290255
6.3524661501476745
6.343084342477009
6.341337844001106
6.330388330311059
6.3259424711601575
6.304784873171433
6.301626175467039
6.297740421857711
6.2963892963249
6.294586904130092
6.284005677773273
6.282184779988013
6.275207966915846
6.273964066378669
6.267019910280119
6.265727939671558
6.263093927741539
6.259783410228525
6.258196031941384
6.256347406700051
6.255694282395068
6.253342480482968
6.2504755058819415
6.243464685543138
6.2356330633252535
6.2310946547324875
6.229489762241957
6.224050105148645
6.21501483107585
6.208985133226139
6.203646599529648
6.202842752921714
6.200668841988131
6.198977356417594
6.184693507150493
6.1824873545565255
6.1821633480685785
6.1779553785753185
6.175250502733428
6.165417380291111
6.162580684401839
6.159758685689802
6.158676892067856
6.154747012853338
6.151000911330738
6.149731135504304
6.145669045050088
6.143527882522751
6.142897875131405
6.1424444082404674
6.141705707004663
6.139311876082849
6.136398899416945
6.13359721870184
6.122757463138313
6.121431393500502
6.116777726372636
6.11597297614312
6.105656550026421
6.101036773753562
6.098637015497262
6.0900598116775955
6.0818349316166085
6.077857881126065
6.073887070283867
6.073120157540221
6.060040410725892
6.054898438790007
6.05414186357135
6.050359893720523
6.049857994752711
6.044668909422947
6.044501648504031
6.038945966622055
6.038114279209375
6.036614761049465
6.033124019305573
6.0279802933716
6.024266975801681
6.024124826933867
6.022769591893471
6.014434872169157
6.013946086683238
6.012011746135242
6.01052654185071
6.008410443470913
6.004356900174423
5.999468639675815
5.9987381836379985
5.998204150920944
5.994149100139058
5.992649214606293
5.985014106105019
5.984338858015839
5.982966950326359
5.982430759701706
5.9771563555301315
5.959794735699629
5.958793968666002
5.9457295777048875
5.943403174455496
5.9416998711029505
5.937938493219369
5.937295338318963
5.935325689091549
5.934259562485938
5.924157057763589
5.921197387469195
5.91549866373857
5.913890688858098
5.912630719524478
5.910975245206558
5.910294898299665
5.9087390108675475
5.9078967310677495
5.907526187930854
5.9058021894423325
5.903896395784118
5.903237784833367
5.893260212530379
5.889323292097664
5.887438039389129
5.883448500120248
5.883032072003402
5.879945592538897
5.878168240377941
5.875947698414688
5.872048804336903
5.8694240429712545
5.862667258026401
5.860950924760547
5.859503901165882
5.858947992032735
5.855853351856751
5.853914548159922
5.851891347988538
5.848662772328892
5.847353955253626
5.842133255383122
5.838919510842545
5.836395648005015
5.835362380798659
5.833393153331286
5.826782709020952
5.81747266621538
5.816686105849105
5.80818354294467
5.807395478633167
5.805972399515626
5.805256676996244
5.8025651700239536
5.799472606329093
5.7969372050710195
5.795787834436887
5.7874492223136835
5.784681871322429
5.7805749558746005
5.7748843274094455
5.77330068222433
5.772011094279419
5.766663496594461
5.764650052252917
5.763248389368176
5.758575643905375
5.7521401457788
5.749893875584327
5.748608038648384
5.741702601574318
5.740267135752448
5.739154199843425
5.736906704746782
5.733140143119597
5.731347266173273
5.727350289496804
5.725041631169489
5.722443119001387
5.719790066568353
5.714245861904827
5.708412674755547
5.704336677582239
5.700764872026843
5.699752299063312
5.698927683884578
5.686337639629039
5.68579563158799
5.684542929676032
5.6808678548600025
5.680198908887344
5.679050261981387
5.6769701786883555
5.674462042221614
5.673295833119484
5.668266837387739
5.666651027679415
5.662569088994075
5.6582391472258164
5.653458908794468
5.648310250732459
5.6418119734326275
5.641349591196285
5.641030092957393
5.6170832497750744
5.616752114163524
5.615910308074917
5.612165301194643
5.6105700460795696
5.610398539939622
5.6063981612255445
5.603943153633624
5.600076429928372
5.597767526998533
5.593708581650896
5.590878888758016
5.587607600660491
5.587090592093374
5.585948392168266
5.585877579998819
5.583286164567456
5.581692611031205
5.57987938961236
5.578960678151855
5.574539448596914
5.569492199751328
5.567082946226073
5.5652356351933285
5.558739014074686
5.555765466815613
5.550972794413009
5.5449326441605455
5.539654502962472
5.536292330302321
5.535835823951243
5.534061070417943
5.5297473728288145
5.521372624114158
5.5187004365413665
5.518127846107409
5.512258030289294
5.509995221685366
5.508138368523614
5.5067337031203545
5.505341725174387
5.504841097580719
5.504383429081105
5.501395137682161
5.500687850016982
5.500527293697259
5.498830922458799
5.497922748731748
5.495464448035968
5.49511490987862
5.48726709731263
5.4851604850941005
5.483873821756181
5.482278393315355
5.479772366462134
5.478683729631283
5.477701455229009
5.466288252355323
5.459755219775104
5.458347592961259
5.452416042990744
5.446694101560063
5.4404546575892745
5.4392154303505595
5.438138685472708
5.437745319828335
5.435078619319848
5.432173765010984
5.4282046921859575
5.423986791874355
5.4164125256769955
5.41516539890855
5.41347049684612
5.410680797425126
5.410062116901865
5.409717060592548
5.408413755564554
5.404524161265213
5.401664072701828
5.396329675513346
5.394366218522788
5.391047268463589
5.389672313091548
5.388689998595799
5.3863332912457835
5.384185163589521
5.381231001993896
5.377792446216703
5.376634990863829
5.373567423685682
5.370992951469954
5.369702811396712
5.366961430341069
5.362843738116105
5.360537724767123
5.358288058872412
5.356979655968799
5.356150237066748
5.350693424552208
5.349669957001594
5.34580937263208
5.343175504137524
5.340615981514387
5.338156112211066
5.336891351562381
5.334445713086432
5.334008467540816
5.33199746054222
5.331613261360979
5.329000436530861
5.327561746244291
5.323162394849955
5.3198272919988865
5.319436198884337
5.31866643219781
5.315572630820526
5.314923753127427
5.3120076913895975
5.310781589657658
5.31024772371579
5.302818018919482
5.299888688201368
5.297119153774542
5.294697828978407
5.2924266436656335
5.288226368856522
5.285118837209269
5.28312700572832
5.279969151622151
5.27856703551305
5.277301401268271
5.275720437993503
5.273581155144242
5.272665656717432
5.2692681018478025
