42.9439415131732
40.82541172222456
36.7685092790734
36.353645575973665
35.55759316991846
33.53987844945476
32.98390984585065
31.31481069713718
30.759983469138398
29.457080415441553
28.088125718305687
27.476646196434835
26.334511395517755
25.05501773219353
23.770517571600625
23.459558392345745
23.168218152838616
23.06954414742808
23.041051163238514
22.905979649616707
22.56009697193297
22.28422105869776
22.037660945236578
21.854956269947273
21.40504674176587
21.322395690130616
21.072277274126666
20.9585213242865
20.72466011732418
20.079288413050605
20.023338549712168
19.74577671107391
19.67854162080406
18.864707363935537
18.319233409454814
18.059449582233896
17.374418441428265
17.09526986951858
16.94090492774376
16.904444195257078
16.504140519036554
16.410134228516082
16.12778890708553
16.104008332287968
15.742871645579358
15.528315104299033
15.134672085521292
14.801624420398234
14.697015928744442
14.54679301647126
14.431831678600359
14.155211669792038
13.948092167923518
13.626951403063263
13.528554006101832
13.32129459364707
13.024230967061053
12.899039369188717
12.759992343196627
12.688936163004186
12.437268266281464
12.099087567797913
12.047025118363692
11.820531784602663
11.780987022103163
11.656794995649859
11.64263964894649
11.568324023134958
11.499224256179595
11.3832052512657
11.306486763668843
11.096342912643992
11.006263375301712
10.968725885180254
10.932229677592403
10.648009853178621
10.578622365882739
10.51786120299091
10.506249895952998
10.479866357367698
10.436427809660671
10.279042650340697
10.12404378765603
9.992468839144971
9.884812378362982
9.635711361723244
9.566137904047563
9.468254292665462
9.329034982435859
9.283208102755056
9.275388729879317
9.190248070607886
9.14034290031564
9.118093310808158
8.990187813246845
8.94982345336856
8.926532022930397
8.898282057286014
8.838710271590433
8.81518003752292
8.63009017118963
8.60148054023502
8.590411181482144
8.564788521709225
8.52762521541325
8.415488171171436
8.362161044920391
8.306608257011321
8.288298050073792
8.241208404850502
8.226032461000347
8.132699903994036
8.122296379780613
7.999028175816271
7.98590922317027
7.931043276787926
7.82260724952481
7.794332492945103
7.737031152395915
7.7286816387564725
7.692958585959836
7.582735956352056
7.525943993542535
7.489396496506028
7.475960837605685
7.419320294564984
7.407528450231658
7.373768159948254
7.358104663046506
7.286592678229742
7.283011832097676
7.256947316959486
7.244056627965856
7.234496148154397
7.230997587076166
7.160410262532203
7.135668554120324
7.10003781981729
7.074422270246621
7.067006044229299
7.010398531661457
6.986311398804706
6.914662135472773
6.856722629394311
6.823438666752842
6.7834565929107375
6.7198539205835415
6.714676597027506
6.594965788338429
6.559072332067629
6.527283716433795
6.521711364958542
6.492455308537493
6.47996993470418
6.463930800418933
6.422308860330415
6.3958146066077735
6.36114658470587
6.355124571961856
6.304801038857443
6.29863055988113
6.270570154830488
6.241005421481393
6.228610613061551
6.170215441556612
6.147883283228489
6.134243176567395
6.127731994057987
6.080135678137584
6.045777324669083
6.0364146118395166
6.021918435270459
5.991749757801611
5.9586525300381465
5.915364113440452
5.904123088147543
5.831229689784702
5.817152752110641
5.805337539131644
5.803482084014442
5.774328762662652
5.74587001065704
5.683839448088154
5.663024939250377
5.62909416865329
5.611554408313656
5.598814497468492
5.588225605379029
5.573385301152142
5.568154386456782
5.552395442150584
5.513348753185797
5.484643745237301
5.45232430185479
5.387541790417689
5.370651585398841
5.360235268068777
5.323690476912994
5.316372198138709
5.290765944524681
5.284967005772971
5.2763178264715345
5.263188399633189
5.2430564450464665
5.230874242198658
5.135154736978246
5.099421359136496
5.09542734956116
5.087754369298308
5.077403337872533
5.06943280226696
5.034866181021761
5.012775616767999
4.999681678845359
4.98211432017923
4.9465973046386775
4.9375640620996
4.927791467391693
4.886970247381619
4.875579636679714
4.868558556905991
4.857540090406501
4.844722580567326
4.818565050368481
4.78704009492504
4.747506878955495
4.707126828691958
4.667133656389517
4.63561927782685
4.6208519757541335
4.616584424310132
4.607596944648007
4.557059911035742
4.5274871361138205
4.46143420366945
4.443168374184682
4.427839232569999
4.425265724333146
4.401943375703758
4.376347622763795
4.372731220055556
4.363116860750347
4.357163347393299
4.3478168781316695
4.33243936677376
4.304411473989427
4.284884419217077
4.226744176181474
4.222959456916867
4.214200829939085
4.204458413292566
4.202582276483353
4.189844086405416
4.1832231398660165
4.170615440437253
4.154464020171745
4.135228309065172
4.111986346166085
4.100334133463002
4.076243930292576
4.073846235008614
4.070492471204483
4.067896103292961
4.0283939116986325
4.024234408789962
4.003171563747374
3.9870917279695606
3.9784214380356944
3.9512804274971645
3.9400334088203857
3.9369782087223686
3.935683202007382
3.9216778545894497
3.9163027920235898
3.8578222945093823
3.8377324823400616
3.817965719132139
3.7664839828521215
3.7637681380615327
3.738536857986955
3.7174254780007314
3.707734144788078
3.6873208822881685
3.6812498925789887
3.6785664750467557
3.6700520254975086
3.657670009666704
3.6554136722323376
3.653643161022538
3.613017026960594
3.6020986498383625
3.5901715939187557
3.563900333304246
3.544477963473689
3.533249688467632
3.5202445717280417
3.5088865728350234
3.5008697107556883
3.496015397736037
3.4825969899282057
3.4820146040770608
3.4760096317013995
3.4701271136366847
3.4677578181450697
3.46388212032033
3.4629310544804577
3.457914061123395
3.4351510508014167
3.4242825111331454
3.4094829499822437
3.4024176853189965
3.3776707580060323
3.3682797129212068
3.337700193491355
3.3272557452788614
3.3105375826424788
3.305906347109229
3.297976033809374
3.2959533769479346
3.28740820088317
3.2845522764166004
3.280566984012063
3.2664455012997498
3.2557693159974206
3.2263545550622
3.2213895126037917
3.2191227023448232
3.2128280994958716
3.2098238309427285
3.206145728134986
3.1951848011966675
3.1941629409399876
3.17929738421618
3.1584956844970025
3.150849760804258
3.144019873286616
3.1373214474493634
3.1309878196172116
3.1095363468288597
3.101203133455536
3.0992606987838753
3.079615047781272
3.0528157067628405
3.035610280842313
3.0242074186552803
3.017225159566892
3.0082764845695658
2.9911919795200066
2.987851257477321
2.984030870206617
2.9748008805212964
2.97087714710267
2.9405193256448636
2.9331720199114515
2.9287185229638117
2.9212592011262504
2.9172068167583363
2.9072032089579447
2.905271617949583
2.8965090005272156
2.891764381561955
2.867495492471752
2.8646792842800397
2.8401554363375245
2.83901583572039
2.829439574909956
2.8189710634390903
2.814684089893924
2.810483558560304
2.8075320853107413
2.801957025351006
2.7972238313270665
2.796212703644405
2.790243592437865
2.7885123188230336
2.7871463504229954
2.7817933971865196
2.781023199838813
2.7723131831627836
2.7658991680744967
2.7567244509997524
2.7556462703611455
2.72562705279961
2.7156085147061604
2.6400789916921403
2.6289219882695285
2.627385731110997
2.6088026098559403
2.589521890658484
2.5667329371123206
2.5613859968016284
2.5447779428564488
2.5252059098869473
2.487575523454765
2.4803415951340746
2.4781644556209725
2.473161272084204
2.471098017886821
2.442189443376114
2.4395306747598164
2.4365529435586946
2.43575096823848
2.434239782076796
2.4323945473764006
2.427539552078974
2.4032124771589296
2.3995267451872353
2.388089350682447
2.3799965892044996
2.377162404570092
2.3662751957071566
2.3632899070161955
2.337215861759807
2.3345973937220696
2.3121893188419764
2.3056776176049096
2.2911525834525923
2.28835780758785
2.2841920792568717
2.2721623738330696
2.2597064040590777
2.255483043402838
2.2315059669937436
2.231329360414377
2.2310978445611855
2.230049342397608
2.2285559281146665
2.226357510438844
2.2236057151008386
2.2221526902212
2.219548415537872
2.2190083900518034
2.216347946342297
2.212944106644499
2.2119166900505354
2.2097876566001915
2.2089550548924195
2.2009260140375977
2.191926371324003
2.1870168592575228
2.18626412363657
2.1727006670474354
2.16918068065859
2.160337454496121
2.1493481570128234
2.136277596629733
2.1128977824786785
2.1072733368116126
2.08558960130968
2.0851865353756005
2.0691118434243267
2.0600980009190404
2.057340599949619
2.055830814616531
2.0508741409733244
1.9996264419446157
1.9950527726163703
1.9918919915381355
1.9916324048851348
1.9909455609983657
1.9860789098004716
1.9857659628926505
1.9843115589955787
1.9817945978901874
1.977712961910212
1.9762353348879107
1.970807803898808
1.9672414481586775
1.9620808907860894
1.9588842290549484
1.9528373788552775
1.9503248583662147
1.9329530695457964
1.9240538230784472
1.9107741808803442
1.9049096793920097
1.8905230022726922
1.8882245910336073
1.8862879204810123
1.8811050327139884
1.868284687905315
1.862374725318774
1.8438690022356257
1.8219877214738804
1.8212387645548826
1.8146417641844996
1.8117298421013897
1.8107128565118662
1.807978867902052
1.80330744628085
1.8001944585770726
1.7927296970055975
1.779480123698135
1.760380982623176
1.7414624637068317
1.7309009052969706
1.7302575495371768
1.7282455426411842
1.7278894206941289
1.7265610975606682
1.7253309813604776
1.7248105268430967
1.7243833313347194
1.7225641395044171
1.7215189695271433
1.7186683929823956
1.717394698831139
1.7157032626629178
1.7153382416714813
1.714829752023772
1.7138122944835152
1.709569313875753
1.7091045270625875
1.7001963463967344
1.699095922883103
1.6925259947011875
1.6905189135540544
1.6868769743666472
1.6836310987323044
1.6827770194339482
1.6804529943896567
1.6784170280200532
1.6735036260396676
1.6725601874794485
1.6702106201830869
1.6587054608766185
1.6580752892240087
1.648225745044756
1.6446694583595487
1.6353135710788398
1.6317506265483317
1.6205519602279483
1.6154596281262967
1.613450530775468
1.6124409333664862
1.608980858811581
1.6007434357833499
1.5979633353993654
1.572467386252976
1.5713381419061163
1.564475634371781
1.5627837904361213
1.561331871740686
1.4904772443066896
1.4596268398694288
1.414213562373097
1.4140436200237458
1.4139848287899588
1.4136994872202857
1.4133090633142913
1.4132098339775718
1.4124421562884406
1.412064664215589
1.411972241506742
1.4117051334356865
1.4113562158131059
1.4110352660377579
1.4109898963992542
1.4106635253266397
1.4105846549254033
1.4103183700660535
1.4095559380346274
1.4093625993756942
1.4090818860536138
1.408940230002922
1.40803527876574
1.407815968655812
1.4077687639061551
1.4073877466221865
1.4069894524119797
1.4064681816820497
1.4062250236353495
1.4059162382255008
1.4055405982126077
1.4053135592165658
1.4045245387498004
1.4037493636973235
1.4030896130348551
1.4022824682097361
1.401841010119225
1.3996134134514215
1.398092178160991
1.397475253426613
1.3973642555370607
1.3969299772060875
1.3949707633624426
1.3927052623430485
1.3922228945088284
1.391270065842349
1.390065914152662
1.3895694729664425
1.3883671970235363
1.386273968645101
1.3817638269994728
1.3797288955133007
1.3779862771868794
1.377014213819474
1.3767539097253043
1.3764688326877363
1.3738966381624353
1.3725249645238715
1.3723464525698128
1.3682835386807093
1.3671631800792117
1.3670654074791833
1.3658318020682039
1.3608504813047189
1.3598287848549488
1.3588686119507283
1.3544396583382727
1.3510770659135902
1.3495278921683092
1.3481233449409362
1.3426047978015356
1.3416147094680497
1.3294617712907009
1.3262633852326524
1.325328724470142
1.3157323847724802
1.3101003677194698
1.3002192893169502
1.2953832809313284
1.291682243440106
1.2843754257346223
1.2777645564701499
1.2281665374011976
1.184990542948122
1.1690693037206716
1.1683337001271084
1.1628618929922603
1.1389884313119538
1.1056148148771165
1.0945220720144184
1.046462131614696
1.0332643956675422
1.000000000000012
1.0
1.0
1.0
1.0
1.0
1.0
1.0
1.0
1.0
1.0
1.0
1.0
1.0
1.0
1.0
1.0
1.0
1.0
0.9999999999999999
0.9999999999999999
0.9999999999999999
0.9999999999999999
0.9999999999999999
0.9999999999999999
0.9999999999999999
0.9999999999999998
0.9998858416490829
0.9997720159357123
0.9997026480266351
0.9996961941176591
0.9996208014344002
0.9995625857514121
0.9994519279387941
0.9994441657606898
0.9991697335409453
0.9990958444019216
0.9990465209782424
0.9989977309314504
0.9989786060325054
0.9989449028550393
0.9988895030763575
0.9988786522145884
0.9988056468037099
0.9987822207594145
0.9987401321650411
0.9987087967608882
0.998485890529017
0.9984197631065763
0.9982855844063008
0.9982477034585198
0.9981447164523319
0.9980358364444373
0.9979961919951358
0.9978446794003961
0.9977799288637583
0.9976195742920106
0.997564825765563
0.9974686299294974
0.9974301443777353
0.9973787311831135
0.9973616648047213
0.9971789966161958
0.9970697236225307
0.9965303972169716
0.996202652462393
0.9961734169780845
0.9961131611367935
0.9959100240704022
0.9958424350032974
0.9956383408807024
0.9954894998427941
0.9952552315132052
0.9951892245746042
0.9950189747075678
0.9947222543512486
0.9945282544736462
0.9943065878712088
0.9941960417243065
0.9939336832637257
0.9938369288025782
0.9935829801469719
0.9934991299796925
0.9927893070539353
0.9926696435336554
0.9922476788141988
0.991993123416778
0.9916083502027498
0.991517072302436
0.9908560612823232
0.9907307426899297
0.9904723232212014
0.990002213325463
0.9899759796047158
0.9898664494344508
0.989335475964411
0.989229485628233
0.988976457679163
0.9884401815637465
0.9879038172534587
0.9871142019981278
0.9863494166504445
0.9861639241032892
0.9859565166530592
0.9852966850013892
0.984576186674236
0.9844752192270938
0.9833507667332356
0.9821161536566058
0.9815019736132031
0.9807200812549762
0.9806799225984498
0.9800826192076525
0.9797823320382887
0.9797525388782874
0.9796127373855544
0.9790653979510343
0.9787953219393494
0.9775303839622282
0.9771415055369123
0.9763922174502664
0.9741866659157098
0.972018604732909
0.970895794629902
0.9700304200026009
0.9690132763009801
0.9685235416071634
0.9655677295329207
0.9648707239079518
0.9635443242900471
0.9597705384020863
0.9596268502707387
0.9593061998694887
0.9589798190063207
0.9512260614097151
0.9499450122130032
0.948841304110811
0.9437153889510647
0.9426148124675159
0.9420907684404979
0.9349811135253464
0.9310643004051626
0.9282903200852457
0.9212779528134802
0.914664447243586
0.9115449538532794
0.9055626644955274
0.8987578658685534
0.8964852734958183
0.8954488589813776
0.8949795587785689
0.8882322698122394
0.8707883737618476
0.8667947809073289
0.8516530336915812
0.8425905301816053
0.8300617778181807
0.8288285468836442
0.8246075470693081
0.7650994460170644
0.7568689539531357
0.7521808335137697
0.7415255452660222
0.72056630143844
0.7107329798786174
0.6415379655874919
0.6178211195449649
0.6175025243338796
0.6171342873202936
0.6169707128978289
0.6157799416153028
0.610037997680558
0.6058604225230613
0.5665693058598765
