144.32131344736234
119.83551816683618
111.26987512570466
105.57346603011972
102.65531576605675
92.6836083612439
89.82942244225303
89.3786435991617
86.42577219843113
84.08895868663149
81.09004656453277
79.8734362454334
77.57359353664967
75.71890718129497
74.74122831208165
74.11543785866512
73.31589182662431
72.30723780515625
70.74441635535094
69.83419000298973
69.36961162372722
69.30124305689826
67.75410941880324
66.88639384618092
64.92268845461562
64.50906420279341
64.31200594933199
64.16858450118106
63.487858281283934
62.991789845665224
62.47656078146598
62.20489882659343
61.79123993536343
60.45770825798729
59.67688744532319
57.75005365281664
56.68806102448992
55.71343137143115
55.515008338270036
55.24084076392013
54.63122375474377
53.99810860871341
53.799467456061855
52.983438856665124
51.535848062173265
51.444881969935864
50.292003979914725
50.068140401038505
49.843433570094405
49.75476678681249
49.199803096159386
48.61062566245561
48.23225616407996
47.16259371364554
46.366292514817914
45.53912301378058
45.318819788892256
44.81172225260442
44.454637893744945
44.21227118316917
43.64408183417972
43.53204175463307
42.99894038970269
42.38634328765091
42.29093243556385
42.216201192525475
41.89583171287203
41.60327475076124
41.280420426209645
41.17857689492454
40.886341462350444
40.64375234264486
39.956557199548676
39.832269991170236
39.76283865339328
39.65117897144706
39.464747781113864
39.032012081320815
38.875460882675654
38.79410272465088
38.74614750766742
38.66755605663729
38.479128674956115
38.411539925607805
37.70578461565875
37.46977282097228
37.321161076953764
36.71858618504915
36.61779647702614
36.43629832315567
36.27401041709603
36.04905736426828
35.70327385193018
35.66475452039096
35.49707361383382
35.4335705830555
35.3472023385702
35.10375591512911
35.050978775966264
34.96103127978927
34.64396391233809
34.59696648806229
34.558692505393445
34.436761458453475
34.314473531483664
34.10748941951277
33.90118460504202
33.61864356164143
33.22995554550078
33.119923650729326
32.98758779992553
32.9032611699552
32.467725933139285
32.42968820455534
32.37593524827283
32.340629569492606
32.18432996540683
32.07846943037991
31.927218942013113
31.721584841099595
31.633246956400406
31.590717810221584
31.416175194136414
31.39724657842285
31.337530357941862
31.324079820579946
31.27755838112951
31.16665532983926
31.07668664513312
30.969374112279155
30.85235308459527
30.686642075357764
30.59242889387797
30.480829930847655
30.407762536199847
30.279261022617543
30.12090875167738
30.078010863777905
29.944278832003786
29.83837394420554
29.709453693573817
29.576937386603934
29.415867525666044
29.180938300687696
28.93525835205083
28.870128540314738
28.806848181532963
28.702659819216993
28.64772854802362
28.311690427254664
28.206131734409958
28.162545176503013
28.055833869210314
28.022709940317952
27.912775012317283
27.78676722252083
27.548777675268838
27.542472020119867
27.432072662942304
27.275214276019543
27.26307078304498
27.232576252889128
27.167914236835202
27.001166835923954
26.967713128308716
26.867583443494446
26.72169268776744
26.686319956359164
26.636125716293026
26.5400901237095
26.451600506090017
26.220504665229598
26.19457309256406
26.178550519670818
26.106429428908612
26.081377132818098
25.89817748871914
25.83479975914323
25.81726966862351
25.7638352423457
25.739307804240823
25.721678174454556
25.624458079412182
25.554394299020206
25.53309351701407
25.49220345139729
25.476645849411693
25.442517618112145
25.306970947148375
25.27616239697307
25.161003390152054
25.10620538949176
25.083199577334703
25.051495785720977
24.98459108886143
24.833991285553214
24.785525960101275
24.766754676350004
24.736124643341476
24.721930076740758
24.681181990462775
24.662362702626844
24.534686324914833
24.460929802500974
24.35014977166412
24.33509641615767
24.291386798381524
24.26808678362957
24.06724265449527
23.935786368686
23.850727998005894
23.802699312409683
23.673492790537463
23.655918761404653
23.621916002112844
23.543905656487706
23.490308946867696
23.471524573169475
23.25720250982828
23.21867193912442
23.132617700705577
23.07827165310332
23.04262219410557
23.014733977413318
22.900316294198788
22.888871393784452
22.771184655701514
22.752453798585808
22.686771721718294
22.541459766249943
22.483241417375414
22.421069986784325
22.306694002205003
22.249027337437933
22.23687250452641
22.174520551294613
22.158354765080674
22.057303219783694
21.866763701611568
21.788539399952857
21.77065420020196
21.74194159824195
21.722021169698305
21.696686355904358
21.62460309183258
21.585176769752287
21.520626941270187
21.473657493667353
21.419965258909535
21.36117613377875
21.35758093371965
21.317642516947384
21.25919373825412
21.230444687024036
21.1706362113405
21.165983968087463
21.139479554134045
21.10779268860942
21.04382174930836
20.90804437694753
20.847847442594443
20.762058720052202
20.742191517697037
20.68350986558863
20.630703358142114
20.584122440983005
20.535269392190166
20.523698555097294
20.46999837418929
20.45974857127396
20.444576695594854
20.40014402900455
20.268386255657333
20.240387032244335
20.179954516595345
20.11005194287067
20.05451369858876
20.016106763828603
20.000826760455094
19.937867100945642
19.919122859833536
19.902179288890817
19.88185540568814
19.869878457806326
19.839983323282976
19.797010662689846
19.75484971517404
19.749450666335417
19.730563456821127
19.70106018410596
19.677244414324445
19.63566422142565
19.603191647306982
19.57589703635529
19.547088881751506
19.479713173966477
19.46872403480818
19.4502170940168
19.447893599348497
19.405864146553796
19.314484937226645
19.26262828256638
19.24842566560934
19.227271156596604
19.21243063747481
19.1201432601586
19.113555161881195
19.057014346596485
19.024891024423116
18.99806739577462
18.980960386628663
18.96985851801124
18.952099025746566
18.860252956571188
18.821893861963407
18.804537904551523
18.736587821378713
18.682733487814993
18.66298761884704
18.642523781577925
18.622862329055053
18.58728363092374
18.580217944645035
18.54190175391497
18.50962552757323
18.3632945189464
18.35418485498577
18.33111187371377
18.246942209489543
18.191172465537612
18.181909916982192
18.1385408333294
18.086671164499002
18.077374829258826
18.041514598946605
18.02421128069068
17.992730936560836
17.96880930867511
17.945042042538034
17.928497519192053
17.86239608827968
17.847447506044947
17.835885044350132
17.826464570660715
17.798404326077915
17.780176849939675
17.767888831675595
17.709371100686262
17.650409341280884
17.639854948457266
17.59088234737402
17.568920376418642
17.533693177890225
17.515794605539586
17.46636689470868
17.419077118498492
17.365233016846357
17.262547680635212
17.221615465210256
17.20875017796489
17.18885416383482
17.148317653504588
17.10823065708089
17.06837871635343
17.062602797896883
16.964438953885328
16.950898458785232
16.903895017134914
16.889639484583473
16.851969686399368
16.80175309145586
16.79547279830343
16.7856372156481
16.652431587740022
16.599021593230788
16.55951029787862
16.540210944309326
16.52975265341465
16.50603416530163
16.496589655493725
16.47781403449284
16.453245341174135
16.407265841506312
16.401403374216393
16.389811604103386
16.37784483753897
16.343076481182912
16.317502801573628
16.282076227197017
16.162842911559864
16.12231979131443
16.07041337592378
16.065835296552216
16.051154898366125
16.041957585583
15.999741474687303
15.97639315138782
15.945728400421276
15.911166859891805
15.9034575650854
15.831919008452536
15.7962643433243
15.743291290896508
15.70657270573775
15.66901888556409
15.613298028228991
15.609500797321894
15.572292982048094
15.504567171794346
15.500749620800494
15.480475321409672
15.467668993600359
15.422733699774954
15.398330345591214
15.36200184098498
15.338645096621457
15.290613578095062
15.216399104490945
15.207025005063395
15.186582965789947
15.172985758207663
15.163824444123044
15.154570341810485
15.148078022154598
15.131855991969559
15.119089671470174
15.090118804690738
15.088687499378302
15.079978348243005
15.068933151319484
15.050368503947523
15.02070223394379
15.009261493704933
14.965840593740575
14.946141678778393
14.92893708176852
14.86928842687106
14.864679645891131
14.848869313349955
14.828437150706536
14.816138245967373
14.804986285659444
14.739964768833296
14.676698945642087
14.6487483380049
14.63230842965742
14.609266253722003
14.600530292988026
14.55401883327913
14.53987253903289
14.534028495038607
14.494680253777492
14.479499377466704
14.471394636908494
14.444675743723533
14.435664641800793
14.430148770795725
14.385882855243327
14.368726206234898
14.355808744400536
14.310478865926541
14.274315114943002
14.210330448149946
14.19208287865019
14.189583940551932
14.142017859528195
14.089714702671268
14.069454365583457
14.052510428818538
14.039847648030484
14.016170359163572
14.010071824921317
13.96232844903578
13.922628465894796
13.917194125749255
13.912196087209876
13.883470530074895
13.879089360196836
13.865743655441284
13.860476093588867
13.847287769939893
13.823811675325059
13.818550216655154
13.804868746658963
13.778466931316373
13.757219777878227
13.741805202017769
13.738499479551315
13.735506850375153
13.696738806549272
13.673280861734282
13.640945606698502
13.630015917175683
13.601313736130038
13.59578724809748
13.572180649629104
13.55440942507364
13.53979741107382
13.534501781478664
13.517698047396538
13.489731017677885
13.46030394001241
13.4358863669555
13.385007081907434
13.38129090831688
13.372997328648568
13.366064926338652
13.357134343292927
13.3495297329707
13.324004561823307
13.316173045724408
13.305979560217594
13.293787147466332
13.25773052179477
13.235655062066147
13.214124915241946
13.200954868746027
13.185549851746194
13.155968045120542
13.109008500566178
13.06900877840319
13.039894393156578
13.03245904226196
13.02398898166755
12.973529117317328
12.942760680963405
12.938361723450505
12.923664845018331
12.871827636050133
12.867563198675732
12.839236513751844
12.816940255247099
12.804087250501105
12.788511611016197
12.772833172413675
12.753163113525943
12.747528017285562
12.728221387661218
12.717004403817025
12.688800625697844
12.660913959210545
12.63911273571572
12.610570130596676
12.592516668758897
12.58257402082414
12.569849918340564
12.568019838927485
12.55737960559179
12.541538022937452
12.501814586906121
12.472290301095716
12.465527987158863
12.462655450538902
12.457208405904694
12.445840254700027
12.415971047634395
12.376607909514126
12.36339668861185
12.346030918407951
12.336020436118233
12.296129791371829
12.274535702637923
12.260092943334858
12.252578263172392
12.235262482606311
12.224866560856922
12.211889562466377
12.19175121816019
12.160432019545567
12.137222023804725
12.12039312714526
12.105555867376973
12.092320590045292
12.047020802010135
12.03668638370344
12.025114870505046
12.009460860647168
11.999418709578856
11.993363340050646
11.978733489563881
11.97105263814652
11.960433568515482
11.908058768284272
11.88576956037074
11.88200187831739
11.87981321780257
11.862379552505173
11.84806476539096
11.81967683207929
11.789014236212127
11.786955785387747
11.771930903534441
11.759654086250418
11.7479959364649
11.713339362720394
11.711872365216276
11.706949102254566
11.694453230778802
11.682527817660318
11.681549452891597
11.657740728482025
11.643019100285638
11.62445788773428
11.60879745651492
11.592275414606894
11.586307022614815
11.577136682235844
11.576195134389856
11.571402430219848
11.560072131150598
11.544108572037024
11.536775754379581
11.533341481654704
11.514221798436287
11.492265843037924
11.46468180228429
11.452674920597538
11.432122472821385
11.424126461214271
11.37769964770807
11.367111396532895
11.357245137028034
11.33007770391761
11.324208820192084
11.308446516216273
11.303221762853248
11.28454103939189
11.27784552357615
11.27507777401988
11.268376469355312
11.263001180750384
11.240390387152454
11.237563182374737
11.235363195948368
11.230156393866487
11.19755119595629
11.187135880867373
11.167382763654713
11.134680532280383
11.12517310910579
11.123806936155464
11.081262670428686
11.07703295096439
11.059331454705916
11.058143630508043
11.040312159234295
11.005941774625287
10.987784595195132
10.95562130926032
10.908124607986311
10.907446936940634
10.86732792342695
10.853206993512503
10.825443275353845
10.82410687743537
10.808276071250594
10.80665513743867
10.759549774655358
10.75844708164704
10.732774908022256
10.656651092399882
10.647056044265996
10.641018497513421
10.603201195748035
10.595813538939995
10.58662658814415
10.551272180073004
10.53633415106024
10.525728387967998
10.480280269447956
10.455757633001618
10.454331566207818
10.449282570737081
10.428062293773836
10.411768348109657
10.403776529160893
10.395474701072313
10.383821851876865
10.382241458829318
10.356509337779421
10.349591282212577
10.333069130918654
10.323931440640317
10.290264293265306
10.281591356567636
10.272405867678353
10.259828230458634
10.257970489769738
10.235367504164499
10.231718522442385
10.226087531608316
10.208932586936518
10.197033807991025
10.191875460731005
10.182652902532723
10.178854592940231
10.17561194063511
10.153446159710967
10.150455579486154
10.143727336447906
10.128032462647111
10.118506664458279
10.109430705223668
10.10012898691902
10.092463439920332
10.083106285175766
10.07825743396089
10.069722719606908
10.059226273044867
10.013283433894532
9.996874604888285
9.982474131472213
9.974875924941719
9.970156684653462
9.952247999981822
9.938283780853475
9.921077947174057
9.90643470844466
9.880747538803478
9.867980585857925
9.860260199910446
9.805549362202026
9.793417663162316
9.786883323944737
9.782323374945964
9.755285633001737
9.711217239189335
9.685322122150163
9.667077431825177
9.659811995938929
9.646862330434889
9.621744122475086
9.614203278345679
9.603941197378749
9.593401381524325
9.591047541251747
9.584432136610388
9.528693297651891
9.51873090818493
9.500047801188355
9.491737379131271
9.483160907471884
9.468228183268177
9.450584999744734
9.428099716319485
9.424310357432836
9.420762360385147
9.404272379103574
9.382333806604684
9.374440235543567
9.372148118549143
9.364026494706364
9.358232243828182
9.31322780666639
9.310820964373008
9.304157461514762
9.300058889482434
9.286858096544357
9.265400528861376
9.246402477815836
9.239214208592006
9.211933178828158
9.207702405321974
9.204859140133324
9.19629879462004
9.18660423475785
9.178493752366528
9.173758885188805
9.173190493644265
9.160214711796725
9.14582280783154
9.128383008017007
9.118557600172986
9.10394550247847
9.090183706931732
9.083188871079575
9.079352398491926
9.073662852034877
9.060951861782907
9.044181551671612
9.04027414901089
9.027198710493241
9.019552206860505
9.007363754929168
8.989810099153491
8.985128467320044
8.980172603378923
8.967028068567988
8.960866692596152
8.951631173006875
8.940953978125982
8.930055808934299
8.881185551009736
8.870471244532396
8.865832739379112
8.850295714735518
8.843281729356237
8.835010988476398
8.830105407798058
8.821017569297254
8.808374110425554
8.807369360762982
8.796203880650152
8.787576878196335
8.768031115284304
8.761797823640554
8.761266130412439
8.708831339453614
8.702823792802262
8.688046379691777
8.675293740186538
8.663396093662135
8.650960335132837
8.644871720965188
8.584313927562409
8.573395067031555
8.570163241754276
8.561056078888349
8.548630873822605
8.541838231996598
8.535188486595306
8.508934414984637
8.499034943887308
8.487428068152198
8.475276816353647
8.472517063089304
8.470080604385435
8.450357417925591
8.425906079609117
8.42405486338851
8.41687224754206
8.382537725081917
8.379263267206085
8.365314871707577
8.351416038913612
8.33531998406005
8.329821798213947
8.329584288913487
8.328632576961477
8.326669467778146
8.322767492605239
8.31731001968354
8.313231058679174
8.306963770915099
8.299878760595861
8.286909682543332
8.281361308556459
8.275849420104088
8.26962043197089
8.207530024762121
8.205597228847992
8.193436932490304
8.1859652206932
8.184372641896912
8.157751875362287
8.141580444882884
8.11575804399732
8.105943534875687
8.079845954984181
8.071944788476419
8.056624090707228
8.047110358193798
8.038835231772225
8.022693135260285
8.01866033230391
7.990389167575825
7.970753592957188
7.969623642289819
7.968441438670527
7.964180988101
7.960065132432264
7.94632265507356
7.916648061788049
7.911936056506878
7.908505337237806
7.899949723533688
7.897246578125415
7.882624596818386
7.834885262967324
7.831595593700437
7.8092026155693866
7.807008480392422
7.792819037686445
7.783518652851694
7.76812135229437
7.745757642208472
7.741993311300535
7.731112377982027
7.726136014534008
7.718871036009327
7.703438516983296
7.686338893941612
7.684403080385729
7.678278583159784
7.673316068778495
7.666207186817071
7.65053087994064
7.619875023874026
7.597901580769096
7.595158802548278
7.588297784199495
7.555794881417597
7.551479508910332
7.542520963266602
7.531042217476876
7.528533460343085
7.522631411441771
7.505115091518751
7.492110816699596
7.487069489905556
7.479281196280788
7.4764849637314885
7.475550850563955
7.471958591519205
7.4646764226154465
7.459296696874248
7.452690371483637
7.4396891344661045
7.426114937972123
7.422188586192609
7.416640330613877
7.407785096546325
7.394412493720206
7.393831219524781
7.386414112366255
7.384899561713632
7.38017845771522
7.370699195090248
7.366247600533782
7.362089222315711
7.360395263100196
7.331743888602741
7.330638801059111
7.326742724121949
7.31670811474079
7.302256429558475
7.290852623095161
7.2597086466842535
7.23837145038153
7.233148914555465
7.208818423231224
7.1951676401592115
7.1411838053423935
7.139444040404162
7.134544457051001
7.12527746263121
7.109213727748149
7.08281836158282
7.065969194632896
7.040446662093005
7.024815950536156
7.015636171176733
6.999554054938138
6.975236398787256
6.955143313488045
6.953940078132263
6.952544543792003
6.915948050703433
6.906660189681609
6.902168016182541
6.888898312756617
6.8773754935008
6.872743649694999
6.8471379176855605
6.83067073590025
6.8203918330727
6.786936973811056
6.762428031718663
6.758667515667918
6.738870316312485
6.73441135242255
6.721367372229293
6.715655092155137
6.707312236542068
6.69988767412231
6.698190435565765
6.694402366583162
6.684131670922591
6.682297695182552
6.6650032317350405
6.651841251626515
6.641202450231198
6.627988251503952
6.625881660807475
6.618291478524652
6.613081103813941
6.608762528068866
6.579079067573952
6.569453672896758
6.546455177532257
6.543745895454795
6.533958189246078
6.52426692352676
6.519222060323164
6.5191700829921695
6.5062146582243665
6.487215284967341
6.4740082484170305
6.467808082189148
6.462763937485317
6.459813076034723
6.458159518120981
6.452294777641116
6.419667253939371
6.401088908822563
6.399884693029301
6.393011243175853
6.3806216118062675
6.3778682396550614
6.371955028838741
6.369573956166097
6.344551634735503
6.341072777920635
6.336077518909916
6.3326597305826375
6.3158862949332555
6.311099431244819
6.310371987074212
6.301487625281822
6.291587554479969
6.277285356914201
6.268447239897853
6.259126297406822
6.25458482770071
6.248165640394105
6.2450543082787995
6.235960614786121
6.214746393955437
6.198777023183704
6.197644552325405
6.180358658189308
6.177338766404522
6.173098076605101
6.169826474472834
6.168548982221608
6.150662486876755
6.1373600500017815
6.127041234690041
6.120806110913805
6.119638236620902
6.109808209498393
6.103708094370091
6.092943877685348
6.0767305215785985
6.064242207624672
6.060283561245031
6.058989257094201
6.058551721454151
6.0510185492072734
6.041671622038717
6.0398807879571805
6.031798954511078
6.031344670342297
6.000123393106522
5.985341553679917
5.958987558676857
5.949486113108912
5.901419516196313
5.8949749519377965
5.88651529551747
5.885735869706235
5.869444889245809
5.867269815405194
5.8534016272408875
5.849984585804022
5.845540983421486
5.837949401989767
5.836431603087877
5.8224162913855535
5.8061917846227855
5.799161501457373
5.795465871276134
5.783690161660808
5.760693320923016
5.750278480860081
5.749721797138903
5.744519863454987
5.7325613448119235
5.722035989391481
5.717945557576868
5.706888633465711
5.70431895245486
5.696591452236224
5.6937548545152765
5.692279201057713
5.690387521426395
5.671517777134251
5.664290788337191
5.645953022569808
5.6452022892409985
5.630151848890439
5.627979653082667
5.622618209857302
5.621806002253477
5.611571392214514
5.611230006131466
5.610359992305265
5.587942637164396
5.582072753976877
5.580155398380733
5.561298792273954
5.558102399284308
5.556286435027037
5.5387911513504084
5.5250673857836246
5.5224836465225335
5.520492777688354
5.51781767688454
5.492968971476079
5.470429775579528
5.463038852135822
5.461579429442297
5.459994615417782
5.439352660051784
5.433553208855796
5.421686804428344
5.4174365187948474
5.401320591029327
5.384884973661407
5.3766067435547935
5.374927300552902
5.370264450743889
5.361735981244773
5.356092711491647
5.347836777197923
5.341745237353592
5.338355183838983
5.332705267077919
5.3278880960342745
5.320829446675919
5.311150174112335
5.2829523742788576
5.282684668372383
5.27764214515379
5.275264075185033
5.26870147841239
5.2676192082419995
5.265839295165702
5.2546439416848205
5.24870298666245
5.2474657527624196
5.236776847997571
5.231614544378619
5.17995302963521
5.178140411621133
5.177543771239778
5.165715781661777
5.161182678889313
5.159033310667195
5.152361932668203
5.1521427421449895
5.14528887922786
5.13760521274609
5.125935816641492
5.114199455075803
5.109054325986685
5.0944482557244495
5.084462410809168
5.080532798804394
5.051480837887037
5.038831198135622
5.014680287212578
4.987024716838711
4.985963991894349
4.982514936525041
4.976630683159346
4.965726859915726
4.95807829519626
4.957499821957026
4.952397706784868
4.942677604343691
4.940154603133935
4.938552830167025
4.927714209069139
4.916424971990541
4.913139156723985
4.89866546823114
4.897863446998379
4.894338969697224
4.891641749170753
4.891396735977872
4.879569800388187
4.878791536034436
4.866512569696021
4.845865642171311
4.840193567890513
4.835491610118454
4.832871451451704
4.807583367290451
4.807038572102359
4.787426641623398
4.786483556080927
4.7807873602066415
4.779840048791299
4.7727496037571795
4.771652315296998
4.749907075873574
4.705168004347796
4.68255947475714
4.680443471229561
4.679059392513296
4.67853176069888
4.677375889133088
4.674127872105949
4.673771636057141
4.670388248329363
4.667363128026345
4.658645036883804
4.658033045706985
4.6468252827973915
4.644602630912557
4.627778217734714
4.614787370105532
4.610777007070098
4.589809378208164
4.572356236130927
4.57208643443643
4.552789136827334
4.551150589566611
4.548379325652343
4.538704275602208
4.536222079232898
4.522099457753258
4.520350624025414
4.507530939195858
4.487390922148338
4.486206792861962
4.471490966081224
4.466442289827134
4.462500852741702
4.462043268446132
4.461553470197146
4.456475951408135
4.452315762612034
4.447526658706592
4.443986139635466
4.440005246721213
4.429899744331999
4.417041776557369
4.406896118912947
4.406391683758809
4.399675846575865
4.392024975216247
4.388531606773934
4.3499137020469005
4.348601701081405
4.346162818378667
4.3416344908790325
4.339321896384706
4.338267308222695
4.32902871102596
4.328179516005266
4.3272308572315445
4.325339646947181
4.317696520073584
4.3173653111818115
4.315190164595844
4.307530753040776
4.2513656411038125
4.237272958041571
4.234159234541097
4.233397321856305
4.226129059690876
4.224326632452496
4.223301028568685
4.217606889115396
4.2175417315723625
4.216951354858819
4.215902987439662
4.215329470111234
4.211110385143852
4.190737589871537
4.184434527800515
4.155041786142294
4.1255574340879315
4.115459341003004
4.112517262676513
4.108675230480598
4.1058456217048755
4.098935500002824
4.09787742802684
4.095258313467226
4.08387554218577
4.081205443242875
4.080174299451005
4.052573894436888
4.0507489811756905
4.029110556926512
4.02847667087694
4.014566089368791
4.01208510229653
3.9944937917515992
3.9915090776600666
3.9877529208646227
3.987287876513321
3.987100648174516
3.9617525566582192
3.9566704146515677
3.9477784504287476
3.9401695565797246
3.9277405568671844
3.9244810315074785
3.871275040303241
3.8675395237214625
3.864892407983284
3.859245204995925
3.855708503238561
3.853570051371627
3.850425610553593
3.8484678735576905
3.846954899366691
3.8461446916229587
3.8441731525772314
3.839494946366093
3.8376174113443904
3.8232115816480357
3.822899574786996
3.8117897874363926
3.8070368293621826
3.774117942716069
3.771803445416021
3.7613807918584503
3.7432683943502094
3.735646961509147
3.734361569145244
3.7326934915447847
3.7305009783203515
3.7298758296614896
3.7293464251755166
3.7266079439075006
3.7206385818726746
3.7194457696390786
3.7167518652841114
3.7035797309328964
3.7009047529345014
3.6880921743783928
3.6865761280754548
3.6535765869481494
3.5988138015850257
3.5986224242676514
3.5961285899983064
3.5937912604475253
3.5937240978189053
3.5908295602672946
3.5898930473990665
3.5875549082431064
3.5873631803615984
3.586372900882102
3.5800795585652376
3.573741198195504
3.5559776096021105
3.550934542732739
3.539523776403685
3.539399568752878
3.527422232576332
3.49841455041726
3.4944509841892093
3.4726189791814654
3.455443048395355
3.454849093600491
3.4547998400736963
3.454192196039612
3.453099765436206
3.4514880070285874
3.4494294202886957
3.4486432630524724
3.446337640840361
3.439053122904523
3.4374350049789095
3.434972928096128
3.4312781232986405
3.4301483727804407
3.4107827280923106
3.4101803251497427
3.396568072669852
3.31219116194326
3.311822428098559
3.31166453367349
3.309997441191718
3.3093650676618567
3.306647841145724
3.306485337858621
3.304563192722969
3.3038228870833755
3.3014297728059825
3.3012257453180047
3.298448680611961
3.288421685837603
3.287109434291615
3.286215323034763
3.2818179317687006
3.2747897840253075
3.178145043810258
3.1649597841632566
3.1602107365925263
3.159360815291143
3.1571721355360514
3.15319625078496
3.1526707636098092
3.150407811790972
3.1466145032832573
3.1465510126776173
3.1462407456172747
3.1427872760717372
3.1383713141302234
3.136414683589506
3.1271227789946545
3.0977800237568096
3.074545695513071
3.0417525403964523
2.9994645314317174
2.9939583965034156
2.993091201825028
2.9918315701425815
2.9893653810433105
2.9889139791505626
2.9877754516021175
2.9867988675014114
2.978050773719491
2.976706656717061
2.9648092520982523
2.957288694793716
2.949728124143415
2.9398290670347986
2.825437379286359
2.8252194464657845
2.8247623180220924
2.8241126407644126
2.8236396241077424
2.8220764169139745
2.8201735875843084
2.8192974290334885
2.819101555981219
2.818510473641957
2.8178395438763775
2.817420074712731
2.8163177360688496
2.809906757025954
2.807799444230397
2.7938119556805554
2.77899502705528
2.727712609771379
2.664678043654032
2.641547224735174
2.6410019170066033
2.639866854889315
2.6395644006946677
2.6359179589786867
2.633908265806278
2.632518907658436
2.6304428843527727
2.6301737905432097
2.629241857434979
2.6283046777701076
2.627703302192795
2.621589391624095
2.618788444444989
2.6108931745036905
2.5732505197165354
2.4952316403294135
2.476378707568478
2.447811935787849
2.4469394168164116
2.446502077325876
2.444933758341419
2.4446856394286085
2.4438012770724966
2.441802975750921
2.4415973472896533
2.4412433702108256
2.4406995421104085
2.4387697362680516
2.4375990852381317
2.432811965082076
2.432213421879385
2.4260403833635378
2.4234664765030915
2.399863805184655
2.3967058912871435
2.3855788534831714
2.384038922257811
2.3141410463387855
2.310707033880425
2.280496723798931
2.235086526170905
2.2348415894248004
2.233980429288455
2.2338560943614154
2.232215126837394
2.232009626600779
2.2317044725395583
2.2311826070738725
2.2303282174977617
2.2300345955184997
2.225063721653718
2.2234599028916637
2.222431278434505
2.2217799121434614
2.2202613941568234
2.218702020623593
2.21722627311187
2.2168357800899985
2.212152657861134
2.210569824125592
2.2006373981022227
2.194064880958549
2.1900597050389545
2.1291600414384493
2.1258469913238534
2.0736513144660713
2.049441159620057
2.03016690111191
1.998930059903092
1.9976641209510555
1.9960411232081336
1.9946358086606304
1.9911215834472273
1.9902477650885402
1.9863972296569279
1.9862772232171273
1.982959363593641
1.978436850453491
1.9780030285395018
1.9630261309613322
1.9506760636247285
1.9459473927872442
1.9166946450104652
1.8448958061590717
1.7313211395794612
1.730779462807497
1.7307472190189068
1.7304447464931436
1.7303895661532223
1.7302781966663359
1.7297074157998698
1.729541191834887
1.729523576099919
1.7294864028153543
1.7292483369264129
1.7287548975268847
1.7285653827984446
1.7276467893852687
1.727021206707611
1.7262589293004462
1.725348926022987
1.725306271824746
1.7248963975875524
1.7243982062255012
1.7236443710043436
1.7236183367334155
1.7160912762479208
1.7140603044020297
1.713769204295001
1.712791959129193
1.7087436242553868
1.6998870918291598
1.6678835650324817
1.6369934779023416
1.608435474210691
1.4141833499393803
1.4139076088007334
1.413683221557427
1.4133694199780031
1.4131835156727566
1.412739283012807
1.411565244617458
1.4109220360459942
1.4106202473418188
1.4105925074446486
1.4095723113133047
1.408986535952655
1.4089181598931444
1.4088340166310196
1.4082030422489635
1.4079427313435573
1.4074214688396454
1.406004543684983
1.397834787878007
1.3970763225646743
1.3951108365430107
1.391325651129564
1.3874837270944864
1.3839958206510863
1.3628423401816834
1.3277837205620038
1.3101078649098319
1.253642313417829
1.2357164482032055
1.2222428732974688
1.0000000000000047
0.9999999999999901
0.9999300192085216
0.9999019566802592
0.9998633233289137
0.9998206073587641
0.9997962740093189
0.9997582489713637
0.9997544248498881
0.9996827885725308
0.9996569956233418
0.9995004498603769
0.9992777088224182
0.999228789526706
0.9991521615116289
0.9989313541267418
0.9988323204803046
0.99859389420861
0.998556925794758
0.9979594418107474
0.9979235748251415
0.9978239306634655
0.9961698862180471
0.9960227088139828
0.9956304396616102
0.9955251536504363
0.9950871338598334
0.9948702115033222
0.9896257252788303
0.9794724784980335
0.977661014790114
0.9481018310279182
0.9451645798639766
0.8728959683893711
0.8628741431287447
0.8613131495148676
0.8338915376274345
0.7641447458615692
0.6099221774974968
