113.6957291886709
110.07531176062231
93.81661715221992
91.17876741144912
86.16335258347907
84.84441421612057
82.48909283560569
73.52906952300071
72.18854344883168
71.49902454129119
70.90410480028015
68.59921288515075
67.46957954764889
65.92607667619764
65.35940262177631
64.57400780873799
64.15623686404005
63.83675221747219
63.54611161750532
63.260005766431256
61.37712353258188
60.209801155269055
59.84749688745567
59.435755877978444
56.62354264435808
56.09222973317705
55.92112088212948
55.90833356305418
54.59296128063718
53.60806683062358
53.37775693303603
53.016422292717984
52.561055987051176
52.132184097555545
51.59223333186276
51.09943945362232
50.94622197289905
50.37840710865546
50.290236255424624
49.83967630215887
49.63529534112496
49.588470450745326
49.51295681435399
48.79905632855011
48.12341067559243
47.701481883254054
47.21162234213984
47.09785793532803
46.44571223994407
46.11815962852879
45.484699045418864
45.13031781784106
44.74507364104164
44.60734676228969
44.397692463727786
44.22812634501075
44.10048890508579
43.84021510698222
43.63712249408391
43.52222929025783
43.447831919123146
43.361497868551545
43.13231374631561
42.92693453852219
42.885915166256716
42.70373106839022
42.47601378742746
42.42201109624708
42.28830744153179
42.00326754211569
41.92613538133826
41.536086505516906
41.34948676757362
41.264959400952506
41.23517561374552
41.22042668397196
40.664112563017845
40.65179998726387
40.33796981793339
40.1411753293674
40.039886464103745
39.87051592653828
39.83906342922269
39.69012240327748
39.50330113942452
39.43049161140412
39.15414994231378
38.836991131267055
38.787577769749255
38.61865763852113
38.52053158769691
38.50536148749667
38.252342148746465
38.08053409891972
37.96576939384179
37.79988628757249
37.723358922372704
37.69671814838699
37.17231675519352
36.98266615174549
36.93706214335275
36.52158974586235
36.45911973129127
36.26531446594136
36.09531919878756
36.00016902818485
35.8320135588663
35.78772212696983
35.7259611266
35.69325623482322
35.651466195828036
35.62865399719283
35.27702292986814
35.16767642129544
35.03058625148031
34.94784454979931
34.92648107923053
34.8093297476841
34.6398291867422
34.58435928391416
34.53507562245807
34.42386863465657
34.1265842599401
34.10598454151867
33.95751650954925
33.80482318582075
33.76695426858665
33.429763046869745
33.32024174724728
33.27703534271112
33.25255590611751
33.21921546053406
33.14942563940767
33.07612162020121
33.04579558304403
32.76851434114576
32.60246681522361
32.59384479808603
32.5646238699283
32.486892970646394
32.448864941858915
32.36138754032259
32.328541286868166
32.27912133561177
32.258951896395914
32.13369125907449
31.99534350928171
31.94094404943991
31.904324300357167
31.667420939335834
31.596551754653923
31.57883029737604
31.56900219977484
31.518019899239377
31.477105515421666
31.3013147238469
31.248198085723356
31.15009493368773
30.854651175673638
30.778548156932846
30.64791274652421
30.591697219308177
30.543266292017737
30.48410979406584
30.412530891163126
30.398047641040776
30.36966282291807
30.324381953145362
30.28318244042342
30.251082644013113
30.235799087474277
30.14093327321563
30.120736355860217
30.077044451171837
30.07082647953114
29.973261379382546
29.828552321927244
29.777252099334625
29.70739963906494
29.690422319210978
29.545067137263832
29.498046640094806
29.47394325831579
29.442389404595314
29.33172675581628
29.3291889780413
29.29962659734291
29.286873824410925
29.220192349234313
29.14220408152815
29.121676407796787
29.081154704832564
28.99318907211908
28.978384119558594
28.89340784546662
28.856714062551315
28.746502922119525
28.6945797183008
28.529789154486803
28.520685848522938
28.469248221617562
28.368523307914113
28.361485392660203
28.252810642049294
28.238885691992692
28.14381480454313
28.14170740963531
28.023951514899235
27.93467950823263
27.88268386534786
27.84719820009758
27.83393724856381
27.769291653912425
27.70132300668775
27.689585605236125
27.654058410637738
27.643241468942193
27.54809899918652
27.483674234933577
27.393083766914263
27.33200651097337
27.31974642325472
27.31115279113974
27.296697810545552
27.268785122956995
27.178819553951644
27.07815385118528
27.02606451916442
27.00308037096007
26.951882921661177
26.948056001594313
26.885992783064804
26.84628684896718
26.826174037238527
26.794583871414243
26.67592643143771
26.628487155119167
26.571702475202017
26.54823026617838
26.511842475755582
26.47931470135425
26.439211313862184
26.404755794434703
26.325961060491235
26.314324173298164
26.30716195934487
26.276489516464203
26.195593346477107
26.133228741905537
26.107755642974556
26.089713456868385
26.040945528768603
26.004191178769112
25.933411427865604
25.889674970977318
25.86267474783983
25.84111056496828
25.81315620953688
25.77268416912125
25.73287618053856
25.69114052486352
25.64972076069762
25.604298854312077
25.563871348295812
25.522629590591773
25.494320928520686
25.476276200656645
25.441943049996283
25.325960392233316
25.300133477001033
25.277571678371533
25.259083841708453
25.242808289816114
25.228519067978144
25.173777602379683
25.132736110296193
25.06834347743464
25.003987504666934
24.987010259264334
24.978621769641087
24.947429890881935
24.925032278153864
24.852063893058745
24.79256288897037
24.76936102305625
24.6334444731279
24.591950640724964
24.53910211695704
24.521981576640293
24.505216083206534
24.478760703775144
24.472213248018587
24.457640996989408
24.449271673855705
24.41244395001055
24.39215399319938
24.34899081919026
24.29707657493535
24.26241577465116
24.239279408258028
24.17463943676237
24.158870919536614
24.149848959296932
24.1159414986735
24.10022943057134
24.091838078993735
24.08783716083947
24.071516971970997
24.061941861842005
24.036642794979244
24.01578793379008
23.966455886471714
23.940759606281592
23.935598985138746
23.927310339325455
23.912967489739174
23.748423682537638
23.73087201587218
23.67113853956122
23.589534724883837
23.57124814097266
23.57008304462342
23.535381411438667
23.520247850253337
23.46520443604095
23.445409004313362
23.422721847861244
23.39486966977603
23.36218557848777
23.35306086916857
23.337256276112402
23.330525078920935
23.32312101913713
23.30601562400335
23.29506137365081
23.28674248581058
23.251328454248334
23.244117809564184
23.230810174878222
23.1996660820346
23.187903308841168
23.1681967553803
23.14356732727555
23.113511575292236
23.10256436791072
23.099730701424566
23.08806416663998
23.069821313212156
23.04270829038394
23.033209491218564
23.009434472226648
22.99922226266511
22.96381899790254
22.879775555073028
22.826097065071167
22.80358598505778
22.75546184724697
22.751297596654346
22.744257343840527
22.727352482609046
22.722956088311616
22.712985419549682
22.688983648640416
22.6660428552254
22.637564767856563
22.629985524764958
22.609781803435904
22.58417813827343
22.58082556800089
22.553768660941344
22.52111681053071
22.48448345800418
22.46115729146476
22.406156967638598
22.393647309418686
22.38721456295529
22.352180344831517
22.32500225068059
22.269875899564944
22.256196073927327
22.236639717190283
22.216502067373234
22.198879086668086
22.17258156700567
22.167487206207646
22.111319587531824
22.08381877148716
22.075232926817034
22.0162506856628
22.00008382599654
21.989036853333065
21.95450142592641
21.94518001188578
21.92907454885155
21.90677129396935
21.890265359570005
21.875244024626518
21.842474979912136
21.8128564061805
21.774209599712083
21.761273171251393
21.748040416248987
21.72455944502269
21.712815847361252
21.681726564416106
21.668457863192952
21.627655885438617
21.618998495359474
21.610144966455337
21.58907411495577
21.58703314492292
21.571063393338342
21.558878266835155
21.541620125019406
21.520975647836078
21.518343741765
21.493045743887002
21.490817285959086
21.487676550222215
21.474693764310885
21.451513535492403
21.446555146242705
21.44311832232755
21.38888834426978
21.354982267541295
21.353132274105498
21.33592561264305
21.322687271893876
21.31005015361741
21.28124277476798
21.253232190367303
21.227139647315177
21.19617887207818
21.18409771774332
21.160437909588193
21.158332169353805
21.149592369503832
21.140031872943148
21.1245620764336
21.116735423055232
21.099893056464214
21.04008227920099
21.02035213313864
21.01173918660182
20.969208868785724
20.953329145837188
20.952259581403187
20.933249189294536
20.924303743951338
20.89488014617766
20.846860126366913
20.8237799707279
20.792699390353434
20.78373708245789
20.756722794543123
20.74347427269373
20.732691787349374
20.72319320661302
20.690287128591546
20.677382886120995
20.641901698310857
20.579364884035808
20.537339980160763
20.495512148872397
20.487696094486324
20.47034057714387
20.452678628896784
20.402829132491423
20.387539469048452
20.362943734805675
20.35534092177808
20.34731337076173
20.304710702823076
20.29272868068195
20.24454541449109
20.241988956962402
20.227984115000844
20.2181203148141
20.189873044775965
20.164088905349466
20.15282261974199
20.139262888300472
20.126776681774004
20.07536840567268
20.06419152897612
20.052555868202028
20.016572060305528
19.999939484547166
19.982912260166504
19.962583717399347
19.95702034801175
19.915082121791684
19.89012544419391
19.867677249009027
19.79940795316448
19.784375655826878
19.77007261200142
19.756811711270863
19.70381868402652
19.657793317032418
19.622231165422207
19.605330400712592
19.59570733779739
19.58278309621638
19.57040076589163
19.542209619552583
19.53202254834689
19.520774474291517
19.51294311831572
19.50824671648436
19.499993148070118
19.496369198355744
19.479621401168995
19.47202693981951
19.454510844597507
19.44872761646221
19.423069167114335
19.411085228379008
19.405788238476813
19.393613557763928
19.376704547549483
19.368672345347466
19.355390738461224
19.321475648090917
19.31058926513464
19.3021660324883
19.294114956474857
19.27230770830613
19.262302243003283
19.257572304417717
19.242394888430397
19.222229107793343
19.21798840390899
19.205490020668382
19.19914188542683
19.182740438681304
19.162896806812036
19.15808650413011
19.148890599614056
19.135296381326004
19.130443323011356
19.118567083441476
19.111702643584255
19.098920542372998
19.079182794236903
19.016358141777445
19.013512051069583
18.9997986284236
18.983166221517635
18.97766667252152
18.961501410041972
18.9487168641121
18.940939025481644
18.935560989316304
18.930133978093775
18.91490063098472
18.89334033141715
18.885236541816116
18.879059915667952
18.875065014406555
18.86468385729287
18.86319458205335
18.853156946982864
18.834347082814265
18.808755713949587
18.78835072514657
18.78247395160483
18.77796946771373
18.76899718600483
18.75931899539958
18.738721091883026
18.731364882022678
18.70848004066794
18.707907376053985
18.693700189842932
18.67677235307588
18.668863200415643
18.662088146146875
18.641319128204834
18.6273058722328
18.616419718641364
18.60645629902412
18.59797033535623
18.570060476528
18.541811257982776
18.520800480127928
18.51162803836861
18.50516412339429
18.489747284705114
18.47762576194288
18.460475714217253
18.450139215789093
18.443168707493687
18.434436127058675
18.419746026502427
18.385753331070546
18.37626351019942
18.36086880793263
18.350081292180256
18.33970054535769
18.27080834730827
18.264416154043094
18.25881879684954
18.23838405079018
18.228468232230327
18.203516859969096
18.182044802450985
18.17399169424577
18.16105786904584
18.146914592175197
18.131638556203864
18.118447303725837
18.114071124423432
18.111091235967027
18.106014215245114
18.0796916403189
18.065630984043676
18.046047669251784
17.988812683625945
17.932812270949814
17.92533255086659
17.903316256308475
17.882707542018654
17.877536071914463
17.835791116992425
17.795339018299433
17.789175117608814
17.786642303047906
17.778341596742678
17.761680630298336
17.756465659370814
17.732314951482895
17.726719545419144
17.720027906801256
17.68379445361787
17.677595407888813
17.676182885686238
17.672620237558572
17.654152200604347
17.633454937516778
17.612285205433295
17.601937024613882
17.595917623785905
17.567658644018273
17.551190285680583
17.53935690594768
17.52732176397092
17.491311435044757
17.485397052459533
17.466945151233745
17.463046738646312
17.461041423291718
17.449220630067035
17.438344687772744
17.40816737454336
17.402576349668312
17.37968497061831
17.375793456678878
17.371701396757402
17.357868449858525
17.352738974809647
17.303458543983805
17.293821958457453
17.290148517566593
17.267036799016257
17.256902840711703
17.25282317465771
17.24103840852097
17.231373420985534
17.224835638311145
17.21056626047623
17.206559807198616
17.204655365024333
17.19287120985599
17.187969086489012
17.18123679562111
17.17300439483914
17.16822314612649
17.15629289852484
17.151047092877754
17.14199237852158
17.13731428472268
17.130415891646155
17.112122620342696
17.103531601835662
17.095329730223202
17.07588221935096
17.071708115927535
17.054462062267266
17.037589032011603
17.034867872267945
17.02398392067112
17.01038617537978
17.005645409253894
17.002178321290096
16.978977201689098
16.9766052047562
16.97205275518837
16.968264131755348
16.96356813104695
16.94103593899992
16.935637740319308
16.9319044509375
16.927214347170118
16.916767726321382
16.904990009477988
16.88461547158446
16.879017113882917
16.870627822458076
16.85917051649803
16.846068509165555
16.834145807421617
16.832714312289177
16.809871647462185
16.8050203678596
16.78942511654252
16.785853846778597
16.777710476117186
16.77308527727475
16.76744992876099
16.747437484058263
16.744315936435033
16.72458067102539
16.710797312976243
16.70092120291817
16.690736613304615
16.683499016739226
16.680691684405854
16.674579773424725
16.67083678778394
16.661212956004398
16.648963455115272
16.637843965934405
16.63300191172804
16.627871887936053
16.625008782105596
16.61955696468514
16.612351327575826
16.58648766752518
16.578253561195876
16.572035423564213
16.563469405017038
16.555343217719038
16.538340599448198
16.528267031714975
16.52260935592147
16.518341977777915
16.50487994795386
16.494996561271055
16.4907879137081
16.482532917393463
16.468809619055794
16.43002023059291
16.414263831486924
16.40731609827948
16.399619796561193
16.385132415189094
16.3801314802381
16.360751478163337
16.36026565759082
16.31445502949016
16.31282277033192
16.31072197324047
16.307209294668723
16.295366929555165
16.284244619371087
16.28376075174305
16.26425119329624
16.261893160219195
16.256322552018425
16.254399657427584
16.247278217202364
16.245148063606745
16.243246529351094
16.234942046562367
16.21906350703174
16.20016578508253
16.196926815792665
16.17226235628526
16.166435772895063
16.163212904815012
16.15639816647774
16.15308455926089
16.13237580736661
16.104003347559665
16.095188149421666
16.09192321299083
16.084806891294917
16.07824510973589
16.070275105018744
16.063152514327857
16.0602590339479
16.04367637155324
16.035326040149844
16.030698476702245
16.028116957350594
16.017765639502965
16.00587407870975
15.999570967881139
15.994654991951666
15.992018907487296
15.968012806084499
15.959305538470009
15.949401240331742
15.943554963750746
15.935256825395387
15.928398269775952
15.919701303059115
15.894618112335147
15.887500240010281
15.88536663580203
15.878187068187696
15.861215717829806
15.859267892478277
15.851238755284859
15.850143736799888
15.844739334055063
15.835984164324923
15.828429074843124
15.810365054216865
15.805282118572066
15.794090906507696
15.786343024851044
15.777723216921379
15.771646272467944
15.751513077546067
15.74615193894356
15.734168529825046
15.724334493466783
15.715503783373377
15.710443772165606
15.690758387861681
15.684287787936467
15.679064049048213
15.672908953574671
15.660171979868004
15.655420685490466
15.653861175461289
15.648970499143884
15.643306405280018
15.638145307394788
15.634260905229423
15.62968009304372
15.617014959189172
15.6050052915127
15.577890598737977
15.54804075657417
15.545257126030963
15.524553597478306
15.52419251027551
15.517018519823043
15.490078665436736
15.484444893781333
15.465609775137704
15.464648989898416
15.460702605464661
15.451817699752313
15.446636192240504
15.439234588568077
15.435953471976477
15.433364004737088
15.426270702682718
15.419298414872866
15.408013933942886
15.389489662784355
15.38413610029201
15.37079081035235
15.359166738053961
15.349912226424271
15.345665218913961
15.32663050161926
15.32326901251234
15.32015831684298
15.30848936348603
15.285249712037556
15.279423965845941
15.251884742591672
15.248716397691252
15.238629835824709
15.228040858976508
15.219245684042582
15.214690125719793
15.1943090435694
15.191003703454683
15.18531424809532
15.173472100456332
15.167318174320334
15.15979831159434
15.156948290313832
15.152190294509113
15.142257493609334
15.12845573824297
15.117027498111502
15.11213844499496
15.109294935549993
15.10480213064997
15.101253346778087
15.08218133974214
15.080757297576037
15.0616954137046
15.052383998356992
15.033201505342758
15.022191294387262
15.01655027723624
15.01411066582342
15.012380062476796
15.005650434550018
14.988910697042803
14.973221101885011
14.961183974568812
14.955160748372107
14.953250525700287
14.944021963605655
14.93985630296906
14.936631857633897
14.929513951289039
14.924127917099833
14.921671584930943
14.909858105351777
14.908888718597655
14.898938547188438
14.897309910770742
14.871355885916897
14.861985700910868
14.858061347596934
14.856273437017693
14.851773312255965
14.837088865863914
14.834828641562435
14.828159692168443
14.82680176820661
14.817480690613106
14.812180826868014
14.80766955217692
14.793687348305797
14.788593812752904
14.786222776191508
14.775719252718972
14.772299625882274
14.769322472320173
14.763178968293886
14.756776056453353
14.751756859970433
14.742896335713022
14.733417340423639
14.729028354396597
14.720742782499556
14.719341267573459
14.710804283032825
14.706591519640659
14.701737316522806
14.699457383111715
14.687416666438493
14.675331073249556
14.669224747257111
14.656278954681474
14.653389618620691
14.64981494840614
14.6461390251121
14.635173895772892
14.631031824037295
14.618545691940417
14.605275870206262
14.600409496907757
14.598346856788806
14.593044683924337
14.583137400447903
14.580834033536712
14.572900249913106
14.568458779365447
14.563663839552637
14.55946283140969
14.55601982449178
14.534886720626126
14.525452867816009
14.516226779711348
14.510339360507032
14.500978067947129
14.494826281763041
14.48999015456831
14.485411105610318
14.473674776323408
14.463331490971314
14.444724260977013
14.43650956251812
14.432373279983672
14.422826880445047
14.417583949962593
14.41604542908046
14.404508581770049
14.393163211027854
14.388245343750576
14.382349227787289
14.380113450301723
14.378418257445261
14.376501485886225
14.369988730833825
14.364617459446299
14.36254350312204
14.355662278235528
