33.09548991351471
28.5644713979304
26.59173514792832
24.887287977615703
24.59982416725375
23.601556105954828
23.4959287483086
22.3047361771149
21.279869249702482
21.043390909103746
20.548499556737383
19.533246757519635
19.435417904442644
19.03960569520608
18.87567870637401
18.43223239178244
18.139294906791992
17.849911615782958
17.429698603262377
16.95675665820181
16.616549648846483
16.421802424173485
16.255584607456868
15.95685083502808
15.686794539161058
15.515396438564256
15.265630712313506
15.172591945682756
15.115439194214304
14.915997673116562
14.866896595630555
14.828289024279963
14.241117643729675
14.135338620180239
14.066530870628988
13.976762112593642
13.933492339315928
13.704611833524977
13.60173078929329
13.426402167223623
13.340828340255236
13.236917841295792
13.20372394677225
13.12003865061002
13.019150836228915
12.89837170031694
12.849286611912856
12.681094342275511
12.62501929576786
12.543040606086004
12.365784740921637
12.282677632520338
12.237852649170996
12.12470715345183
12.059233270023599
11.913189108624852
11.882380809451748
11.836072911874133
11.805391947156775
11.727754162716248
11.70055619648624
11.649613939421629
11.62673209790103
11.463718560110397
11.406010614955969
11.33624916162651
11.265836055947837
11.209695146096339
11.177037274524858
11.133532051761648
11.064377604268497
11.015843145001305
10.915266064125607
10.875261289206371
10.860010252982418
10.793990118028232
10.761913751323107
10.695368281013035
10.66643665161244
10.602136386688596
10.595713339072194
10.529549094732973
10.501601168062704
10.427347810474854
10.394341826370658
10.321513090580426
10.227769759112107
10.172437291985858
10.139882146906944
10.127349778948656
10.098703933966434
10.062894400338914
10.01362340174758
9.929363672277349
9.923823337130013
9.900093004985974
9.845994427975478
9.811508689808456
9.784544212383903
9.732470810572073
9.724034073265381
9.694868335737809
9.6680929068756
9.636277269737983
9.59851901794208
9.575810565494686
9.534130307164798
9.515253490050814
9.450672353803489
9.430888487309275
9.409287814059613
9.399542675236576
9.316023013014306
9.291005716593334
9.253176361361978
9.23576624286958
9.217402641799467
9.198234135634275
9.176469552442478
9.14027470140794
9.10086997368202
9.090656290850378
9.034292863754413
9.030700978520406
9.008413625389545
8.97644075622732
8.931486054304283
8.925863553316129
8.900560677151583
8.84878710944282
8.83736942859455
8.814657464011201
8.796777440091264
8.749094515981984
8.718464102676737
8.695434618994627
8.693380242163645
8.638554849212062
8.635272739248196
8.607690892236052
8.587699726590788
8.544323184784142
8.526683267575931
8.480137735517303
8.470871322255324
8.448212415548793
8.414231758406716
8.39690546992917
8.367978006488386
8.343065115994735
8.331332224919976
8.311655652226746
8.293197091396587
8.259701721730924
8.245933165219958
8.21513252689215
8.20890985092907
8.184414672648384
8.168343125961895
8.133098065169694
8.110581633618336
8.090206051932952
8.085923644488107
8.082871287110734
8.045079876463397
8.02407570460003
8.009420234605265
7.98049457750647
7.968166138035954
7.953016794448671
7.93723981265671
7.933036969766371
7.908225588068467
7.882353035640933
7.872475250311716
7.855317584197998
7.833456051307254
7.802436581367108
7.792378835448428
7.776139966859302
7.765487275160496
7.736343303885777
7.720957632735512
7.7150002942211096
7.689961054389363
7.666911377120142
7.65949747556261
7.6392907640954
7.627000900871688
7.607747280747286
7.5880929991080395
7.565658510356101
7.555258116707805
7.549637438536574
7.522007137306365
7.47498301878389
7.4457253603403935
7.442117845254008
7.430256002740762
7.41098019173514
7.402870384515925
7.379775861942656
7.358153591284104
7.351287262361391
7.344810594806201
7.304985322138555
7.303826169153671
7.292956918054471
7.279593516148517
7.25514774137477
7.244235744722588
7.23691239190011
7.213036148049089
7.20865564640286
7.189864304209221
7.1839030707282365
7.164201336928347
7.157203916691979
7.137847048733366
7.119084896277639
7.114051505055517
7.099027135189929
7.0868192046290455
7.073649000557705
7.049950312910182
7.03530051153334
7.0215448803658544
7.014222999826232
7.008273224530327
6.960714161855846
6.95241300658812
6.936365949502288
6.929767243365381
6.9236784319676765
6.91553876421745
6.884996594613794
6.868406326496693
6.859422422754935
6.848396913875708
6.836345304219497
6.804674527170619
6.794932350472754
6.793944031334727
6.762311757785248
6.734731874766892
6.722191411553962
6.689153970513218
6.686326230418323
6.653287391304963
6.647201382870844
6.632588204977064
6.617897949570246
6.611591304255044
6.598806228101361
6.593878477086309
6.587030027562331
6.576846143585838
6.568088024634722
6.5543891942345915
6.53847873228583
6.530232535374919
6.511514096809712
6.50385670475067
6.4951687025394085
6.48896119246052
6.46678925596689
6.441956972817327
6.4211819662264675
6.411211517734487
6.399068672394387
6.391547137922584
6.38023413552815
6.372632886522994
6.359317499368731
6.35460497734863
6.337449012046974
6.320321293131817
6.310224413599466
6.299258326734036
6.291670414570765
6.25728176353964
6.242882731611455
6.23616279699729
6.220565419451564
6.196434810512321
6.182331740452423
6.146867896494444
6.122599361581552
6.116973141968592
6.106651796174568
6.09369014542655
6.09168543945691
6.053557030193039
6.0469627009753575
6.037400532088142
6.031792208757251
6.024306712240314
6.004286963040004
5.993734777105574
5.983320483074448
5.973795441538897
5.952615694706259
5.933404339652055
5.925627960683756
5.922437378930977
5.915851337816679
5.895795778444784
5.886115308029079
5.869028005091386
5.861581502687423
5.855582800581231
5.839647937716898
5.825736943420202
5.820341178630074
5.801006212261126
5.798603587445097
5.78199271167293
5.767741326409194
5.756465540669087
5.738284667963956
5.723415723297877
5.716120831280203
5.711661977939215
5.7019835368698795
5.693889198531623
5.685528933487029
5.6785384132587815
5.661407855583166
5.64165010341413
5.63854082307054
5.622401072340665
5.612248536991375
5.597087083034209
5.581564808686827
5.572657716365061
5.559798565444909
5.54879894240124
5.543682557622691
5.5237852634711215
5.5207995635484
5.504547525127519
5.488054925118362
5.480403604027824
5.471320913983045
5.4608552215544135
5.442448637356416
5.434689382564725
5.429231832001852
5.404690270816092
5.380089180753643
5.3778156234915935
5.3588178020257455
5.344813277310005
5.325290915561418
5.319132574743818
5.303700244631926
5.299532832977731
5.275145875724455
5.24960625784637
5.233698843258583
5.229819824587108
5.2265554534817955
5.218865050845051
5.207216739436596
5.2044719987845305
5.199348243402773
5.191940660014702
5.187189518467342
5.171219555345505
5.159258423846941
5.141706422120874
5.133000680246034
5.126853174818785
5.121171419703203
5.11129182718927
5.102999166785365
5.101292131713321
5.091333571422468
5.0840889681342665
5.081201363063188
5.063138233928523
5.059794950671003
5.0575102812821635
5.048648653171797
5.041194221142227
5.027871358358698
5.015898194612368
5.0069578633930405
4.995856673684587
4.992777344185968
4.987729215989477
4.978812554626913
4.966425237075288
4.95949463988546
4.940223993746571
4.936035483988649
4.92538274416138
4.910821457833324
4.903891632319554
4.893305120665823
4.884716042174096
4.862494027546581
4.85292647275908
4.851377292845035
4.84272437037138
4.828266299878523
4.811306728537623
4.802560673771303
4.798098265801863
4.792621342951495
4.780889790904241
4.767225792671101
4.76585828012655
4.752429935492646
4.7374539800628686
4.725619701842963
4.716909617415212
4.707345788568089
4.69121809916924
4.675405199970142
4.670604412885234
4.657365455532637
4.651455476092271
4.640846086679457
4.622161683568387
4.615218649918184
4.604605585891688
4.597089456997119
4.583244836135398
4.577386148621406
4.571467998072261
4.563100124724084
4.557606324112395
4.549419127730671
4.533740124117084
4.531674331096054
4.5197764268191305
4.513975249247113
4.506197848802868
4.5024829047585975
4.480516187722866
4.477268724629166
4.4597038444243
4.452642887480562
4.4418460191518685
4.435362296923153
4.419948485148667
4.413721176430523
4.4079987489803685
4.401209175086198
4.3817073594714895
4.370170447638353
4.36620268620495
4.355106897183965
4.341534801351928
4.3367773002402
4.326724434871623
4.322662445605354
4.305879439662076
4.299091875211384
4.294597732550254
4.28884210857515
4.285344392237883
4.280527197184972
4.269506698214915
4.265312539970119
4.257248039413523
4.250975804751031
4.2383492675384
4.2219240851510245
4.219739947724827
4.218828967117793
4.207958196946864
4.205325629032735
4.183535699672574
4.173230587335476
4.166403214940225
4.150213389588524
4.142500469298473
4.129841042685441
4.128039203312805
4.1200087769037195
4.109085950573558
4.10208843543006
4.095097441020884
4.091213110303492
4.086145658282127
4.084673026331333
4.076812621255295
4.056930168291353
4.049292501631503
4.040769633093804
4.0383221506512434
4.02331762272022
4.014018722193493
3.998750248712473
3.9931720041455865
3.991059068900543
3.984978709584824
3.9814678403170274
3.9657073322214904
3.959571563713594
3.9426344123543897
3.929022440028164
3.919802858269673
3.907937168392713
3.9008851862672267
3.88311377006255
3.8712090767824696
3.8581880149556738
3.8468830516323167
3.839084570430724
3.821988686249927
3.796400138121533
3.792406620798844
3.78580355063098
3.781333824981804
3.7650240551153815
3.7588543182038716
3.753161472535306
3.732936017816545
3.7317668068927303
3.7118239756739095
3.708432380546129
3.689861701926708
3.679258258661186
3.659636122071874
3.658526264144712
3.6488323395109026
3.6376732430699783
3.6350543449896118
3.629798117365661
3.6259863988727696
3.6149293814363967
3.606606157618503
3.597118305072094
3.5841920022211213
3.577881576159744
3.5691451751639702
3.5643960163034683
3.552595449710802
3.5388225306392567
3.5369063437489423
3.5317125081897784
3.520123885081001
3.502319760789531
3.496272711827466
3.4829282019623595
3.480984182671488
3.4727802635501916
3.4606701407766183
3.4461249282984725
3.4086780524486464
3.4064417110994665
3.3888471226999903
3.3653079354696125
3.3489347295473277
3.3473085207578124
3.3395481160516463
3.338925876057003
3.328291630586242
3.327234404765275
3.3199743373533734
3.3172896305903805
3.314481885213767
3.302383844081888
3.2981696023176243
3.2642863856301814
3.258680322929411
3.2565825355741156
3.2539411423506297
3.235499733458866
3.2345978273190874
3.2223710694695686
3.221045448635789
3.18741646583008
3.180108841935228
3.1630761577012194
3.160113711905735
3.1579325254444717
3.1515840716913144
3.1485253474772845
3.1318933145447536
3.1227684273182783
3.1164437720533282
3.078834365345349
3.053033053159211
3.0339548089434594
3.0071894025222927
3.002886421935983
2.992370532918274
2.984865793819178
2.9810679400250226
2.9770163827943126
2.96227300588778
2.9532276228652603
2.9465826040118306
2.93859609589514
2.932691425098848
2.9280414646817894
2.923420743033649
2.906946692809152
2.9016381540221348
2.8525405097445207
2.840141803067177
2.8112241424428737
2.8088890716444537
2.804976202006504
2.800619351960113
2.7945473432176877
2.793757208933822
2.790020006408351
2.7853917744509307
2.7813400201613194
2.7728147894991206
2.769917341483357
2.7637961385103185
2.74543012701636
2.742500671741906
2.7269760318875997
2.717071368593072
2.7084223450709506
2.6976343159130924
2.690239134844597
2.677416878362227
2.6566099876102225
2.65453877671082
2.6462485200403814
2.6441534365794346
2.6407701024418753
2.6275323506364825
2.6158984683659274
2.5954936680813985
2.582650547377223
2.5779458202136443
2.5722586899199213
2.5570909893962406
2.555865976400163
2.5427574763002654
2.5215783781259478
2.507004104278181
2.5009814302454156
2.4990002590943834
2.487005574388562
2.48188741423439
2.471222391634677
2.4699039729526224
2.4047063608775785
2.380955725592076
2.376876211071345
2.374016208650032
2.361742265730291
2.349360301311909
2.3437914892110476
2.3236423471139376
2.3133620170943283
2.3012558421324543
2.297570891944616
2.2915024945013793
2.2767072209750516
2.272643272548526
2.251315846879563
2.2468886160587815
2.2330245665981368
2.2315983540712985
2.229599086960964
2.225173788871693
2.2214939331175
2.1981376305855416
2.1590661189875724
2.154800406612213
2.128663175032108
2.1253356208217813
2.1199638852511233
2.106389153635373
2.0625507928922797
2.035935246399335
2.031305978216214
2.0173995539329357
1.9874362270827108
1.9872348813432972
1.9870671079480484
1.9846818242821758
1.9824714827828434
1.9717328945899073
1.9649935259269287
1.9614078922777058
1.9559254083543463
1.9513958413056058
1.9510037867714485
1.9476371665982444
1.939983394916976
1.931906837256101
1.9017406025314003
1.8929668347509498
1.8861588346237488
1.8696230215292302
1.869130105198218
1.8686998426330372
1.8618896471949333
1.8537876838667617
1.8317968824198565
1.8224572254976534
1.8204686913780637
1.7740036548859182
1.763609798939687
1.7635022323584215
1.7506990427164357
1.7235019403809144
1.7217830121232838
1.7205531814495936
1.7202117057777901
1.718675580074386
1.7158591779865056
1.715770743373533
1.7028465651399871
1.7024846770148214
1.7020164462396352
1.6976910827782667
1.695950234004736
1.695526755205574
1.6901087600281428
1.6842928368187196
1.6690241099485692
1.6681103536798818
1.6528150989332193
1.6477738897727565
1.6369394496274257
1.6153643235337631
1.6048213203534978
1.5975368174373188
1.588877370793447
1.572374598531731
1.5443090079742205
1.535083246494735
1.5326128954220413
1.5187410079633108
1.4950506386065436
1.4938556677816035
1.4857912569402245
1.4138002427255276
1.4132932955949316
1.4123088803535653
1.4117710528166798
1.4112343322444354
1.4104251358751292
1.410163961377807
1.4097690737684943
1.4090623027459033
1.4074416315520024
1.4055382613911638
1.4038385971307779
1.4024440719442912
1.4015374946744132
1.400151005094973
1.3989848639965206
1.3988216183989464
1.3966704281103965
1.3955841093567645
1.394823256743864
1.3851777150731874
1.3808014222472937
1.377487793764626
1.3693376968854705
1.3691853716574995
1.3661853635306278
1.3449425694999808
1.342072985005567
1.3407685962734928
1.3349664370529224
1.3308130060115138
1.3218851852511757
1.318318313158697
1.3082241068636964
1.2960904260664199
1.2918282669269632
1.284903315324032
1.2820889344216995
1.2810871566447888
1.2667100938253375
1.2385483258272738
1.1742099343992154
1.1430398870380072
1.1341724111053286
1.130035482804442
1.0743440346909205
1.000000000000003
1.0000000000000029
1.000000000000001
1.000000000000001
1.000000000000001
1.000000000000001
1.0000000000000009
1.0000000000000004
1.0000000000000004
1.0000000000000004
1.0000000000000002
1.0
0.9999999999999999
0.9999999999999999
0.9999999999999998
0.9999999999999996
0.9999999999999993
0.999999999999999
0.9999999999999977
0.9999999999999977
0.9999999999999972
0.999999999999997
0.9999999999999963
0.9999999999999962
0.998326449118915
0.9981244986769753
0.9974397088130061
0.9962479467389029
0.995925317191513
0.9956660652887742
0.9954182156823798
0.9950205836696433
0.9948724871340761
0.9947360178973318
0.9941707815355205
0.9937821244740178
0.9936139978687395
0.9927211658044255
0.9923255356385238
0.9920937549865498
0.9920555112916133
0.9919092220365231
0.9898891335883647
0.9892338473580097
0.9884921263261889
0.988130018876371
0.987865134755077
0.9873253335914635
0.9843341222963582
0.9842320896605754
0.984045599670123
0.9829729274358754
0.9822669975081847
0.9786398656641803
0.9785217692868282
0.9715716588691803
0.9702879200999664
0.9655998363532333
0.9650174438951726
0.9646790087403971
0.9630218393096944
0.9601997170691018
0.9544623094521718
0.953216251478188
0.9513116930605612
0.9505124508337339
0.9355230966691495
0.9274144057209842
0.9266509194027954
0.909280197771473
0.9088569246552363
0.8986526024255925
0.8939326333328641
0.8693922365134924
0.8459496190494522
0.7633878138660608
0.7332587757198527
