45.47158883740377
42.21497490229092
40.397321334883
38.781584525980115
36.93109340056692
36.03496433671136
35.2652573177709
32.83411033618328
32.35324421800769
31.19417862442869
29.6316528075106
29.55695424329687
28.42898061442504
27.900406809573067
27.314255446081617
26.87008310378621
26.50608749157058
25.84181339920571
25.53662270783061
25.490594605504253
25.17182824825378
24.43838271769252
24.111872201401965
23.7193423192769
23.3107074769089
23.217048176278055
22.7690055527382
22.208713332138597
22.013605227001918
21.938384710367306
21.49205817843643
21.36100896069125
21.118489120063245
20.984243815107007
20.76670619835218
20.694857675703883
20.57334521923608
20.282033785948652
20.182820442552124
20.02228550000644
19.80741647397835
19.538982398893836
19.451229983912203
19.326261921395073
19.226328660967027
18.956083543929456
18.92320827491291
18.687563548506475
18.65449860226719
18.47512335585452
18.37298491385304
18.28670251641781
18.203410729961135
18.12783359500737
17.969497530421634
17.8786103226369
17.7050429822831
17.668736949547785
17.456548073123052
17.442769172858714
17.33765500141784
17.12111130744948
17.004994066684414
16.774380983600366
16.677158528067427
16.63083738541238
16.620473688420773
16.545337392347562
16.465804155873347
16.455285526965095
16.360141212473295
16.292307890338247
16.22569770822063
16.005148442724312
15.983503774976171
15.892228289764397
15.761524897864616
15.72184143048639
15.69816408851248
15.596844898083772
15.468779702897914
15.35256619391528
15.321085763252082
15.269322078174389
15.188528685361666
15.101324494290855
15.047681550515208
15.03008501136978
14.92395295428215
14.9192660496156
14.87208313769479
14.783743051162686
14.70859787912827
14.691241262246786
14.625740665402622
14.541852270697728
14.49819223297419
14.40625750690956
14.362196727486678
14.314230746905913
14.21967573542211
14.187566260628035
14.115594590824356
14.085027248491642
14.01557403767354
13.989925817249997
13.92803335367922
13.891929525676723
13.840571738110093
13.818715279266824
13.736674069537688
13.697151795321824
13.677883604267853
13.599623707689215
13.555512698675221
13.54505294554781
13.527320657742715
13.446517138364745
13.41301700017288
13.4011811507799
13.348114783771406
13.331672200691761
13.289138960103372
13.24147433936003
13.206398262651904
13.192438315571215
13.097951990452497
13.082729823611615
13.03638612585814
12.976952087747845
12.946134979233621
12.910496206626695
12.882262682528763
12.846155368691253
12.812755691248556
12.781852963245154
12.734259980604696
12.714562932488931
12.654820817125778
12.629567347124665
12.616991263587748
12.597087157068119
12.56243151008408
12.523118347287332
12.51228612949458
12.482150212426209
12.45907534719923
12.389172365478611
12.384706549030376
12.3498298060118
12.321199385603776
12.286901116007497
12.285754719214038
12.223673230919207
12.200924847546077
12.178715100023753
12.108442285144141
12.101502140483193
12.088843769091957
12.043351239123654
12.037657555411885
12.025477970944321
12.009762941718863
11.941426684656893
11.929062020533754
11.909375092235763
11.879587509974472
11.822251264803898
11.810136498831419
11.783788632818942
11.74540702622045
11.716745392503725
11.679388221316001
11.617843348449224
11.576156630727176
11.548887265985432
11.533881966673333
11.505614968616612
11.495093325750702
11.470868769288865
11.431023753471976
11.423210585248409
11.369560472442116
11.341588268454526
11.296005047018381
11.263991471919827
11.24495042003399
11.20028852888433
11.187339330273826
11.146040510973952
11.125799951751686
11.065772590516746
11.045090425579732
11.006005935711002
10.983108665091528
10.960206079781424
10.94485735515948
10.8965675044211
10.875836176811964
10.862567269104234
10.75965613744094
10.743757310925513
10.724751746322726
10.708747733201726
10.658695034609678
10.641807275265446
10.592888048535032
10.570696598594935
10.529367038798101
10.492905251661163
10.484698399654988
10.45040952361904
10.445952178061129
10.421900979328779
10.411827640174614
10.37773698330676
10.359458729059833
10.313387049143532
10.284764982300013
10.273328256162417
10.268231258530294
10.243777777674193
10.217197060607011
10.209780156670032
10.1841564542531
10.178724725331037
10.166067964071797
10.130245962741876
10.123131301925437
10.106781572941506
10.08906568151058
10.045722678222292
10.042502966318331
10.035970215623994
9.998609941445343
9.971139598152485
9.919839137012369
9.913915428549577
9.863889856066294
9.845794407967023
9.83879679855815
9.819995087418697
9.794767843670702
9.786833867207958
9.758348028066075
9.745326781027675
9.724508365953385
9.714817478812591
9.706601089032835
9.698938073527936
9.671302200395381
9.665656059250628
9.662127071075679
9.642139507157447
9.60193280858675
9.571838755245446
9.560067022011701
9.533399151467277
9.503769937452997
9.491436087267093
9.448940471779332
9.44306893636545
9.420570742584413
9.40923039786692
9.392021920190972
9.37627269679827
9.370649868325334
9.365976369232504
9.33116414794862
9.3157176361508
9.275288485797587
9.263153342166266
9.258449855576025
9.21925269082048
9.197311489251963
9.161854542369776
9.160615745373416
9.143204393509224
9.12711011063245
9.116358551428128
9.108850206151756
9.099854943621985
9.07276900794157
9.057438627491747
9.046508039933542
9.018991767851647
9.001299116714256
8.996439506711877
8.97525825159844
8.954307660705075
8.94532241524211
8.93455007195003
8.915756325809353
8.902258677668316
8.891906444280364
8.85437566371655
8.840542431217017
8.825811176781214
8.804451554507427
8.787484723037082
8.783608845692438
8.76511076834675
8.736128039272762
8.709098953118577
8.699901816215663
8.688886379279712
8.666128876391172
8.664138269704912
8.635497895983724
8.606008390738552
8.59568145745502
8.588502170405791
8.58062421988361
8.561397335386614
8.546372130927654
8.525141823190959
8.513210717583167
8.505927108294435
8.471817962524561
8.454282712313322
8.440544011236032
8.420660784395793
8.400485769953248
8.39383135631763
8.386148775149941
8.356829282031756
8.343207418948428
8.34047778917264
8.326199375524205
8.312352244996628
8.29098833008022
8.285882942867715
8.27819163869823
8.25223802603676
8.239558934468466
8.223465056635382
8.202945920398372
8.190299500487077
8.173445534932377
8.159155927889609
8.134016353584903
8.122191896432726
8.105419609792271
8.097661516189122
8.089516682024996
8.065066115373117
8.039546440492474
8.035090858667125
8.021896832085346
8.01586335734405
7.992069049844613
7.985283804201587
7.970520104150044
7.9408587043205054
7.92373752340347
7.912700908521539
7.9038006099783145
7.890483908205386
7.865725040813708
7.835147258964172
7.827612268969299
7.822323723049249
7.814337021547683
7.773995431420773
7.756673037273508
7.743793482413827
7.712907169151864
7.699100757955242
7.696548516670867
7.688240054300822
7.664873814695743
7.649581385994092
7.635677771912243
7.622032320576256
7.611152612213305
7.596475338772997
7.591008504041856
7.569789787868822
7.565604662735657
7.554590524337879
7.531482962176666
7.525672965710768
7.5037955728985475
7.496904065123702
7.4906537286221
7.48276221566629
7.470904547976645
7.459934468454503
7.441704717814212
7.42578083470001
7.40334454804086
7.394715618476688
7.388109799113329
7.373542391342723
7.360049818778808
7.34212511577346
7.333440501314722
7.327605435672202
7.314959042329525
7.308241873690672
7.286297721333709
7.2770368125960845
7.268324174152236
7.263923650917388
7.234181619935826
7.201455556787617
7.192084307350194
7.1684682421621035
7.15825442079423
7.1358002851114755
7.1293734399859305
7.11372870965378
7.107685308372795
7.090107396207727
7.077326903546099
7.053126774665637
7.0428875868798055
7.033896996345773
7.0216441101026925
6.989432708188858
6.975980384311269
6.96172820699383
6.952499341537011
6.9362190706420135
6.931295613368423
6.930404209415029
6.905923081774385
6.901693963627084
6.890665991327672
6.881090886482051
6.872034775212882
6.86687094133853
6.853996347273433
6.842697372994479
6.833648919657151
6.821657954205184
6.800093996502646
6.786904862591415
6.775075034349838
6.769336057960877
6.757427778609009
6.742298313370971
6.728293625069352
6.706717037649832
6.679849540455205
6.663231161984116
6.661627132176068
6.642367777980162
6.6351456447968715
6.625775664616075
6.623761011611967
6.606060365439541
6.601888473262981
6.58282619026293
6.571273421701246
6.5631892198591935
6.539014997718125
6.521046362201621
6.511886029747887
6.499674296704694
6.48883223233403
6.478024102346744
6.448100140012733
6.443484637261712
6.435666287625266
6.427209781778703
6.370950137110114
6.363543200626233
6.352360601571284
6.342170328326216
6.332730184201264
6.324187886496619
6.317243601515294
6.313017292431994
6.298516499228877
6.289767379213695
6.276393099620832
6.264406032582254
6.258191022946183
6.249153662930642
6.243461185419346
6.231933288382001
6.225052062912628
6.221246675462959
6.211962879675344
6.20161282297156
6.179026495482311
6.1563371831375155
6.13048707143787
6.126451944057163
6.11817725370906
6.0932685054797115
6.084943080895407
6.078274984538998
6.071204549242571
6.059952095229213
6.048302167942821
6.026905442235695
6.0166335604516705
6.012914977306533
6.006064070189713
5.995451703471887
5.96266719726951
5.95675855329798
5.953337328518565
5.943706450479039
5.92074180985137
5.917827262207076
5.906339450260299
5.887132691110781
5.8755195313120945
5.871486299254311
5.857152801972583
5.848344997863904
5.838751533739886
5.8292856331922716
5.804155680165526
5.7933547727070485
5.785905038874389
5.766672064202584
5.738595627668608
5.7302755164377706
5.7180648246121555
5.692656842355834
5.659138227619852
5.630713648968021
5.6205516612514455
5.617854536980936
5.6035444599178135
5.59459707449159
5.5864870683896575
5.577643857608586
5.552348114864973
5.550423038974692
5.535686182618669
5.531273614488027
5.514038936931037
5.493227431764359
5.486157016855808
5.4741295727690735
5.460855030063637
5.432793090265199
5.422657043492507
5.407822682337903
5.3757080916444275
5.364885613621112
5.355733581423143
5.3470316563452505
5.340216498451911
5.332308274771844
5.3221885262375865
5.2965870939923345
5.28278675470329
5.279117896197755
5.2604147016930245
5.253264451764963
5.251319095909819
5.240624635883626
5.233663473933513
5.230584271089782
5.219546293735744
5.19126670213932
5.186733998487088
5.164398609371958
5.155466158832583
5.150598870247319
5.13877129908302
5.12490481261028
5.1139233142026805
5.104490138676503
5.091618427654145
5.088273461486053
5.0815458521738215
5.077391419457896
5.0601128648386755
5.050116264480358
5.038033817253145
5.027785419207412
5.019359821332855
5.014419249872912
5.010040253017336
4.999695334116966
4.985225464383793
4.9772885890224945
4.974904038303088
4.936379142453886
4.917899647618635
4.905017361024135
4.886473355534622
4.852029856235553
4.846382000238893
4.836949967942004
4.835199260874101
4.826245713187965
4.787846371724814
4.778125560057436
4.775331120492963
4.7642143433551984
4.758808286289393
4.737730369413442
4.728609455123484
4.708553761914816
4.671303322916471
4.651892199537455
4.625591913537611
4.623989958649164
4.620749436369299
4.607124124226271
4.5886092704235795
4.541633674650017
4.539906990974285
4.5324064141779745
4.5076339202493925
4.500072587069711
4.464554254280041
4.454857660909654
4.439091317486603
4.425093649893901
4.418230829281432
4.417693032073825
4.408203763270986
4.389338632817434
4.387941563579499
4.366698682725539
4.3639437890570525
4.357999154190448
4.340243372877285
4.321863718754392
4.312826545863268
4.302995097840909
4.298693918596895
4.257051836601461
4.246402241436182
4.243706409111317
4.22993753147235
4.215151487672774
4.209919095964267
4.208613930635549
4.200231511638167
4.197260511110253
4.194440891104305
4.187135709311722
4.1809763405574705
4.179424203551086
4.175072781330718
4.1710551730487975
4.14925279507611
4.14294365791741
4.1221062139704
4.1117120394901026
4.092525172809535
4.078174872025666
4.0709504102870415
4.046961554817545
4.0432201469701345
4.025832411259098
4.016606711092437
4.007957083429899
3.9928857713324857
3.985031458092047
3.9813915520991237
3.9693829584878926
3.968161557338544
3.959876573640024
3.943891402523268
3.9269673406799566
3.9031966169203653
3.8943700242422525
3.892089635415714
3.872709314218688
3.8596503394949457
3.840911589683643
3.8367181006750783
3.831003918180173
3.8047250595158215
3.7964091441537597
3.7887532070001524
3.7751270747661123
3.754689361486344
3.750885721450673
3.7408571996678366
3.7387435591781615
3.7301242169980915
3.727361321775018
3.716488683212319
3.7075577926843977
3.7011960349970985
3.6789143929551686
3.662562679558684
3.6589656512387787
3.6530773163255095
3.6409719300194054
3.6235752899185396
3.5859686267144277
3.5521971109605275
3.5476494505606264
3.537770646859195
3.519017406737475
3.5181469657023334
3.476419785272264
3.455117289443658
3.452143036544928
3.4500674336120616
3.436365914987073
3.435305934214794
3.41628048958955
3.403682516656839
3.3821588114730683
3.372298594041507
3.3621825026335133
3.3620526931291472
3.344449838961118
3.324429332140103
3.321676071134073
3.3139337774795674
3.31052590393172
3.297182397709141
3.2929034614271195
3.2807406120517
3.2792106400861694
3.27128030161353
3.2625677944221523
3.2554789501530657
3.2402946960643613
3.214714771670929
3.208149855284051
3.1854384460601715
3.166833665883078
3.140200926352656
3.101173354290269
3.098339868233373
3.088142447405824
3.066431653236029
3.0363627775646034
3.024276341668956
3.018457514641218
2.9968486178628586
2.991645018795722
2.981210256067017
2.967376108704532
2.966492631484452
2.9625675878852875
2.955647973956604
2.9366554529435462
2.9132300476145936
2.8602426019725202
2.835299186072573
2.8288888930048373
2.8115905510324595
2.809584603413386
2.80507160022624
2.7738838651603372
2.7727133645298836
2.753169569858744
2.7437718418713275
2.739282272636217
2.7186145797839765
2.7035466754988513
2.696225806427689
2.688276847315417
2.6764104486469367
2.670451431625195
2.656198541937878
2.6483781324404507
2.6463026584418734
2.6418936692079007
2.632917838527193
2.623530440366361
2.622123131519146
2.621067945760324
2.6016040046363127
2.599875957071796
2.5975483154231434
2.5905384405517236
2.581921454989637
2.575461291513203
2.5751721679772963
2.5721974928384417
2.5626158098657266
2.549821055670962
2.5368756210713452
2.523620958977857
2.508826947147709
2.4912470762469403
2.4598866175054117
2.4453053681736363
2.4419952470847215
2.4344456634507727
2.4219182162084594
2.3935915656034483
2.373596041268887
2.3522745324973817
2.342531513642893
2.337895073313712
2.3089300554310466
2.304534866652361
2.2957323113684156
2.2906332396125824
2.284977367791265
2.2326836637451524
2.224560932086784
2.2243940322575653
2.216355710145995
2.211763497617693
2.205985200212689
2.195073896662601
2.1932244827714222
2.187717328772663
2.1584540744963285
2.150258832462914
2.147267856600017
2.1470199325475403
2.136709668968203
2.119851794770715
2.0677680680087285
2.052013064267553
2.0412755069063793
2.037081596739253
2.026125779695896
1.997312124595577
1.9960548582455386
1.9945201430556365
1.992374826763579
1.9912671562121371
1.9911248136345687
1.9903704691038906
1.9889278442569016
1.987892002845155
1.9871282895512477
1.9823392747229553
1.981033167240187
1.972057414832705
1.968380207620835
1.966122367549447
1.9631526950961327
1.957190458983752
1.9490600459753151
1.941896168587045
1.9299702007395678
1.9153839486774684
1.9101748450190084
1.8977827088695998
1.8930901758689935
1.884187758731378
1.8572144421679184
1.7615495912455785
1.7288112011501424
1.7266917280631715
1.726555839356273
1.7248268194466676
1.724684146002032
1.7246053478396408
1.7221363633895306
1.7202149157953337
1.7183174785034114
1.7176861232391216
1.7167022241645065
1.7160563646518736
1.7151830017450815
1.714931987582048
1.712694030822464
1.7058969350639366
1.7034403790297834
1.6861267972591556
1.6835703821011332
1.6807897509719345
1.6654674368930291
1.6580622609040856
1.6439838072655835
1.6202650614866683
1.5905782485859428
1.576362675316823
1.5670378895127235
1.5506857239921525
1.4870535423905133
1.4475715331823882
1.4377141147417274
1.4320933668511675
1.4142135623730967
1.414046033844509
1.413941078442943
1.4135971766256583
1.4134899670975714
1.413405620740091
1.4128909949388255
1.4128567020169767
1.4126849882527541
1.412270071801449
1.4118398573261473
1.4113096299376393
1.4107658409502555
1.4092995358136424
1.4088390333109162
1.4063337277747658
1.4060768983603267
1.4050468922219577
1.4044343839297062
1.3981913447716645
1.3914691929785759
1.389834079590299
1.3882569057183662
1.3861336731174394
1.3851901706329857
1.3813943907111133
1.3770677224545627
1.3739923028967103
1.3731464981845538
1.3654521769549979
1.360274748280182
1.3517278350714212
1.3008632811915917
1.300102177549755
1.2624624482639155
1.2394333644372457
1.2392609545716295
1.1238706362324518
1.0198311357671714
1.0000000000000038
1.0000000000000036
1.000000000000002
1.0000000000000016
1.0000000000000013
1.0000000000000009
1.0000000000000007
1.0000000000000004
1.0000000000000004
1.0000000000000004
1.0000000000000002
1.0
1.0
1.0
0.9999999999999997
0.9999999999999997
0.9999999999999993
0.999999999999998
0.999999999999998
0.9999999999999973
0.9999999999999959
0.9999999999999953
0.9991424976569158
0.9988546230660303
0.9988266769141345
0.9987173256093882
0.9981577240394589
0.9981149487659198
0.9979843273155193
0.9979622900155586
0.9975201767822043
0.9974589060444141
0.9973667856973601
0.9973286680087675
0.9972850532085628
0.9971499268083489
0.9969191479801426
0.9967520749570054
0.9967303594338212
0.9965599457609986
0.9963422417599316
0.996336623449024
0.995834920326835
0.994813945571815
0.9947494791527036
0.9945389143135214
0.9942540773059267
0.9938213431518936
0.993610041467167
0.9929967527644571
0.992851668141344
0.9926532488716115
0.9925512834358521
0.9917246013258809
0.9916544854859062
0.9916152638406777
0.9903488141560615
0.9884563152676078
0.987747244781964
0.9875945643180396
0.9868253650888835
0.9865500018900079
0.9857847283959796
0.9845670796049909
0.9826008792329369
0.9800622839629325
0.9770956861934333
0.9757539078847062
0.9738973732033271
0.9652469396621877
0.9610682867289512
0.9603136040561666
0.9588012299027163
0.9563091068297734
0.9296971761006576
0.8968593924847388
0.8895862399691137
0.8583822773104809
0.8546892839894752
0.850538348887943
0.8410226969575981
0.8335482679482872
0.8088953031837338
0.6007694845252984
2.019421062206676e-14
8.078853793660735e-17
1.2378146108664916e-17
