7.010639408602565
6.298863670078247
5.875644597899556
5.702996992482105
5.565699657788843
5.110999110669358
5.066273219157021
5.048951015967863
4.434118399889106
4.346739826686131
4.02723904272598
4.022043728124274
3.9999999999999942
3.998311851115277
3.9840959448665867
3.7871825430800867
3.645751311064589
3.6176215631475723
3.59536396675109
3.4383923452898726
3.2530871022700616
3.222269794963465
3.140252844904075
3.085936308780294
3.077484006897633
2.964250399416935
2.8227765499470334
2.8174860233481454
2.715194527703129
2.682641447534377
2.6090514746585405
2.585360681697445
2.578191707857038
2.520474110145655
2.449489742783177
2.396128157108221
2.390740426114355
2.263883424320476
2.2301891380938983
2.1793014774755766
2.1766237705327005
2.1563378487713583
2.147587026274728
2.074313293051941
2.0543905026064375
2.0298216440990724
2.023349272517437
2.0070767718614047
1.9895331779438992
1.9494239775069966
1.9302659649003802
1.9261678824876798
1.880246852900397
1.8725337956850556
1.754073889493489
1.6826233755996187
1.6457513110645898
1.618033988749894
1.5932767712018534
1.5754158603196597
1.5724170296370665
1.4274979073375669
1.4142135623730951
1.4142135623730951
1.4142135623730951
1.4142135623730951
1.414213562373095
1.4084645539747738
1.4037771527850524
1.39379517256718
1.3750893198634357
1.3746447907300314
1.2936297863900992
1.2758207855067192
1.274205156958612
1.252078866406365
1.2464541074300177
1.224270811824577
1.2211919698737632
1.2148355048071229
1.2097085046687976
1.2031020691113647
1.1905563006612325
1.0859175192698243
1.0513758941467035
1.0178019674275967
0.9999999999999999
0.9999999999999999
0.9999999999999996
0.9454116610144296
0.9268505565317811
0.8967665675491133
0.8813781378527412
0.8738881674922448
0.8349996181244662
0.7774577326173195
0.7423913491343714
0.7066045409256424
0.6735486923713344
0.618033988749895
0.5950013824494751
0.5685861526372891
0.5390725671110559
0.5004911111439676
0.38710519880750827
0.36180228979122947
0.3576797129738217
0.3566024668305583
0.253740519216723
1.4498767091253114e-15
5.359514300270447e-16
4.4406626426696946e-16
3.51364564962523e-16
2.714067709308737e-16
2.5177489239331017e-16
1.0790620347672394e-16
7.062027234650507e-17
4.1241480447538545e-17
