110.64647446810544
102.26960754719317
99.59150286854194
99.06144908342382
90.60575510128334
89.51399028003715
86.55795354724738
85.22563057513366
79.90064599991376
78.85470149771628
74.73276000784107
74.12516014125852
70.78431408201037
69.83700490801037
67.99858250132456
66.76307289724869
66.14478379571548
65.74742166057533
65.3845911604242
64.78653678449709
63.60770027475
62.97429743104289
61.59273370123068
60.77612543268134
59.62122203612275
59.113934699404176
58.118459871125374
57.4864772203757
57.33911232326036
56.42390331902632
56.1946352905066
55.55328122536417
55.390958590562136
54.84070333436974
54.70536905623186
54.115913167847225
53.40374815837616
52.78223267107656
52.32351772850446
52.21999909446877
52.042168173688346
51.83031950755249
50.87805822193039
50.479908321891536
50.06340427149068
49.736287111242646
49.23927757633138
49.194190040409374
48.99593124836598
48.83164581250034
48.724930897268955
48.47791005254408
48.365356446614165
48.25380876433666
47.97182322551822
47.78662975853662
47.10476101082434
46.621722965973234
46.16848346416927
46.11158476941439
45.96440888465843
45.91944182296511
45.869840914470075
45.606439530004764
45.43178727652022
45.03690097228998
44.994664000003574
44.36769649475493
44.24666339082441
43.99046903605725
43.60418726932611
43.50294796906486
43.444048418185595
43.007508876769315
42.73000428007734
42.52912099002476
42.27504628847203
42.02284111670529
41.859480567957526
41.70169325098713
41.48215720975043
41.40714098172664
41.208946270173385
40.987966400559216
40.60145127131255
40.41193021904255
40.26396862258029
40.036876315724626
39.75905760959305
39.70810636486144
39.530687697268796
39.42317095644908
39.29278192211493
38.944831784666704
38.91315035924745
38.667798738777954
38.60467937969937
38.076920037991634
37.705013961445296
37.536996250300874
37.374164340465576
37.15867262263893
37.11312643120616
37.06227821799805
37.03552305351146
36.95735796869083
36.75462153596999
36.703109077456745
36.543337766834924
36.40390334161651
36.3531924536225
36.21438020157865
36.17141454728698
36.14183815307889
35.94757196563831
35.80908139260588
35.69657655160202
35.530171968042815
35.378428664802634
35.203365788766455
35.09771988739329
34.98981961141516
34.95775941293687
34.8640690812163
34.741551083206616
34.45333841829085
34.243529826249166
34.123527392746695
33.949892480661134
33.72288257416808
33.592338496104524
33.366258424923096
33.35690821441754
33.25658472339181
33.22619914570294
33.181368588917685
32.94538107052473
32.86522725839057
32.78941374557694
32.69689875388991
32.65732708720684
32.566672917305894
32.49548446984212
32.131382836786074
32.10949684873307
32.03914197344408
31.97523420120752
31.902197089349617
31.790669692438115
31.671390573162004
31.603819708759016
31.47324157094807
31.285923912109176
31.132229641894895
31.088500612733714
31.052184604262248
30.778620259631666
30.736417213318827
30.649807405044232
30.640826005657694
30.623550063773866
30.579244658055302
30.481537991333216
30.47664762462306
30.307269559026814
30.264117534281414
30.178433404839673
30.09145643920023
30.047132282032432
30.021344212491037
29.853648300213404
29.76086396032929
29.71272840051558
29.56755976193963
29.523638309050416
29.471549177234333
29.34132156519709
29.226262273804128
29.073941851509495
28.97600684677112
28.845300647357003
28.80620159049767
28.775086998398557
28.659953075522104
28.620325268179347
28.411931242775324
28.378335997719855
28.317138069453378
28.229701395811574
28.142498550082145
28.080056509942455
28.05187763876021
27.958269962394148
27.889690280302094
27.838746089945907
27.78854480699012
27.76030697122634
27.717020130863165
27.68647378810597
27.664604407321328
27.629771061395473
27.535029098165456
27.488237562254234
27.43653053307525
27.39362211933383
27.236938390679224
27.22148556550004
27.150858949275293
27.01841736159955
26.833631856255867
26.776989324632407
26.747609488471205
26.65982854648764
26.554888612465774
26.498099994109687
26.461235659062332
26.403130061558922
26.3277042360545
26.282478930151104
26.23450429302504
26.20089817731995
26.11718563588494
26.02486898879447
25.992380157371855
25.929336943659564
25.875830049180905
25.82349053915661
25.729220506459743
25.647047821443593
25.616361772527288
25.537023174120222
25.509764539456274
25.480525497994428
25.372743152181506
25.289325962084863
25.25958958892444
25.222341384872433
25.10225523145831
25.03655928534363
24.904011011523732
24.8708628498909
24.840569124923814
24.811164458318668
24.742589451452137
24.665066615191368
24.634470028930057
24.575774745787808
24.530144721280276
24.468953307853923
24.449228587263995
24.40553499059915
24.27359839613696
24.2577340694291
24.239166695649384
24.082825973934103
24.03647803892962
23.996861666646456
23.957221457195445
23.91822064319412
23.880906618048748
23.846057725487427
23.73674788314406
23.71856270862519
23.703082636672768
23.655462784632956
23.610367101178795
23.537052770573784
23.47025747949742
23.43311580417711
23.401819585853545
23.351038146064145
23.325058845663513
23.225875431513167
23.186358438066907
23.09959875622635
23.080844996467125
23.00008513166645
22.968862373492374
22.874771548811605
22.835117433323
22.815435332398142
22.796711881156867
22.728751029864704
22.628351729598705
22.616697510299932
22.54335197855178
22.493552554840047
22.38642551458071
22.293040893252314
22.255548637439805
22.232501052832692
22.173097885769476
22.122177238683268
22.0497574887875
22.035078762191574
21.900863382616507
21.860232163876205
21.856368719200383
21.772510439655424
21.763905616512258
21.74055202250361
21.693222547767103
21.654314646979078
21.58636271647759
21.561644510110398
21.54464004629971
21.505850993012658
21.475060984400304
21.45390525957537
21.36734340773191
21.350238148944022
21.27738458353764
21.23386565503528
21.16934171986308
21.153834873179534
21.109130621484226
21.05639377053233
21.04611606252946
20.985614441955818
20.902357119904504
20.854860463354996
20.73180586184222
20.61161817222486
20.557240841094455
20.512173172262006
20.422625568683355
20.392613950632118
20.318884825636815
20.267898157751983
20.171261138957323
20.07773521013284
19.975582172777404
19.908486098576045
19.848993846883577
19.81002395250464
19.767195192181443
19.720871091338076
19.715322566523966
19.64214917820385
19.601346653466184
19.570599992018128
19.550427744525106
19.507539866203366
19.44818822039003
19.432788026715148
19.417746840845773
19.396938547327014
19.37684390925508
19.358848966271616
19.323970627912576
19.259751462050893
19.223232420307294
19.188657600792936
19.170315174035398
19.097595403547523
19.02847632474615
18.993936526960393
18.955495608210963
18.93256390632343
18.79735441454341
18.714602131894708
18.694707652103656
18.692267355951813
18.67581375073788
18.620097812537853
18.594313202604273
18.444786651484506
18.32653072324929
18.295630108136805
18.174521028297217
18.1446808522518
18.082199386118376
18.025359859255705
18.01009789579666
17.835106232718402
17.816268463831275
17.807412388698953
17.760534737353964
17.745692584736876
17.680425940335173
17.62948922212467
17.600105372176
17.55672584302429
17.512012411283205
17.504580398059094
17.4610774593315
17.42315381492848
17.39966807368548
17.3496211760779
17.3182213690954
17.297899898389712
17.234004731468794
17.14207842785023
17.109491337572972
17.09760805925002
17.055431447427488
16.99417044273405
16.916016584559006
16.873716102176243
16.86306612748409
16.795332391028342
16.747137304091
16.689569062218418
16.67581417864764
16.656645643952487
16.585745607468876
16.56218408423634
16.544430733266324
16.527990291786967
16.497964724586087
16.438896418595995
16.38885319679037
16.32967071154922
16.266751005460243
16.247268477163153
16.205535367792628
16.164996720366588
16.130446927838353
16.040657159292625
15.989026837354784
15.982574063952613
15.94913073202636
15.940810954098374
15.930013162540385
15.92332838474227
15.910975621609541
15.901865057104587
15.849622034789926
15.712971979448396
15.62534679922896
15.611370457029555
15.506980594679128
15.496635443342916
15.443202166481438
15.416510277908909
15.36415675354551
15.326477724709624
15.253023455196525
15.208352806676745
15.175952591812592
15.159959672896331
15.12257518948629
15.11232434695973
15.092016901865136
15.066143975717933
15.055466443325193
15.050371006045301
15.032539012285431
15.01118216603606
14.965297471937783
14.948818515357225
14.902340668510984
14.872628499380621
14.828281862269934
14.798649893119032
14.760303168212516
14.733515959298163
14.697009350977503
14.692857170248333
14.633344745360699
14.57390928132847
14.536232960955191
14.523372712830838
14.515987780399541
14.43864275264761
14.424901958772095
14.339614468377928
14.29389395063331
14.278676544788105
14.266106248088922
14.212582920349575
14.150948962817537
14.14270925382944
14.11411851131344
14.049526989360343
14.02957538664791
13.991891690288398
13.949209492168759
13.887531775786577
13.85504423699639
13.83990004856822
13.804127341044257
13.791276993623859
13.737112618711398
13.686742057746129
13.666744499546512
13.630775496670015
13.585021695496877
13.557824703335529
13.53020433307336
13.495941617393148
13.472959805898439
13.432611543493245
13.420676250699609
13.363962260896303
13.270178951252294
13.252609024633657
13.229853263323404
13.16704357341179
13.15322453896974
13.114983759775638
13.056568995686364
13.029868476056365
13.017099033202182
12.998627394985375
12.969162147921883
12.965862043971185
12.932487223384266
12.89558814418063
12.841393678821238
12.820220908317914
12.793833172351048
12.787044866429873
12.765329410804826
12.738035207270052
12.66120226883685
12.645010842806952
12.569216745497146
12.560030192425186
12.54726498866555
12.502733366783941
12.40967364599085
12.37998291321325
12.36005436390793
12.311338977702796
12.251016686108503
12.218652393392736
12.198301123553115
12.161735317828823
12.104563994584728
12.078494474435356
12.0486332103366
12.016139130521264
12.000070751370437
11.980699970169061
11.93692246644874
11.768654468370293
11.763941565548397
11.74740936075689
11.693140065286233
11.662111880393534
11.64618340485731
11.627103874274136
11.601380613576254
11.56070166996048
11.533282295582296
11.509552395061949
11.428600790348675
11.3895191171484
11.384105557018353
11.33965361738467
11.306929348362008
11.285066741850477
11.276088789580983
11.200230196645492
11.17414320276019
11.16452898799652
11.147995699511137
11.133491370313982
11.108482889594267
11.08889364910325
11.035353163321222
11.026064936798432
11.015946401788495
10.98406921636466
10.935685143833288
10.916411592287194
10.874847502933788
10.859640292554515
10.848463397986015
10.84378440727912
10.83411305359742
10.800969085059508
10.786364411303571
10.757827076635623
10.719866032116128
10.677706024963983
10.651789523778787
10.625195136439133
10.618991156941886
10.532328165011645
10.511743008706043
10.485273398694932
10.46298376261829
10.449837891947826
10.44154444058113
10.428759404937507
10.42300513654031
10.414725132847536
10.393370666424929
10.344839043651408
10.264097889414572
10.229541278859582
10.220826238220411
10.186012712727063
10.151402604535209
10.065021177327337
10.058037427458633
10.036380925245151
9.945284266871996
9.924756063697304
9.911616324238809
9.7887525804074
9.782342657182662
9.775324993860837
9.69750476458216
9.676371082685087
9.651509707898281
9.604523929738065
9.599374884072411
9.588984124323787
9.582143033883936
9.562770910866623
9.473633511278935
9.459661771004319
9.356343178717841
9.342597678715672
9.328863150300444
9.266374568041561
9.230532029862902
9.202911572510386
9.16521729585259
9.123804248624138
9.091106081062442
9.070219074390513
9.048853014638258
9.036017436041199
8.987146571641613
8.89114346622799
8.886606322747273
8.831594539937418
8.81120702096135
8.795985552323462
8.74375890613387
8.697332668049897
8.650182580250013
8.629055510995267
8.562616290092718
8.455088985157117
8.436772348262096
8.398226011744049
8.314656944312649
8.233008808122541
8.228518516428686
8.192064083268663
8.180261037196319
8.169159455507193
8.145382863449964
8.113926393636087
8.074460948868674
8.054947326242448
8.01894236953103
7.994767898504084
7.990051002423325
7.970419772292867
7.95147664839611
7.93229850909484
7.89236572861253
7.879163335512401
7.795472224282676
7.786310508867125
7.762153499537501
7.738730971524566
7.7262384439384135
7.645027047302204
7.628907106646861
7.616196389106348
7.6034644597937975
7.582225651247197
7.556574188842803
7.514104174097588
7.499840960329835
7.441391380507844
7.392512971216337
7.349334842305221
7.297479660579409
7.275301106691321
7.2546407261765555
7.2255720955960285
7.212979528310597
7.196608947691938
7.178867008651401
7.012311973076553
6.96881684921729
6.964148790696333
6.945109177013508
6.910238501076373
6.7630510958005186
6.751077714710538
6.739836090885579
6.708919875443395
6.62226770508306
6.57830886768274
6.564468759345188
6.55471302956937
6.5268047140632275
6.440174583819044
6.379307348879351
6.361869954123759
6.354965950566165
6.343718824788438
6.3179975723561
6.28901336287981
6.268524411834967
6.2634551459859855
6.253058283401833
6.216713266226131
6.201357004063752
6.195200979900817
6.190796570205286
6.133788649994075
6.125936252922525
6.089505795038947
6.085519307200513
6.0723053799605395
5.954593109259187
5.948573906382571
5.93364795681761
5.904731111456038
5.881747832170475
5.832874394154404
5.830759287399373
5.8246601019482975
5.810263218004602
5.794833489688827
5.760278136867208
5.7376795804765575
5.648263507478244
5.619142351241166
5.560227754830449
5.534322476384991
5.409641091410031
5.359526526342815
5.331415342157254
5.308743460377371
5.2818571019513065
5.274917901800305
5.233592776468983
5.187473414956322
5.1856274171961365
5.152742920648046
5.141322000662107
5.131165947985166
5.111243731623379
5.1042113884281495
5.086062814175466
5.0500315074812425
4.981279676917862
4.932292277912049
4.915608197803484
4.891477052482542
4.852157015169663
4.7808000777324375
4.7575111419319445
4.749725050891007
4.664512790215244
4.6643590404005275
4.636704123089011
4.590563962036891
4.576855595320227
4.570095723733439
4.568221672863127
4.561450492289974
4.558475719484926
4.553441570040274
4.549102350586341
4.537909171629067
4.535724199453964
4.49692325213129
4.471958135951697
4.454333964347476
4.429259580287292
4.4180372501350735
4.41661424588566
4.402719665144298
4.395760503531813
4.355101801034156
4.323074316144526
4.322189124015165
4.175997401487394
4.161325594620763
4.104805226593794
4.050590868252181
4.03262004601574
4.02254543710564
3.977600377125314
3.953421108252476
3.8719778916147454
3.837743408970174
3.823710127457029
3.793181093496695
3.7735416686397185
3.754999135068806
3.7413075140748524
3.7335871963164995
3.7293067004379936
3.715478149169714
3.6985602613662696
3.628302640338341
3.5995125573401197
3.5850525024942863
3.5773208119305564
3.57332398414873
3.5669083389866505
3.5593824997959143
3.512388242932897
3.495458076800988
3.4603945658018076
3.4582068187811505
3.457058536440247
3.449166354005287
3.423966253292803
3.3589652123114835
3.332213031415598
3.3163849942629913
3.3160614292328674
3.3098054175414777
3.305894517636361
3.2990705428122356
3.242749628005372
3.1922803814721163
3.174322284712572
3.168782994122236
3.15542789712931
3.153545505401997
3.1520083828989285
3.1307139834442004
3.106433879972193
3.047088105440351
3.0206287196662114
3.000000000000004
2.99466732470588
2.9907666335842378
2.9894426822609654
2.9855737346247966
2.96939119129732
2.953605934639012
2.844918635883623
2.8263615214044964
2.825172285475837
2.823176267801401
2.8231466757204933
2.820884308569999
2.8207480829343896
2.820514537222108
2.817696528845792
2.7306531395125484
2.7006304168283926
2.639525369028944
2.636563780471481
2.635054060708124
2.6349990487849233
2.6244671301428024
2.616879180339481
2.466681110220202
2.4494897427831748
2.4490394879493715
2.447303221840301
2.4472074065200897
2.4372497823963077
2.4358782181387513
2.432897619373804
2.4232402923420002
2.4208370380457223
2.4121070854554776
2.3908389746824024
2.367043588984671
2.3584097158206174
2.281548684199605
2.2692703848488884
2.235994939846863
2.2351269806903145
2.234800891414529
2.234308652038392
2.2336388243418672
2.220653967743007
2.2183826181487456
2.189666898707134
2.169051650517978
2.1403640408267166
2.0783341853389277
2.0726993295678837
2.0107495343420867
1.999999999999996
1.9999999999999956
1.9999058787401691
1.999118112295089
1.997985720296752
1.997438253777391
1.996656511323457
1.994840443932028
1.9945889758757314
1.9939194951214219
1.9930073457946869
1.991946942555256
1.9919059338786118
1.9812131782225277
1.976025895136968
1.9219523731889547
1.8645269084908092
1.8560584059236809
1.8497400146581944
1.7320508075688799
1.7320508075688783
1.7320508075688779
1.7319921981344037
1.7319042862946
1.731232366362877
1.7310330663387663
1.730638908534246
1.730618862587251
1.7305854978792692
1.7303954301819895
1.730035207207323
1.729876952840753
1.729627296343529
1.7272817906124471
1.7145571032135616
1.7103826284867363
1.7102437754951632
1.6969164908987562
1.6768067298667022
1.659243017138459
1.635024494982736
1.6077227473454587
1.5462289084477379
1.4142135623730967
1.414213562373096
1.4142135623730951
1.4142135623730945
1.4140905309267493
1.4140490755552793
1.413754803254711
1.4135610560156422
1.4133125877796664
1.4125100522485692
1.4121115753786748
1.411977295138096
1.4114727420632607
1.4099449638765353
1.409848044099877
1.4088633156780153
1.4081066224631549
1.407661722536667
1.4063798334440256
1.4032556008983328
1.4025862160183653
1.363575182561413
1.3493616823149612
1.331905393507066
1.313268949189198
1.2336293620015875
1.1652565077603299
1.0000000000000009
0.9999999999999998
0.9999999999999998
0.9999999999999998
0.9999999999999996
0.9999999999999994
0.9999999999999994
0.9999999999999986
0.9999999999999983
0.9999137328655848
0.9998533338620637
0.9998093445639636
0.9997998836909806
0.9997447242345543
0.9997018875081072
0.9996340856703162
0.9996275030853299
0.9996085911377597
0.999551217739504
0.999540833783089
0.999511630295965
0.9995044973667712
0.9993458091648023
0.9990016800367861
0.9987704914994026
0.9986141904593309
0.9981715393456593
0.9981671819537988
0.9981317792345422
0.9978820601076666
0.9975431446467777
0.9971313221820778
0.9967079161139359
0.9966734810369314
0.9963095940812696
0.9960246033431756
0.995302078778407
0.9946861390424955
0.9940593876038922
0.9938114642407336
0.9887345202773016
0.9859314604053145
0.9735747255580139
0.9322678485485841
0.9107929842453681
0.8346342695922688
0.82775380528373
0.6225469275522019
3.1433584918063733e-15
1.6117631412412648e-15
4.185260185356049e-16
2.2943480116628064e-16
