103.20034138373512
83.76990131263898
78.80543508004169
74.01199050130494
73.50640777031118
65.84350929367915
65.45271025758768
62.83075989747329
62.752849108101515
60.235366820003925
60.1105345053695
59.06717133910919
56.51617201173056
53.99216050501919
53.39426272012336
51.97113784626909
51.574495816513924
50.65543065737113
50.21712940209461
49.24942601285754
48.30759037778391
47.745586437779174
47.71039886272275
46.811256170013856
46.112335592383324
45.967745781606325
45.57509953837616
45.46373505952102
44.92061897447055
44.560883881747856
44.23641356918988
43.76746882269797
43.1007722550359
42.543191560881375
42.033795886073776
41.68051786162416
41.101877112967514
39.659681989631956
39.55706584994744
39.101770499726065
38.41985565522504
38.099593635094635
37.81205454711536
37.33549425454343
37.30172403039279
36.86369503835156
36.530463045075635
36.35349598647527
35.869984370282204
34.5588834532377
34.53561749880052
34.38385360943136
33.873401824384445
33.46865865734212
33.39274497394257
33.03473155297267
32.758465441036456
32.69796174426804
31.89035892171212
31.65074060672162
31.529723836243264
31.464868749599294
31.384357424524584
31.078479414678903
30.886154111793147
30.720692965246524
30.690580248830845
30.306068226310938
29.946396835645217
29.865134526138622
29.275741937166654
29.12462332735845
28.855252582595487
28.59920065459643
28.522637552158223
28.4595341758268
28.401225157938516
28.24644047574799
27.82148361445178
27.75948371225593
27.39297663874242
27.35853863217974
27.12951643745575
27.02384492109098
26.714270562296267
26.62622583057958
26.43546459619632
26.322797644162442
26.221314305566256
26.19868123491954
26.173025806850752
26.04856095988319
25.974727214719703
25.614115885570673
25.455014576194724
25.405589993937163
25.289643030296514
25.059820341719494
24.849383790467108
24.512858560648944
24.350611228763132
24.01536347157143
23.985086977919334
23.909937342331695
23.895412080832827
23.825699028140377
23.79162439491639
23.71605455368006
23.683067029766704
23.560667739626776
23.46800491672875
23.076114521219548
22.887334444383885
22.75820203590268
22.660594861564842
22.61973042048054
22.5203463457276
22.414179799348943
22.335695728974276
22.19257686164099
22.161987420600788
21.998614656310394
21.947337016258757
21.89180820316704
21.787589253662546
21.75785173932632
21.645052734518636
21.559331990066088
21.46227116976033
21.426090084067386
21.377829817169374
21.361627929291142
21.27454558286169
21.23973557250423
21.20295893087448
21.17655665095212
21.075204593627472
21.042618678551914
20.903210958299578
20.83607989844672
20.811294286076638
20.749023115690534
20.629027991755308
20.522968747945622
20.50138569940328
20.36769154417833
20.32881277267348
20.210946741241184
20.012016558703206
19.980946716054
19.9010267132138
19.863653931747365
19.738296242861818
19.68961314105997
19.649758886995926
19.586276201263992
19.53079902454493
19.47179861824076
19.432959248235875
19.395826544574557
19.375260962353682
19.320248328858046
19.28388630369494
19.26231345040491
19.01719458509743
18.90757142042489
18.8631444789235
18.7481899730622
18.7239531201924
18.712268987094948
18.68518552844133
18.578856523246227
18.490340261960494
18.406717306298248
18.37683773137155
18.193964764654414
18.16704345398808
18.133397947097553
18.088245991645344
18.072552667935216
18.04680808159599
17.917252117604594
17.879569258572086
17.82678448001651
17.7814568188604
17.733024960101552
17.700660795061047
17.686210505134095
17.66345549205773
17.52893451425552
17.50891694690474
17.492436170195706
17.377579400107532
17.342501243095807
17.29878578319721
17.255038494562836
17.218125304967458
17.18454625160657
17.15761118268754
17.085956073768383
16.958118214181606
16.94545725618434
16.90892082577885
16.871220717301224
16.795637337689435
16.735717715014516
16.714452577466474
16.67225824472357
16.63221790788019
16.601330490240255
16.557965521536367
16.53687035574449
16.502769973390606
16.436173346941885
16.427044407263928
16.391150888920606
16.323027147936614
16.257621387655444
16.182607919215247
16.063626079097318
16.04802040613399
15.918013869235894
15.871269770161547
15.771189922233715
15.73597978161011
15.679604577642365
15.6582155027997
15.64926351425938
15.609908394816213
15.59633374265375
15.58486313536566
15.573650085160113
15.531225258132636
15.369081515045917
15.323574683616675
15.28730036511327
15.234520186434192
15.223840126378263
15.12450327766376
15.115315010000932
15.070622566330732
15.012295671722029
14.937999010029303
14.874908085833674
14.84043979957422
14.828286264247021
14.796429003371063
14.752869870242412
14.732054151423956
14.633712068356393
14.623673801468184
14.56290017453498
14.538130615895772
14.494285924612491
14.455638143295145
14.447432360944
14.443590164503659
14.408031135116882
14.39613976588774
14.373344044733935
14.356401313824556
14.319925997413206
14.276716850662128
14.246650359380784
14.21504081762382
14.179653688643963
14.15827723838651
14.139324996136537
14.12254701691584
14.095522429863074
14.088806473149113
14.027027488258788
14.012130298700155
14.009886130732438
13.993699643069498
13.977224412865322
13.96503524902071
13.95542298619681
13.898082000261091
13.813202120242398
13.786293556634257
13.780723015949137
13.75619616131919
13.718525581963549
13.698050528678444
13.618643972098868
13.586192616637538
13.469520139620412
13.451977019508622
13.378422509418948
13.36099503392617
13.267087646665185
13.23320182848654
13.157950562328564
13.145780364352929
13.134329987684746
13.101699322329914
13.074105607114996
13.008714587642073
12.97785727349441
12.959186807430674
12.948876957824071
12.936606552082909
12.92554914885062
12.837575442779244
12.797788461641588
12.7439411972113
12.736128377969107
12.696437932178595
12.681311663784962
12.634829574208299
12.604090246823416
12.584470243184223
12.572562519522222
12.547001189582152
12.543711386901778
12.522973753928113
12.509291841312187
12.43742945263228
12.419298112324553
12.406667590524847
12.386220613195972
12.365294649440926
12.354880043358637
12.338713807636438
12.303561337695509
12.295201953598115
12.286726578614449
12.274997345043522
12.241559610423222
12.176373631412785
12.167202348297073
12.124385802859027
12.10572457114276
12.096850290693201
12.048801835978992
12.018276182565907
12.010021673240352
11.995630642424123
11.984848643813997
11.97507394074201
11.961037683763193
11.938030462987372
11.933137342878432
11.907563919926593
11.905593758374687
11.883577819452077
11.862165432918585
11.857845863030963
11.844816487422328
11.83579940516804
11.787641419909864
11.763770036306157
11.742284266259892
11.714092527921755
11.697820084913253
11.67670672495627
11.62752728706731
11.598222472262085
11.561677149832738
11.485905258247833
11.45193661636658
11.440777574711666
11.418281438734699
11.402726306526755
11.399407648576583
11.369191124640077
11.363590886321965
11.32201923294489
11.305026228456555
11.297128537676075
11.287562780519234
11.240892089640962
11.199858176353779
11.189512834328237
11.169447883366535
11.133979644828056
11.078691047730878
11.043050231229225
11.017316398910006
10.964664472950313
10.949073424311852
10.938267197882384
10.900495836067535
10.894704033533129
10.893308081710755
10.86888402094028
10.848372824508825
10.83835387258044
10.827568795481097
10.807157757440853
10.78068569260441
10.768637969572767
10.762259493476943
10.737104174849183
10.71825052475206
10.70248076169481
10.680785287497828
10.661106747551852
10.633567443219816
10.60367591881332
10.58880749698343
10.565479137001041
10.543874044014833
10.53659781759783
10.436830155120942
10.42131557201573
10.329120803213135
10.28809673468322
10.280215518650094
10.27747441679982
10.252062932642872
10.223036851511868
10.194696996383076
10.186198639265726
10.176175887644431
10.171606255449843
10.141081765073809
10.11856940721832
10.097777375247386
10.089417949531509
10.044670339795978
10.020542316064313
10.001058994210672
9.98995553115337
9.970983759404618
9.946511087606817
9.906139562503823
9.885449373944352
9.877257386836828
9.774621267090533
9.739068035060207
9.722447996242781
9.674861795184546
9.663474222461284
9.640186814905439
9.609783404980073
9.598665822450346
9.591080188841026
9.569077798679391
9.563980631787974
9.551336791776606
9.529451914943731
9.50662555621663
9.471392338896665
9.458824926340444
9.454738495849945
9.442300098708088
9.433197085853488
9.425093003579356
9.42278903932539
9.403585642124112
9.389377280985567
9.385308219116599
9.373716463140237
9.368468019305794
9.3582249863648
9.350561028348148
9.346149927730906
9.321028979925964
9.300754457186178
9.28981878004553
9.274229004930193
9.2641552086805
9.231988205609607
9.22325461868931
9.20759860646046
9.20254035941949
9.184445443396234
9.179106267910655
9.151657506885835
9.13951117384265
9.132066885087678
9.114077832442367
9.10608298287674
9.088253913461443
9.065763084228115
9.025143069447793
9.011836118030901
8.999959209840696
8.989759612335224
8.974630890422148
8.934523122472413
8.905671504535151
8.879051961970138
8.838491493109029
8.823534008759836
8.810738759018436
8.793207771179455
8.775367801073163
8.766135788726698
8.763674836898227
8.730252410480416
8.72749853396819
8.710908895289625
8.708139839349514
8.683717167619555
8.680530096738272
8.641800269035636
8.639208845222617
8.619537164864099
8.599668669792655
8.593298339778181
8.589764201519582
8.58300383425639
8.570430530640994
8.565104481756757
8.55859950795629
8.550114976063725
8.531840592801654
8.519507771255943
8.493754916419713
8.49291608587773
8.47794448223789
8.466346214387118
8.449721578524906
8.446540961091774
8.443818677884558
8.443179185483112
8.432050305408712
8.417074063410627
8.401522531020788
8.38807085833463
8.380614436262931
8.37890371424946
8.365926124939417
8.35862030012666
8.353220547419854
8.321673004927527
8.2958709192288
8.26329032931057
8.246248269880434
8.231986022692148
8.230187717584034
8.210398628983867
8.172355185240246
8.163712622855686
8.139825243563406
8.125667459736345
8.121470250373783
8.106743402208963
8.100351512881945
8.094173669808049
8.089943846626847
8.056928087581078
8.05226278703569
8.044527194141331
7.996367614743662
7.977379198777829
7.971292327340935
7.963611635286118
7.961475270484985
7.951142592216606
7.934448165106683
7.892656066869986
7.871076740577264
7.8657371861408345
7.835214364304515
7.821270916363234
7.808079265225873
7.8000544274935235
7.768298098822153
7.761213212117499
7.731893380685852
7.723774734231901
7.71295871904427
7.697979812293363
7.690967134615432
7.640469079690801
7.627287239345144
7.619360734385624
7.612530354932682
7.567486572145185
7.56711163317309
7.545151920488141
7.524828532008498
7.5214910597419715
7.483739330096876
7.477358730264001
7.472587600805088
7.46753183427822
7.462443374047235
7.43807567867749
7.43231089413222
7.4267237349548205
7.405774899738062
7.3884815159962285
7.37690220558614
7.355626513988853
7.3536694794031225
7.3343135653394045
7.326856044059202
7.316996063151405
7.315518090567643
7.314135043160478
7.2915174836561425
7.287014078392393
7.239962349992393
7.222528088305704
7.217481021757733
7.207323973269448
7.168044660650052
7.15564749816903
7.1458326771928595
7.139683895169076
7.125965427510519
7.124763588422328
7.119471639435258
7.11491502930555
7.102722374847871
7.0984194034597605
7.092698330169189
7.076036641945543
7.053992935781792
7.038060818914674
7.032487617629386
7.0247673847559255
6.997900410421205
6.978532810843309
6.947422712762603
6.9430025750316124
6.910963472945156
6.906845417986138
6.893676105230358
6.8870805558733315
6.885828640807906
6.882436238626094
6.878942152185852
6.864984430073372
6.843116841663837
6.826803957688489
6.818089940288853
6.794250721121953
6.789534786778356
6.780987705976492
6.774329806717474
6.767137542620286
6.76645546254792
6.764221611935723
6.7588389914752725
6.751695061461831
6.724883527114579
6.698088149236876
6.691952141704093
6.687647243137593
6.677706901317326
6.665666052326375
6.6613231694512365
6.65381965499262
6.6410183513758945
6.617334749452044
6.60878953026656
6.597609496362791
6.5857224594225
6.564403105989462
6.5622977814128145
6.56086858094229
6.5551349758755135
6.547553051819832
6.5459953650155835
6.517147758553533
6.502955575493747
6.487552941491271
6.479821218356043
6.471568476593562
6.4577698438486895
6.452207540897151
6.448518172020389
6.439794124770894
6.415020821501973
6.405006426533803
6.381608378782594
6.3757477352478675
6.369585698659586
6.364626345302319
6.356378805440786
6.349737570343929
6.343872181271887
6.335359221370484
6.301775931619351
6.291233589684636
6.281135866742273
6.263954147541073
6.247446407766224
6.2467894619652045
6.24341388723412
6.233985245595996
6.221459900134239
6.216601768306842
6.208603285307925
6.2017208267569055
6.187117017438724
6.175390603939971
6.17188179179535
6.168690232523608
6.128049128418274
6.111249566968311
6.0928268912945756
6.063467341819104
6.052841206902808
6.034406544435494
6.027334823100292
6.0253619735069615
6.024094199035352
6.0231637289274875
6.011950048465547
5.98477166591477
5.980654526905447
5.957668397697625
5.948139169945283
5.946554919291782
5.945089496363015
5.93995263784079
5.933928780294843
5.924088498185971
5.920262266657407
5.9115650553621535
5.893245248036787
5.890323505400219
5.887550768537751
5.874071407755494
5.870917875657815
5.868598434585408
5.864152711912135
5.850899003930154
5.818201925604439
5.808240767145012
5.80666892227542
5.806364677224736
5.802207283058079
5.7686343472832835
5.761199344821762
5.747848168320272
5.727266436169937
5.710384026398581
5.709372759371022
5.7038414477646
5.689714241309356
5.6464558721785005
5.638259639508277
5.625889777022419
5.621166883848845
5.614387394205384
5.609916372760802
5.608355283931361
5.589317608939731
5.584706627156927
5.581552873235981
5.56752499373135
5.5567528968365085
5.553961932565808
5.5419962907059315
5.539156214552846
5.536118492056772
5.525686869264499
5.4867910147979515
5.46822097017386
5.467664947566347
5.45500103233399
5.4474112524089
5.441725234256098
5.434656125742666
5.4307089110008
5.428408372619241
5.421381093072245
5.421102248554918
5.412924171790275
5.397937330934689
5.390302764892586
5.384881814672707
5.383710048275315
5.381187691603051
5.377471448005657
5.3628761370113285
5.352731341465403
5.33506872618694
5.321822504579123
5.31056815836862
5.307014603070127
5.296582685838548
5.282738871790862
5.266928909706821
5.259271402083684
5.212475877076493
5.196873370796144
5.188192432905759
5.183461981419258
5.180197544998465
5.166448433002475
5.1619150599150245
5.15823478156727
5.156535327414991
5.154553599896646
5.1492471034404605
5.142948052783093
5.127743491258061
5.1133637571655255
5.105433803915391
5.103797872129204
5.097189210425825
5.076954117931868
5.066020808549848
5.063884685443585
5.060499419331872
5.059537217205743
5.053030382937946
5.052205079278301
5.043784583612464
5.033276860192113
5.028792093710334
5.024892813452484
5.015012960394654
5.004798069405
4.9975143585037705
4.996958760640848
4.9891843933385
4.9832297063641136
4.980283891566496
4.9726670159680015
4.972121189106011
4.963855709621339
4.942847426613309
4.896530233399025
4.88653160205081
4.875694260487472
4.870673457058385
4.865992978810036
4.862826833031724
4.854316404879906
4.851762905372311
4.810329389670193
4.808594192290157
4.804139156612977
4.8031734079174315
4.798979745037207
4.793155657477796
4.763306810822622
4.7614999995319165
4.757640769471917
4.753761331074403
4.749002851243165
4.737268589361137
4.735180372747213
4.717929447808476
4.707328461095705
4.695541683220251
4.692889853736983
4.688157773924406
4.678651370140703
4.6716565133345105
4.671324906142041
4.669175793389023
4.658457351833591
4.624579899794645
4.616672243531227
4.614293125066562
4.581306096192568
4.57415950753259
4.573617234799257
4.556509087763196
4.553192144387306
4.551544672872206
4.547115629463102
4.540064573687347
4.5039055714191845
4.4541953970830015
4.446975149147726
4.441486610895049
4.4366816468721035
4.419775561442331
4.383448463410448
4.376067834911808
4.364086974342938
4.363445247031077
4.360534123058408
4.351181184803018
4.343825843582808
4.338456095328217
4.321819313762138
4.319261787340626
4.317561955117285
4.314044289282618
4.313007471326519
4.3017311649057905
4.300333232640248
4.295584611464301
4.287228768877804
4.285646430531108
4.281863014423322
4.27092733873219
4.269624155585607
4.265495991093375
4.243251400539985
4.235078514884163
4.229480037758378
4.228591689140659
4.22848164549131
4.227770754645538
4.215621719888343
4.180905106023679
4.168874587360991
4.159107784267608
4.154949008894623
4.144483937100344
4.1195514406745914
4.113055973797237
4.110211957847272
4.09587046259842
4.086359536458374
4.0762247031380445
4.07325786069704
4.058381302538573
4.025985054193351
4.022670355869515
4.007140298121035
3.977936925783096
3.976968816488477
3.962590398730785
3.944908468463364
3.9402928108987334
3.9331593950098798
3.9315133718736
3.9233541615200096
3.9142358527907795
3.895750709713944
3.873290348572229
3.8612251580916506
3.858839836618512
3.8507543367574524
3.8506011906136663
3.845010381427181
3.838518705800031
3.838009843276293
3.8371697108461835
3.7933492393361687
3.788952374449751
3.785210300854295
3.7825935021011348
3.7792736646022873
3.774909115654813
3.765635743969227
3.7327930047730726
3.7287921724635633
3.7216420655055646
3.7188163843390045
3.7161964342925167
3.707408049276587
3.662987849973283
3.658266393316742
3.655074437539543
3.603351593540291
3.5990776936003073
3.590135481992123
3.581317298309826
3.5784027309327913
3.574490992260818
3.565000113974024
3.5565039537045764
3.536875225173533
3.503959834605344
3.457951763961913
3.45328919262887
3.452360432587044
3.4513639197190513
3.451255991987446
3.4439853536895653
3.4405044192348386
3.439015450898514
3.43844424487108
3.43733933179889
3.435076099448598
3.4341751394576137
3.4293323392577455
3.4256365229778662
3.416247321094774
3.4066673237017797
3.4060748572821393
3.40463231135899
3.4013618162975767
3.399700765434597
3.391090489241784
3.3897069209254043
3.356985170098379
3.3419238115173124
3.336792460427181
3.3041795575642867
3.3032913969931377
3.2982953170345795
3.294026640874851
3.2926925864693155
3.283441442634263
3.272943715624433
3.255631634782492
3.2534910997380377
3.215809576737302
3.1572261277946723
3.1560395653805804
3.1516116746417047
3.148708850029071
3.148654192181197
3.147740291187161
3.1472823061011543
3.1456019002438484
3.145349991998934
3.1438263376897067
3.1416364484633417
3.1406966345038283
3.13873850501249
3.1289547229616628
3.1123185854202364
3.10926189296076
3.094577471608939
3.0620185705555536
3.053761089794904
3.052739026387203
3.0072641716487367
2.9931073120293736
2.9919215365285488
2.9913606090342846
2.990117181170136
2.9891873204839468
2.988441724034684
2.985328700624797
2.9806376103994374
2.980208128993826
2.97725804232055
2.9748591635192403
2.9734278000245262
2.9709437559679763
2.9631109431628344
2.9624832908839434
2.9618356276084166
2.9605402346942595
2.9602748155021734
2.9565791705259175
2.956353856075447
2.9527203349858135
2.949130607975297
2.9483922460012137
2.928821099666621
2.913280070781757
2.8555728021342124
2.8218005223553244
2.8212236020327635
2.819719612825857
2.8178962155193585
2.8150606508019487
2.8121729441622336
2.803484206374938
2.8008560578618282
2.793111536950027
2.7928083253616434
2.771081395227894
2.756301247737332
2.6907096355796614
2.679061297358589
2.6640080379094924
2.6564040307216734
2.6563704911416033
2.652480904042173
2.642877751430134
2.6426522089660103
2.637698344115296
2.6375198215595006
2.63576370428806
2.6356678848144606
2.634943061953893
2.6309654476502033
2.6303380905943485
2.629936476555777
2.628688036566196
2.6283134347464094
2.6280222919570893
2.624917629417932
2.620978030557415
2.6208372020462636
2.619087160241515
2.6183409934431428
2.612040513199629
2.6088452628006555
2.604190729503407
2.5936863306827496
2.5923733330779704
2.564418519185608
2.5600962345248637
2.548534284046102
2.542686079706845
2.5283636227648523
2.5146464232923336
2.4476459126733823
2.445820562722743
2.445194729858664
2.442592048836222
2.440426671635779
2.4377986316915474
2.435922617170819
2.4357044886598085
2.4353283104514354
2.4351877967626017
2.4336800382453956
2.430306300613099
2.424136659423903
2.4229707824775577
2.422026946981313
2.4187294141471836
2.4158594161159725
2.412253190595673
2.4097832088642472
2.4092400694386025
2.4020643882947574
2.387246842685366
2.3810317819841518
2.360324889339973
2.3564469890608066
2.289819866114776
2.2341413848734013
2.2336612989608864
2.2328714896797215
2.2321584472968294
2.2320528802959174
2.2306463171929667
2.2286468530585832
2.2275562015610526
2.2254471579333384
2.2250119286520724
2.2239049547541416
2.223829489654281
2.2229131735324104
2.221984712977721
2.2128407817397915
2.21232158581029
2.198659832685359
2.187086111564783
2.186029202692237
2.1770878301635106
2.1438002003641956
2.136589017189582
2.0910938681113125
2.0634112078029268
2.0486211291729197
1.9988016211034816
1.9978582189127823
1.9974324285353593
1.996945704209326
1.9965164286912231
1.9965062333094048
1.9963501245005721
1.9957201674482175
1.9955977452564462
1.995456715861755
1.994736872892615
1.9946978066035068
1.9944867907250698
1.9932172947642237
1.9918986392212605
1.9912764356314387
1.986194778284146
1.9837203668230998
1.9828524003333152
1.9822359015008386
1.980916034599929
1.974776219577356
1.9675613342064033
1.9609430230983125
1.9589969467047297
1.9521850952159907
1.9184535037517514
1.8878584320288199
1.8760668972595291
1.87025330160424
1.8258695016525681
1.8251162236382137
1.787789217137635
1.7307583495213346
1.730456040213833
1.7300471511516609
1.7299892469138696
1.7296668450291193
1.7295259238989724
1.7292147356809802
1.7288250025498797
1.7287616708166222
1.728386876815614
1.7277012104751444
1.7273948314408192
1.7271707752877985
1.7269121781301535
1.7264549946734857
1.7263772902838932
1.7262443392283522
1.7262047375682594
1.7258993497143715
1.725801180105406
1.7257750992689336
1.7246537227022034
1.7243986349439644
1.723128733143535
1.7224158713763296
1.7220665742030485
1.7213159128093398
1.7212541485987984
1.7203439349196499
1.7192461935901908
1.7185158779859224
1.7158919812810463
1.6962901226344498
1.6939358133668692
1.69357438404929
1.6892996898313644
1.6800271696319504
1.6755679081476906
1.6574670737312167
1.6226642092972545
1.5419576052447062
1.500652572329125
1.4139340359609904
1.4139210424668909
1.4137546667955732
1.4134848455922995
1.4132303218032531
1.4131851844139067
1.4130099342217919
1.4128646663834514
1.4125768350537324
1.4125098778825274
1.4124430981691602
1.4122562048839724
1.4117373204964148
1.411359491109752
1.4112860156631573
1.4109642514599188
1.4109010115781655
1.4108589618511909
1.4105322395612145
1.4098387071501883
1.40957300952929
1.4090245144029128
1.4079264457581906
1.4052113549778658
1.4051222798183118
1.404432570319183
1.4034644525090072
1.4029867295696603
1.3979580848929547
1.397504123455858
1.394644337185997
1.3904509054313108
1.3899780560973065
1.3874663806316114
1.3852523013388005
1.3830805670290442
1.372974304588189
1.3507405679338425
1.2995358071700083
1.209440182014665
1.0851409175513245
1.0000000000000013
0.9999999999999992
0.9999999999999927
0.9999007433115483
0.9998719004215274
0.9998178900756883
0.9998137105094953
0.99979636046262
0.9997771298239913
0.9997534948485598
0.9997526611705069
0.9997426638302667
0.9996579424346047
0.9996197214244772
0.9995574446488815
0.9995153332358712
0.9994859135310148
0.9991936711132833
0.999069709853767
0.9990557726018802
0.9990392368856463
0.9990069543567667
0.9989435318008878
0.9989033847910154
0.9988161272634595
0.9987996993149978
0.9985834385255591
0.9982987183299706
0.9982784206083858
0.9981422512665536
0.9981126363256727
0.9980256536194021
0.9979832432828781
0.997917868447205
0.9977513189423153
0.9976537338784554
0.9973887978534179
0.9973179407893799
0.9972787102428146
0.9972651474537539
0.9964851472855557
0.996423170113201
0.9963490365791114
0.995821482321115
0.9944301880618999
0.9930216655557028
0.9922910765415242
0.9910135540046047
0.9884359073362781
0.9874637234339121
0.9857845145797963
0.9851727180360418
0.9846586293700398
0.9827433399205732
0.9800206837957253
0.9792364288559231
0.9754055095027315
0.9743724000392019
0.9720843078409875
0.9714971386606334
0.9711813275998201
0.963531967641731
0.9482597813767518
0.9474661515057824
0.9267497394143431
0.914627287607966
0.9069078451772402
