0,1
1,2
0,3
0,3,4
1,5
2,5
0,1,3,6
1,6
3,6
4,6
2,7
0,8
1,8
2,8
1,5,8
6,8
7,8
0,9
1,5,9
2,9
0,1,3,9
4,9
5,9
6,9
7,8,9
8,9
0,8,10
1,10
2,10
1,5,10
7,10
8,10
0,11
1,11
2,11
4,11
5,11
1,6,11
7,11
8,11
9,11
10,11
0,6,12
0,9,13
12,13
13,14
2,8,11,15
5,15
10,15
0,16
1,16
2,16
3,16
4,16
5,16
0,1,6,16
7,16
5,8,16
9,16
10,16
11,16
10,15,16
10,17
0,18
1,10,18
2,18
5,18
6,18
7,18
8,18
9,18
10,18
11,18
15,18
16,18
17,18
5,19
18,19
9,20
11,20
4,16,21
0,4,6,22
1,22
2,9,22
3,22
4,22
5,22
6,22
7,22
8,22
9,22
10,11,16,22
11,22
15,22
16,22
18,22
19,22
11,20,22
21,22
17,23
7,24
8,24
8,18,24
11,25
20,22,25
2,26
3,9,27
10,28
11,20,22,25,29
25,29
0,30
12,30
0,13,30
20,31
25,31
20,25,29,31
15,32
9,33
1,34
5,34
6,34
8,34
10,34
5,9,11,34
15,34
16,34
16,21,22,34
22,34
32,34
17,23,35
30,36
32,37
20,38
3,16,18,39
14,40
25,41
28,42
0,10,43
1,43
2,18,43
3,43
5,43
6,43
9,43
0,10,43
11,43
16,43
22,43
2,26,43
8,34,43
2,26,44
0,30,36,45
0,46
4,11,46
8,46
16,46
22,34,47
44,48
29,49
22,50
0,51
3,51
6,51
9,51
39,51
26,52
43,52
44,52
48,52
2,53
10,53
15,53
17,53
43,53
30,54
0,55
3,55
5,55
8,55
16,55
22,55
39,55
43,55
3,6,16,39,51,55
44,56
48,52,56
0,1,6,57
4,58
2,59
26,59
2,26,44,59
53,59
32,60
3,61
6,22,61
8,61
9,61
43,61
0,18,55,61
31,62
10,16,63
31,64
62,64
29,65
20,31,64,65
49,65
11,66
25,67
31,67
62,67
64,67
28,42,68
31,69
65,69
67,69
12,13,14,40,70
7,8,10,24,71
45,72
40,73
17,74
53,74
17,75
23,75
35,75
3,76
39,76
0,43,55,76
61,77
11,78
40,79
29,80
65,80
5,81
8,81
9,81
10,81
16,81
16,21,81
22,81
34,81
47,81
63,81
62,82
71,83
20,84
4,11,85
4,58,85
17,86
0,87
1,88
2,88
8,88
10,34,88
8,18,89
11,20,89
34,90
0,91
4,91
10,91
11,91
22,91
34,91
46,91
78,91
5,10,92
49,93
0,94
12,94
13,95
0,13,30,54,95
32,96
25,97
49,98
65,98
93,98
28,42,99
12,100
12,101
8,102
11,102
89,102
52,103
2,104
4,105
4,58,105
85,105
32,60,106
73,107
83,108
35,109
44,110
29,111
49,111
0,87,112
29,113
65,80,113
80,113
1,114
5,114
11,114
5,9,18,19,114
22,114
57,114
35,115
109,115
0,116
1,116
7,22,116
8,116
9,116
10,116
11,116
15,18,116
16,116
19,22,116
20,116
22,116
25,116
31,116
34,116
10,43,116
62,116
64,116
67,116
69,116
82,116
97,116
7,22,117
3,118
55,118
39,119
99,120
69,121
116,121
3,122
27,122
0,123
1,123
2,123
5,123
9,123
10,123
11,123
15,123
18,123
20,123
3,22,43,123
25,123
16,25,29,31,116,123
31,123
34,123
43,123
29,49,65,111,123
55,123
57,123
65,123
67,123
69,123
11,20,78,123
81,123
91,123
93,123
98,123
104,123
114,123
116,123
87,124
112,124
0,125
1,125
2,125
3,51,118,125
4,85,125
6,11,125
7,125
8,125
9,125
10,125
11,125
15,125
16,125
17,23,125
18,125
22,125
7,18,24,125
34,125
43,125
0,1,3,51,125
53,125
71,125
17,35,74,75,109,115,125
83,125
116,125
123,125
90,126
0,127
72,128
98,129
99,130
116,131
87,132
2,133
5,133
15,133
16,133
18,133
19,133
22,133
34,133
53,74,125,133
116,133
11,125,133
131,133
0,127,134
82,135
57,114,136
129,137
2,138
5,138
6,138
15,138
16,138
22,138
53,138
7,139
8,18,139
24,139
11,140
15,140
20,140
20,38,140
11,78,140
116,140
0,123,140
3,141
8,141
24,141
61,141
139,141
99,142
120,142
17,143
86,143
1,144
3,43,51,55,144
5,18,144
7,144
8,144
10,144
11,144
21,22,144
22,133,144
27,144
43,144
29,49,144
55,144
81,144
93,144
98,144
118,144
122,144
123,144
43,145
7,146
8,146
10,146
10,53,116,147
9,148
16,148
65,148
123,148
0,127,149
3,43,149
39,149
83,149
125,149
73,150
72,151
2,152
10,153
5,17,18,75,153
10,17,86,143,153
143,153
17,154
17,23,154
35,154
35,75,154
86,154
86,143,154
153,154
106,155
99,156
130,156
20,157
11,158
0,159
127,159
5,160
18,160
8,19,116,160
99,161
120,161
99,130,161
142,161
112,162
125,163
5,164
0,87,124,165
8,165
16,165
46,165
81,166
111,167
5,18,114,168
80,113,169
9,33,170
169,171
82,172
12,173
13,30,173
101,173
0,174
1,8,61,174
2,174
5,174
11,174
15,174
18,174
20,174
24,174
53,174
66,174
78,174
91,174
114,174
116,174
123,174
125,174
133,174
140,174
154,175
7,176
102,177
156,178
156,178,179
6,180
55,180
61,180
1,181
2,181
57,181
114,181
123,181
57,136,181
44,56,182
1,183
43,183
53,184
127,185
17,186
23,186
35,186
75,186
86,186
109,186
115,186
154,186
7,187
156,178,188
11,189
123,189
60,190
141,191
122,192
144,192
31,193
20,194
20,31,194
38,194
49,65,194
65,194
69,194
113,194
123,194
140,194
190,195
2,10,196
26,196
43,53,123,196
44,196
48,196
52,196
53,196
56,196
59,196
74,196
110,196
20,123,196
88,197
99,198
120,198
142,198
142,198,199
23,200
75,200
86,200
186,200
20,84,116,201
7,202
24,202
40,203
73,203
79,203
73,150,203
77,204
37,205
125,206
5,144,207
77,208
64,209
64,67,209
83,210
60,190,211
195,211
32,212
96,212
12,100,213
125,214
28,215
42,215
68,215
28,68,99,142,215
89,216
1,2,88,217
0,159,218
0,219
4,219
4,6,219
138,219
18,220
110,221
197,222
36,223
8,224
11,224
22,224
116,224
121,224
7,144,224
30,225
128,226
116,227
3,228
16,228
55,228
26,44,229
43,229
44,59,229
48,229
52,229
55,229
44,59,229
103,229
196,229
5,230
207,230
184,231
91,232
114,233
174,233
49,111,234
228,235
2,236
5,236
7,11,236
11,34,236
18,236
2,26,229,236
43,236
44,236
48,236
6,9,26,43,44,52,103,116,123,125,236
53,236
56,196,236
59,236
52,103,236
110,236
116,236
9,125,236
133,236
138,236
140,236
174,236
182,236
196,236
221,236
229,236
28,237
99,237
120,237
130,237
142,237
156,237
161,237
198,237
199,237
56,238
87,239
132,239
35,109,115,186,240
75,240
109,186,240
12,30,36,45,72,151,241
151,241
176,242
115,243
2,244
138,244
6,138,219,244
1,245
3,245
8,245
24,245
55,245
6,61,245
77,208,245
118,245
139,245
141,191,245
22,144,245
62,246
87,247
112,247
124,247
132,247
162,247
164,248
32,249
37,249
60,249
96,249
212,249
11,250
25,250
30,251
225,251
103,252
13,253
197,222,254
25,41,255
31,67,255
69,116,255
123,255
0,256
4,256
6,256
7,256
8,256
9,256
10,11,256
11,256
20,256
22,256
43,256
89,256
123,256
140,256
153,256
174,256
189,256
219,256
224,256
65,113,194,257
125,258
214,258
17,35,86,115,154,186,259
49,260
57,260
65,260
123,260
125,260
136,260
206,261
232,262
92,263
0,264
1,264
2,264
3,264
4,264
5,264
6,264
7,264
7,8,176,264
9,264
10,264
11,264
15,264
16,264
18,264
19,264
20,264
22,264
24,264
25,264
27,264
29,264
31,264
34,264
38,264
39,264
43,264
46,264
9,51,264
2,53,264
55,264
61,264
62,246,264
31,64,123,264
65,69,264
66,264
67,264
69,264
74,264
76,264
80,264
91,264
92,264
97,264
113,264
114,264
116,264
119,264
121,264
122,264
123,264
125,264
133,264
2,6,22,44,53,59,138,219,264
140,264
141,264
144,264
146,264
160,264
165,264
169,264
174,264
114,181,264
183,264
192,264
193,264
194,264
24,202,264
206,264
209,264
224,264
232,264
236,264
255,264
256,264
261,264
262,264
263,264
83,265
125,265
48,266
229,266
184,231,267
263,268
70,269
30,270
54,270
77,271
208,271
26,272
212,273
200,274
116,275
227,275
200,276
71,277
83,149,277
265,277
115,278
65,279
4,280
11,280
224,280
72,241,281
59,282
80,283
113,283
169,283
43,284
66,285
119,286
73,287
107,287
150,287
28,288
42,288
99,142,215,288
7,289
72,290
151,290
218,291
11,292
56,293
238,293
9,294
42,215,295
68,295
42,215,288,295
87,112,296
87,239,296
87,297
87,124,239,296,297
132,239,296,297
23,298
200,298
274,298
123,299
140,300
117,301
4,302
11,302
52,302
174,302
224,302
236,302
224,280,302
26,52,303
56,303
238,303
293,303
243,304
92,305
79,306
304,307
60,308
106,155,308
155,308
197,309
222,309
3,9,310
2,10,11,310
16,310
34,310
47,310
61,310
63,310
81,310
292,310
1,311
2,311
6,9,311
8,311
16,311
24,311
88,311
119,311
180,311
264,311
28,312
42,288,312
99,312
99,130,312
161,312
215,312
288,312
295,312
232,313
109,314
36,223,315
99,316
120,237,316
8,16,228,235,317
273,318
135,319
72,320
241,320
3,321
83,322
40,323
203,323
236,324
48,196,325
83,326
277,326
285,327
251,328
41,329
267,330
241,281,331
68,332
267,333
1,334
10,334
16,334
92,334
114,334
264,334
0,335
12,335
13,335
14,335
30,335
101,335
173,335
219,335
23,336
35,336
75,336
154,336
240,336
298,336
182,337
236,337
69,338
43,339
145,339
80,113,169,264,283,340
31,341
193,341
264,341
25,342
185,343
139,344
141,344
297,345
338,346
337,347
60,106,348
155,308,348
51,349
162,350
72,151,290,351
17,352
23,352
35,352
53,352
75,186,352
86,352
109,352
115,352
143,352
154,352
186,352
200,352
240,352
243,352
86,200,274,298,352
276,352
278,352
298,352
336,352
22,353
117,353
301,353
232,354
232,313,354
9,355
89,355
256,355
0,4,356
8,356
12,356
13,356
14,70,356
30,356
55,356
101,356
123,356
4,219,356
225,356
251,356
255,356
264,356
328,356
335,356
82,357
135,319,357
319,357
214,358
281,359
331,359
28,360
42,360
215,360
288,360
295,360
312,360
32,361
60,361
212,361
32,37,96,212,249,361
2,15,104,123,189,362
80,283,363
321,364
144,365
25,366
250,366
250,366,367
247,368
270,369
122,370
28,371
42,371
68,371
130,371
142,371
156,188,371
161,371
178,371
215,371
288,371
295,371
312,371
360,371
248,372
145,373
32,96,212,374
212,374
212,249,361,374
153,375
44,376
48,376
52,376
110,376
110,221,377
62,378
64,378
229,379
89,102,380
177,380
373,381
0,382
43,382
127,159,382
134,382
159,382
185,382
218,382
343,382
151,383
0,384
2,384
7,384
9,18,384
10,384
11,384
16,384
18,384
22,384
34,384
47,384
81,384
91,384
116,384
131,133,384
133,384
160,384
81,166,384
224,384
227,275,384
264,384
275,384
310,384
65,98,129,137,385
32,386
37,386
60,386
106,386
155,386
205,386
249,386
308,386
3,387
7,387
27,387
122,387
43,144,387
192,387
53,61,264,387
7,289,387
370,387
223,388
112,162,389
11,390
20,22,117,301,353,390
25,390
41,390
67,390
97,264,390
116,390
11,250,390
255,390
329,390
366,390
367,390
255,391
181,392
48,393
196,393
195,394
211,394
374,395
391,396
236,324,397
197,398
2,5,22,59,88,217,311,399
385,400
197,401
197,222,401
309,401
26,402
391,403
396,403
330,404
136,181,405
3,406
7,406
19,406
39,406
176,242,406
242,406
264,406
4,407
52,407
69,407
105,407
116,407
224,407
7,264,407
302,407
338,407
145,373,381,408
248,409
372,409
16,410
257,411
1,412
3,412
39,412
55,412
76,412
77,412
118,412
119,264,412
1,24,77,118,245,412
264,412
286,412
311,412
62,64,67,82,116,135,202,246,264,378,413
33,414
0,415
4,415
6,415
7,187,415
11,415
16,34,415
34,415
4,224,280,415
250,415
4,280,415
302,415
81,384,415
407,415
207,416
344,417
59,418
196,418
36,419
45,419
36,223,315,388,419
315,419
388,419
48,420
196,420
325,420
393,420
39,421
119,421
232,262,421
262,421
264,421
286,421
354,421
412,421
260,422
201,423
19,424
22,424
133,424
384,424
72,425
232,426
209,264,426
421,426
58,427
85,427
239,428
40,203,429
79,429
0,430
7,430
9,430
16,430
139,430
141,430
148,430
245,430
344,430
417,430
4,431
7,432
71,432
83,432
264,432
265,432
277,432
326,432
387,432
406,432
2,433
2,152,433
124,434
0,435
127,159,435
420,436
311,437
1,438
2,152,433,438
3,438
5,438
6,438
10,438
15,438
16,22,438
21,438
22,438
34,438
43,438
47,438
57,438
81,438
88,438
91,384,438
92,438
114,438
123,438
125,438
133,438
136,438
144,438
174,438
250,438
256,438
260,438
31,264,438
11,302,438
10,334,438
34,415,438
99,215,439
120,439
130,156,439
156,439
188,439
99,215,312,439
237,439
316,439
284,440
28,441
42,441
130,441
130,161,441
288,441
312,441
360,441
360,371,441
273,318,442
212,273,318,442
9,443
18,443
61,443
384,443
373,381,444
75,445
240,352,445
352,445
0,446
87,446
112,446
124,446
132,446
162,446
239,446
247,446
87,296,446
297,446
345,446
428,446
434,446
151,447
383,447
409,448
270,449
284,450
440,450
89,216,451
130,452
188,452
439,452
55,328,356,453
144,365,454
217,455
100,456
213,456
236,457
1,22,458
2,458
3,118,458
10,458
22,458
3,27,144,458
1,114,458
116,133,458
123,458
144,458
114,168,458
174,458
181,458
38,123,140,194,458
219,458
233,458
244,458
334,458
176,406,458
438,458
267,459
333,459
74,460
264,460
264,461
60,462
106,462
155,462
249,462
308,462
386,462
159,463
14,101,335,356,464
40,464
70,464
79,464
203,464
269,464
16,465
19,465
133,465
174,465
264,465
263,268,466
169,467
340,467
285,327,468
0,469
6,469
7,8,469
10,469
11,469
12,469
18,469
30,469
46,469
5,53,138,469
55,469
61,469
89,469
123,469
153,469
180,469
256,469
119,311,469
355,469
356,469
71,432,470
460,471
66,472
285,468,472
285,468,472
212,361,473
249,473
273,473
374,473
40,474
73,474
79,203,474
107,150,287,474
203,474
287,474
306,474
429,474
464,474
38,475
455,476
251,477
460,478
471,478
366,479
265,480
115,481
28,99,198,215,371,482
215,482
288,295,312,482
28,360,371,482
77,483
208,483
271,483
125,484
214,484
214,258,484
358,484
356,485
36,486
242,487
45,488
72,488
419,488
13,30,356,485,489
36,489
45,489
72,489
223,489
315,489
388,489
45,388,419,489
486,489
45,419,488,489
291,490
111,491
313,492
354,492
12,493
100,213,456,493
213,493
456,493
356,494
212,249,361,374,395,495
79,496
150,496
287,496
464,496
474,496
10,497
11,497
25,497
224,497
250,497
280,497
342,497
390,497
218,291,490,498
147,499
192,500
326,501
3,502
7,502
19,502
22,502
116,502
125,133,502
144,502
289,502
384,502
387,502
406,502
22,133,138,384,424,502
432,502
470,502
219,503
34,504
273,505
3,506
7,506
15,53,123,260,506
22,506
5,141,264,506
176,506
7,139,202,506
242,406,506
174,458,506
