0,1
1,2
0,3
0,3,4
1,5
2,5
0,1,3,6
1,6
3,6
4,6
2,7
0,8
1,8
2,8
1,5,8
6,8
7,8
0,9
1,5,9
2,9
0,1,3,9
4,9
5,9
6,9
7,8,9
8,9
0,8,10
1,10
2,10
1,5,10
7,10
8,10
0,11
1,2,11
2,11
3,11
4,11
5,11
6,11
7,11
8,11
9,11
10,11
7,10,12
8,12
11,12
0,13
1,2,14
5,14
0,15
9,15
13,15
5,11,16
12,16
9,17
3,18
5,18
7,8,18
8,18
9,18
2,10,18
11,18
12,18
17,18
0,19
4,6,19
5,9,19
6,19
7,19
8,19
9,19
10,19
11,19
13,19
15,19
15,20
17,21
19,22
6,23
1,3,5,10,18,24
0,25
1,5,25
2,25
3,4,6,25
4,9,25
5,25
6,25
7,25
8,25
9,25
5,10,25
11,25
12,18,25
5,14,25
15,25
16,25
18,25
19,25
20,25
22,25
24,25
3,26
9,26
11,26
17,26
18,26
17,21,26
4,9,11,27
15,28
15,19,20,25,28
11,29
12,29
16,29
18,29
25,29
0,30
5,31
10,32
20,33
10,34
0,35
3,35
10,19,35
8,11,35
17,35
18,35
25,35
30,35
0,30,36
3,36
8,25,36
11,36
13,36
15,36
3,35,36
3,5,18,37
14,38
25,39
28,40
0,30,41
1,41
2,41
3,41
5,41
6,25,41
7,41
8,41
9,41
10,41
11,41
12,41
13,41
14,41
16,41
17,21,26,35,41
17,18,41
7,19,41
22,41
25,41
26,41
12,25,29,41
30,41
32,41
35,41
36,41
37,41
38,41
0,42
1,42
3,6,42
4,42
5,42
6,42
7,18,42
8,42
9,42
10,42
11,42
12,18,42
13,36,42
15,42
18,42
7,10,13,15,19,25,42
20,42
22,42
24,42
2,25,42
15,20,28,42
33,42
8,9,36,42
41,42
2,8,43
5,43
2,7,8,9,43
10,24,43
11,16,29,43
18,43
20,43
5,25,43
29,43
37,41,43
17,18,44
16,45
17,44,46
10,47
6,48
12,16,18,49
44,50
46,50
15,51
0,15,42,51
8,52
1,10,53
9,53
13,15,53
17,54
10,55
10,24,25,34,55
7,12,25,41,56
24,57
4,58
27,58
0,59
1,2,5,8,9,10,12,14,18,37,41,59
5,59
6,59
2,7,59
8,59
9,59
10,24,59
11,59
12,59
13,59
15,59
16,59
17,59
18,59
19,59
20,59
21,59
22,59
25,59
16,29,59
35,59
36,59
25,39,59
25,41,59
3,42,59
43,59
45,59
49,59
53,59
17,54,59
56,59
1,14,60
6,60
3,61
13,19,61
37,61
41,61
42,61
3,62
13,62
17,62
19,62
21,26,62
26,62
44,62
46,62
50,62
17,54,59,62
11,59,62
9,17,44,46,63
46,62,63
62,63
0,64
0,65
64,65
15,28,66
12,67
12,68
1,69
3,69
6,69
8,69
5,70
9,70
15,70
20,70
25,70
28,70
40,70
41,70
42,70
66,70
44,71
12,72
49,72
59,72
10,24,73
0,74
1,25,74
3,74
5,74
4,6,48,74
9,18,42,74
6,7,9,19,74
64,74
65,74
69,74
10,11,75
13,62,75
19,74,75
22,75
6,25,75
36,75
41,75
42,75
69,76
68,77
21,78
61,79
12,49,80
71,81
0,82
2,83
7,83
10,83
21,84
78,84
81,85
85,86
24,87
36,42,87
57,87
67,88
0,89
0,1,18,42,74,89
2,89
6,89
7,89
8,89
9,89
10,89
12,89
14,89
13,15,59,89
16,89
17,89
18,89
19,89
20,89
22,42,59,89
25,89
38,89
41,89
42,89
43,89
56,89
74,89
83,89
77,90
36,91
84,92
26,93
25,39,94
13,95
19,95
41,95
59,95
68,96
61,79,97
10,15,24,42,57,87,98
20,98
28,98
40,98
42,98
66,98
28,70,98
24,57,99
78,100
27,101
5,102
18,102
59,102
0,103
3,103
9,103
10,103
11,103
13,103
17,44,103
9,18,43,89,103
20,103
21,103
16,22,59,103
25,103
26,103
30,41,103
35,103
36,103
40,103
41,103
42,103
43,103
59,103
26,46,62,103
63,103
70,103
75,103
78,103
84,92,103
93,103
57,87,104
9,105
78,106
84,106
92,106
31,107
0,108
10,108
32,108
37,108
41,108
42,108
65,108
103,108
106,109
62,110
5,111
5,31,107,111
31,107,111
2,41,112
30,113
44,113
46,113
10,19,25,42,59,62,74,113
63,113
103,113
54,114
90,115
85,116
86,116
0,117
0,118
1,118
2,118
3,118
4,118
5,118
6,118
7,118
8,118
9,118
10,118
11,118
12,118
14,89,118
16,118
3,18,74,118
19,118
20,33,118
25,118
27,118
5,11,29,70,118
5,31,118
36,118
41,118
42,118
45,118
49,118
4,27,58,118
59,118
12,68,118
70,118
43,89,118
98,118
101,118
102,118
103,118
107,118
107,111,118
0,117,118
0,119
1,8,119
2,119
3,119
4,119
5,43,119
6,74,119
7,119
9,119
10,119
11,19,119
13,119
15,89,119
18,119
19,119
20,119
24,119
25,119
28,40,119
32,119
36,119
3,37,108,119
40,119
22,41,119
42,119
43,119
59,119
60,119
61,119
62,110,119
0,42,65,108,119
66,70,119
69,74,119
70,119
74,119
76,119
10,83,119
89,119
91,119
98,119
103,119
107,119
108,119
111,119
7,29,31,118,119
0,120
1,120
2,120
3,120
4,120
5,120
6,74,120
8,120
9,120
10,120
0,11,120
12,120
13,120
5,14,42,120
15,120
12,16,120
17,120
18,120
19,119,120
20,120
21,120
6,23,120
24,120
25,120
26,120
32,120
35,120
37,120
28,40,70,120
41,120
42,120
43,59,120
48,120
53,120
54,120
57,99,120
59,120
60,120
62,120
69,120
74,120
75,120
83,120
89,120
93,120
95,120
98,120
103,120
108,120
118,120
119,120
3,121
11,121
118,121
0,122
3,123
13,123
15,123
19,123
28,123
42,123
51,123
59,123
66,98,123
120,123
49,124
107,125
18,126
42,126
16,18,41,43,59,74,103,126
70,126
24,73,127
107,119,125,128
0,117,128
118,128
33,129
1,130
6,130
0,10,130
11,130
12,130
15,130
16,130
25,130
12,29,130
41,130
43,130
45,130
59,130
118,130
120,130
85,86,116,131
0,132
8,132
15,132
19,132
25,132
42,132
43,132
119,132
42,126,132
3,35,36,133
61,133
83,134
0,135
1,135
2,135
3,135
5,135
6,135
7,135
8,135
9,135
10,135
11,135
12,135
13,135
14,135
15,135
16,135
17,135
18,135
19,135
20,135
21,135
24,135
25,135
26,135
28,135
29,135
32,135
35,135
37,135
38,135
39,135
40,135
41,135
20,42,135
43,56,89,135
44,46,135
57,135
59,135
61,135
62,135
63,135
64,135
65,135
66,135
70,135
71,135
73,135
74,135
75,135
78,135
81,135
83,135
84,135
87,135
89,135
93,135
20,40,98,135
57,99,135
103,135
104,135
108,135
113,135
118,130,135
119,135
120,135
123,135
126,135
130,135
15,132,135
26,136
1,2,10,15,32,41,53,69,120,135,136
41,136
93,136
135,136
98,137
42,138
40,139
27,140
118,140
0,141
3,141
11,141
13,141
18,141
30,141
32,141
36,141
41,141
59,141
64,141
119,141
11,121,141
91,142
7,143
56,143
0,144
1,144
3,26,144
5,144
6,144
10,144
11,144
12,80,144
13,144
15,144
16,144
11,17,59,144
18,144
19,144
21,144
22,144
25,144
26,144
28,144
30,144
35,144
36,144
37,144
39,144
40,139,144
41,144
33,42,87,144
48,144
59,144
61,119,144
62,144
64,144
65,144
68,144
69,144
70,144
74,144
75,144
78,144
79,144
81,144
84,144
42,87,144
89,144
13,95,144
98,144
100,144
103,144
3,118,144
119,144
120,144
121,144
123,144
126,144
128,144
132,144
133,144
89,99,135,144
137,144
139,144
141,144
7,145
8,146
37,147
79,148
97,148
78,149
100,150
97,151
148,151
45,152
104,153
18,154
0,11,155
8,155
10,155
16,155
19,155
5,25,155
32,155
43,155
47,155
52,155
57,99,155
78,155
89,155
120,155
132,155
135,155
144,155
0,156
17,156
29,156
30,156
41,156
59,135,156
120,123,156
135,156
141,156
128,144,156
66,157
0,158
12,42,59,126,158
41,158
0,18,82,108,126,132,158
141,158
12,159
35,159
68,159
77,159
90,159
96,159
115,159
118,159
144,159
144,160
1,161
2,161
3,161
4,161
6,161
9,161
11,161
15,161
16,161
20,161
29,161
31,161
37,161
40,161
41,161
42,161
43,161
45,161
54,161
7,56,143,161
19,59,161
68,161
70,161
77,161
77,90,161
96,161
115,161
118,161
119,161
130,161
3,133,161
135,161
141,161
144,161
152,161
159,161
70,162
30,163
15,164
20,59,70,118,164
69,164
120,164
144,164
22,165
83,166
134,166
25,42,135,166
12,167
67,167
88,167
130,167
24,168
24,120,168
0,169
5,169
7,169
8,169
9,169
4,11,169
12,169
16,169
17,169
21,169
22,169
25,169
26,169
30,141,169
32,169
35,169
41,169
42,169
44,169
45,152,161,169
46,169
59,169
62,169
63,169
71,169
74,169
80,169
71,81,169
82,169
89,169
93,169
103,169
113,169
118,169
120,169
123,169
45,130,169
132,169
135,169
136,169
141,169
144,169
155,169
29,156,169
158,169
161,169
30,163,169
50,170
62,170
38,135,171
41,75,135,171
6,11,172
12,16,172
120,172
11,36,75,141,173
5,59,135,173
172,174
98,137,175
24,176
124,177
21,78,178
84,178
92,178
106,178
109,178
117,179
27,180
5,181
8,181
7,12,145,181
20,181
24,181
25,181
28,181
42,181
119,181
24,176,181
84,182
78,106,182
178,182
80,183
14,38,184
38,184
16,41,69,89,98,118,119,144,169,184
83,89,135,185
134,185
12,67,186
88,186
167,186
149,187
30,169,188
153,189
1,190
9,190
12,190
13,190
15,190
18,190
40,190
41,190
32,42,108,190
53,190
54,190
12,68,190
77,190
41,95,144,171,190
96,190
98,190
114,190
12,118,190
35,120,190
139,190
144,190
159,190
161,190
169,190
159,191
161,191
174,192
110,193
20,164,194
157,195
145,196
172,197
30,156,198
1,199
2,199
6,199
8,199
11,199
12,199
17,199
18,199
20,199
25,199
26,199
40,199
43,89,120,199
44,199
48,199
59,199
66,199
70,199
71,199
81,199
83,199
26,93,169,199
103,199
108,199
120,199
18,42,126,199
43,130,199
135,199
144,199
39,94,200
197,201
174,202
6,23,203
110,204
193,204
34,205
148,206
185,207
197,208
201,208
0,209
1,209
3,209
4,119,209
5,209
7,209
8,209
9,209
10,108,209
11,209
12,209
13,209
15,209
16,209
17,209
18,209
19,209
21,103,144,209
25,155,209
26,41,135,209
27,209
28,40,42,98,119,209
29,209
30,209
35,209
36,118,130,209
37,209
38,41,209
42,209
43,209
44,209
45,118,209
46,209
51,209
53,120,130,169,190,209
56,209
58,209
59,209
61,209
62,209
63,113,209
66,209
67,186,209
68,209
69,209
70,209
71,209
76,209
77,209
78,209
79,209
88,209
89,209
91,209
96,190,209
98,209
103,209
113,209
118,209
119,209
120,209
121,209
0,122,209
123,209
130,209
132,209
133,209
120,135,209
137,209
141,209
142,209
143,209
144,209
146,209
156,209
159,209
161,209
70,162,209
30,163,209
164,209
167,209
169,209
170,209
175,209
67,167,186,209
190,209
199,209
9,210
35,210
54,210
59,210
161,210
41,211
41,112,211
110,212
42,213
11,214
0,215
2,215
7,215
8,215
10,215
11,19,22,120,215
12,215
15,215
16,43,155,215
18,215
15,20,123,215
25,215
37,215
43,215
59,215
63,215
68,215
83,135,215
96,215
62,103,215
118,215
83,119,215
120,215
121,144,215
122,215
93,113,130,135,215
133,215
135,215
144,215
159,215
161,215
169,215
185,215
190,215
199,215
37,209,215
130,216
42,217
213,217
13,15,218
64,219
148,220
11,221
189,222
24,223
25,223
42,223
176,223
12,24,159,169,181,190,223
75,224
78,224
141,224
144,224
149,224
178,224
187,224
188,225
60,226
163,227
35,228
163,228
163,169,228
0,229
1,190,229
5,229
9,229
10,229
11,214,229
12,229
15,229
16,144,229
18,229
19,229
20,89,199,229
21,26,229
22,229
24,229
25,229
26,229
28,229
32,155,229
33,229
37,41,141,158,229
38,89,229
40,229
41,229
42,229
45,229
59,229
63,229
66,229
68,229
69,229
70,229
64,74,229
75,229
77,229
83,229
89,229
90,229
95,229
96,229
98,229
20,30,63,103,229
118,229
119,229
120,229
123,229
62,126,132,144,209,229
129,229
130,229
135,229
144,229
45,152,229
159,229
161,229
169,229
38,171,229
181,229
185,229
190,229
199,229
167,209,229
215,229
223,229
109,230
60,231
185,207,232
141,233
11,234
120,234
172,234
197,234
201,234
208,234
11,16,120,172,174,235
0,236
1,236
1,2,236
3,236
4,236
5,236
6,236
8,236
9,236
10,236
11,236
12,236
13,236
14,38,236
15,215,236
17,44,236
8,18,236
4,19,118,120,236
20,236
6,11,23,120,203,236
5,24,42,236
25,236
9,26,236
27,236
28,236
29,236
30,236
31,236
32,236
33,129,236
36,236
37,236
38,135,236
40,236
41,236
42,236
43,236
44,236
45,236
46,236
48,236
49,236
50,236
10,34,55,236
56,236
58,236
59,236
60,236
61,236
62,236
63,236
66,98,236
68,236
69,236
70,236
71,236
72,236
74,236
75,236
76,236
68,77,159,236
83,236
89,236
90,236
91,236
93,236
95,236
96,236
98,236
103,236
107,236
53,57,89,108,120,169,209,236
112,236
113,236
115,236
118,236
119,236
120,236
123,236
130,236
134,236
135,236
136,236
137,236
139,236
141,236
142,236
144,236
155,236
156,236
157,236
159,236
161,236
164,236
83,166,236
167,209,236
120,169,236
170,236
171,236
176,236
181,236
184,236
185,229,236
77,190,236
159,191,236
103,199,236
203,236
207,236
209,236
211,236
214,236
215,236
130,216,236
223,236
224,236
229,236
10,237
34,237
55,237
103,209,237
23,236,237
67,238
88,167,209,238
167,186,238
186,238
209,238
93,236,238
100,239
144,239
113,240
136,241
236,241
19,60,119,242
100,243
150,243
1,244
3,244
6,244
7,244
8,244
10,244
16,229,244
22,244
29,244
35,41,244
49,244
59,244
75,244
118,244
120,155,244
121,244
119,135,161,244
143,244
155,244
37,144,161,244
199,229,244
209,244
215,244
86,245
116,245
131,245
144,246
160,246
0,30,123,169,247
5,248
8,248
10,248
19,248
83,248
120,248
134,248
38,89,135,248
166,248
185,215,248
236,248
41,249
33,229,250
237,251
1,11,252
120,252
172,252
197,252
201,252
208,252
234,252
8,155,253
169,253
57,254
99,254
135,254
57,255
99,255
135,255
254,255
101,256
148,257
89,135,258
243,259
59,260
146,260
209,260
243,261
0,262
3,262
8,262
9,262
10,262
11,236,262
12,262
14,262
16,262
20,262
25,262
29,262
8,12,36,262
38,262
42,262
45,262
48,126,199,262
49,262
59,262
70,262
72,262
83,262
89,262
103,262
36,118,262
119,262
3,121,262
26,123,126,144,262
132,262
135,262
144,262
158,262
169,262
184,262
199,262
215,262
229,262
236,262
74,263
236,263
78,100,264
150,264
243,264
259,264
261,264
216,265
8,266
11,266
12,266
17,266
36,266
44,266
45,266
49,266
59,266
44,71,236,266
72,266
95,266
119,266
124,266
133,266
135,266
79,144,266
124,177,266
199,266
201,266
45,59,67,130,209,266
215,266
234,266
32,108,236,266
208,234,252,266
262,266
148,267
206,267
220,267
11,268
221,268
206,269
242,270
45,271
118,271
132,209,271
169,271
262,271
54,272
114,272
1,114,190,272
4,98,236,272
236,273
54,272,273
128,274
144,274
36,262,275
41,275
112,211,236,275
211,275
197,276
42,107,119,125,277
117,277
118,277
128,277
144,277
236,277
274,277
150,278
243,278
243,259,278
261,278
269,279
150,280
40,281
0,282
1,41,282
2,282
3,282
4,282
5,282
3,6,120,161,282
7,25,282
8,282
9,282
10,155,282
12,158,169,262,282
13,282
15,282
17,282
18,74,282
19,282
20,42,161,282
21,84,282
22,282
25,282
26,282
11,27,169,236,282
32,282
35,282
36,282
37,135,282
40,190,282
41,282
42,236,282
0,43,155,282
44,282
45,282
46,282
50,282
51,282
54,282
56,282
59,282
61,91,119,133,161,282
62,282
63,282
64,282
65,282
66,282
69,282
70,282
71,282
13,75,120,282
79,282
30,81,169,199,282
85,282
89,282
93,103,282
95,282
101,282
103,282
108,282
110,282
113,282
118,282
119,282
120,282
123,282
130,282
132,282
0,133,215,282
135,282
136,282
139,282
121,141,282
144,282
147,282
155,282
161,282
2,58,59,118,169,209,282
170,236,282
69,120,172,235,282
172,174,234,252,282
190,272,282
199,282
209,282
210,282
215,282
216,282
223,282
229,282
172,235,282
236,282
241,282
120,244,282
252,282
262,282
265,282
266,282
45,271,282
80,283
183,283
178,284
11,285
222,286
12,287
11,288
26,288
200,289
19,118,290
60,290
18,89,107,118,119,290
120,290
135,290
166,290
236,290
83,248,290
18,291
154,291
198,292
254,293
216,294
145,295
253,296
12,297
49,297
93,120,297
103,297
124,297
176,236,297
181,236,297
223,297
236,297
63,298
4,299
66,299
119,299
209,299
135,300
109,230,301
271,302
0,303
11,303
33,303
36,303
42,303
61,303
75,303
129,303
11,229,303
236,303
21,304
32,169,228,305
253,305
296,305
81,306
29,307
110,308
95,309
197,309
201,309
201,208,309
234,309
266,309
80,183,310
283,310
192,311
155,312
9,11,313
285,313
0,314
8,36,314
91,314
141,156,314
213,315
16,209,316
45,316
59,316
71,266,316
198,292,317
181,318
256,319
84,320
106,320
109,320
178,320
230,320
301,320
222,321
17,41,141,161,322
120,322
156,322
198,322
98,323
137,323
175,209,323
209,323
74,324
8,325
181,325
1,68,181,229,236,326
7,326
8,132,326
10,118,326
12,82,158,209,326
20,326
24,326
25,326
28,123,326
29,326
34,326
40,326
13,41,326
42,326
16,43,326
45,326
49,326
51,326
43,55,236,326
59,326
69,326
75,326
89,326
98,326
45,118,326
120,326
124,326
132,326
135,326
143,326
8,155,326
156,326
12,59,158,326
169,326
172,326
176,326
181,326
209,326
215,326
236,326
237,326
244,326
118,262,326
297,326
303,326
322,326
325,326
42,327
100,328
150,328
243,259,328
259,264,328
261,328
264,328
278,328
280,328
190,329
0,330
1,330
2,330
3,41,42,74,330
4,330
5,330
6,130,330
7,330
8,330
10,330
11,330
12,326,330
13,330
14,330
15,215,330
16,25,330
17,236,330
18,103,144,330
19,330
20,330
21,330
10,24,330
25,330
26,330
38,330
40,330
41,330
42,330
43,330
37,45,161,330
49,330
54,330
56,330
59,330
60,330
61,330
62,330
64,65,330
70,330
74,330
79,330
83,330
84,330
89,330
97,330
98,330
102,330
103,330
42,108,119,135,330
118,120,330
119,330
120,330
130,330
132,330
133,330
134,185,330
0,17,41,135,330
139,330
143,330
64,144,330
79,148,206,209,330
97,148,151,330
41,156,330
158,330
161,330
166,330
169,330
171,330
172,330
176,330
181,330
184,330
185,330
54,190,330
199,330
207,330
209,330
37,215,330
223,330
226,330
229,330
236,330
237,322,326,330
244,330
248,290,330
8,89,253,296,330
258,330
262,330
266,330
272,330
20,43,44,215,282,330
290,330
297,330
325,330
326,330
231,331
92,332
107,333
128,333
120,334
141,334
156,334
322,334
326,334
109,335
225,336
264,337
89,338
207,330,338
232,338
258,338
330,338
3,339
12,340
16,340
45,340
118,340
120,340
140,340
121,144,239,340
11,51,130,209,341
22,342
41,342
89,342
251,343
242,344
7,345
9,345
18,43,345
59,345
103,345
9,105,345
215,345
326,346
45,347
152,347
161,347
229,347
266,347
326,347
75,348
103,348
0,349
3,349
6,349
8,155,349
18,120,349
19,349
22,349
25,29,349
36,349
40,349
59,349
62,349
119,349
135,349
139,144,349
169,349
216,349
229,349
236,349
262,349
265,349
271,282,349
294,349
302,349
326,349
90,350
303,351
338,352
199,353
150,278,354
67,355
88,355
67,167,355
186,355
88,209,355
238,355
33,356
64,357
74,357
219,357
18,154,291,358
0,161,215,359
297,326,347,359
102,360
256,361
179,362
92,363
311,364
12,365
42,236,327,365
11,366
19,366
123,366
3,367
4,367
1,5,130,199,367
6,118,367
8,367
10,367
11,367
12,367
22,367
25,367
29,367
36,367
41,367
44,367
49,367
50,367
52,367
59,367
62,367
65,367
75,367
77,367
78,103,367
118,367
119,367
124,177,367
135,367
159,367
161,367
44,169,367
170,367
103,199,367
209,367
216,367
229,367
236,367
244,367
197,252,367
262,367
216,265,367
11,124,215,266,367
271,367
282,367
302,367
303,367
326,367
330,367
349,367
191,368
285,369
280,370
249,371
41,372
41,342,372
5,25,35,373
70,373
119,373
144,373
16,374
27,374
118,374
27,140,374
340,374
0,375
7,375
8,375
9,375
10,375
11,375
12,282,375
13,375
15,59,118,375
17,375
19,62,63,248,375
22,375
26,375
30,375
32,375
35,375
36,375
41,375
42,375
44,375
46,375
49,375
50,375
59,375
61,119,375
62,375
63,298,375
65,375
71,135,375
41,75,375
81,375
93,375
95,375
98,375
103,375
113,375
118,375
119,375
120,375
121,375
122,375
123,375
135,375
18,141,158,375
144,375
158,326,375
161,375
163,375
169,375
170,375
172,375
185,375
15,190,375
172,197,235,375
199,375
201,208,375
208,375
209,375
214,375
215,375
218,375
221,375
228,375
229,375
234,375
235,375
236,375
248,375
252,375
266,375
282,375
285,375
309,375
11,285,313,375
326,375
330,375
345,375
367,375
369,375
239,376
245,377
5,378
7,378
8,378
12,59,378
19,378
31,378
41,378
42,378
46,378
50,378
56,378
63,378
108,378
119,378
143,378
145,378
169,378
190,378
209,378
241,378
282,378
330,378
59,379
172,379
197,234,375,379
169,201,208,228,375,379
208,379
208,252,379
309,379
375,379
162,209,380
25,42,190,381
7,382
29,383
308,384
116,385
197,386
201,386
302,387
164,388
0,10,389
10,389
30,389
36,389
42,389
70,71,137,209,389
81,389
118,121,389
135,389
188,389
225,389
262,389
266,389
326,389
336,389
9,137,236,367,389
275,390
10,237,391
155,392
60,242,393
344,393
209,394
104,153,395
0,396
3,74,396
5,396
8,396
12,396
14,396
15,396
17,54,396
18,396
21,396
25,396
26,396
28,396
31,396
32,396
37,396
38,396
41,396
42,396
18,29,43,396
44,169,190,396
45,396
46,396
49,396
50,396
52,396
59,396
61,396
62,75,110,330,367,396
63,282,396
75,396
78,396
83,185,396
84,396
89,396
93,396
95,396
98,396
102,396
118,236,396
6,119,396
120,396
121,396
123,396
132,396
134,330,396
135,396
136,396
137,396
13,29,141,209,396
144,396
149,396
152,396
155,396
156,396
158,396
133,144,161,396
166,396
169,396
175,396
185,396
187,396
190,396
207,396
63,163,186,209,396
218,396
224,396
229,396
236,396
241,396
248,396
253,396
258,396
262,396
266,396
282,396
26,288,396
296,396
169,305,396
43,120,155,312,396
322,396
323,396
120,172,326,375,389,396
8,330,396
334,396
347,396
360,396
367,396
62,170,375,396
378,396
34,397
205,397
235,398
1,399
11,399
59,399
130,399
172,399
208,252,379,399
213,400
42,213,315,400
33,401
129,401
303,401
42,213,217,402
315,402
400,402
124,177,403
20,33,42,59,303,404
229,404
267,405
8,406
10,135,330,406
34,406
37,135,147,406
55,406
63,406
83,406
108,406
119,406
205,406
215,406
229,406
237,406
244,406
325,406
326,406
397,406
28,40,407
42,407
108,407
138,407
330,407
3,408
8,408
10,367,408
11,408
12,408
13,36,209,408
15,408
16,408
17,408
19,408
20,408
21,408
22,408
24,408
25,408
26,81,169,282,408
28,408
37,408
40,408
41,408
42,408
43,408
44,63,408
45,408
46,408
49,408
50,408
54,408
59,408
61,209,408
17,62,103,367,396,408
44,63,408
66,408
70,408
71,408
81,408
84,408
89,408
93,408
98,408
0,9,103,408
108,408
113,408
114,408
119,408
120,408
121,408
123,408
124,297,408
130,408
8,132,253,408
135,408
136,408
138,408
141,233,408
144,396,408
146,408
147,408
66,157,408
159,408
161,408
168,408
169,408
174,408
176,408
181,408
190,408
199,408
209,408
215,408
216,408
223,408
229,408
236,408
260,408
262,408
265,408
266,408
272,408
273,408
282,408
297,408
318,408
8,325,408
326,408
330,408
342,408
266,347,408
18,349,408
367,408
342,372,408
17,375,408
5,41,378,408
396,408
403,408
406,408
407,408
146,409
25,209,409
260,409
0,410
11,410
12,158,262,410
14,38,184,410
40,410
68,410
103,410
135,410
144,410
169,410
190,410
223,410
229,410
236,410
313,410
322,410
34,205,325,326,410
367,410
283,411
183,283,310,411
134,185,412
21,413
78,413
103,413
106,413
40,135,413
169,413
224,413
304,413
20,414
46,414
113,414
408,414
27,415
180,415
236,415
0,117,416
1,416
2,416
3,416
5,416
6,416
8,416
11,12,416
14,38,416
19,229,416
22,41,416
29,416
30,416
35,416
36,416
3,37,416
41,416
42,416
59,416
42,61,416
63,406,416
67,416
68,416
69,416
15,70,236,416
74,416
76,416
88,416
74,89,416
96,416
103,416
108,416
117,416
14,118,416
119,416
120,416
132,416
141,416
144,416
146,416
158,416
159,416
161,416
41,70,162,209,330,380,416
164,194,416
167,416
169,396,416
186,416
123,209,416
215,416
229,416
236,416
238,416
260,416
262,416
271,416
40,130,282,416
93,103,297,375,416
303,416
326,416
330,416
334,416
349,416
355,416
3,26,236,367,416
396,416
408,416
13,21,62,209,409,416
61,417
239,418
376,418
42,327,419
35,420
30,421
36,209,266,275,421
188,225,336,389,421
225,421
336,421
201,208,309,375,421
10,389,421
68,422
110,422
141,422
144,422
277,422
282,422
154,423
291,423
20,424
22,424
24,424
42,424
181,325,424
330,424
389,424
66,408,424
161,425
90,426
350,426
107,427
118,427
333,427
168,428
354,429
4,430
3,431
8,431
16,25,215,330,431
28,431
40,431
69,431
74,431
77,431
89,431
90,431
118,119,431
1,10,19,41,42,47,74,119,431
120,431
19,48,68,78,120,144,190,282,431
152,431
169,431
181,431
63,209,431
70,161,229,431
265,431
282,431
324,431
236,326,431
396,431
426,431
78,224,432
21,59,84,120,144,432
92,432
106,432
109,432
92,178,432
182,432
230,432
301,432
84,144,230,301,320,432
332,432
413,432
148,433
206,433
148,220,267,433
267,433
269,433
279,433
148,220,267,405,433
27,434
31,434
43,434
44,46,434
50,434
107,434
118,434
155,434
176,434
180,434
223,434
236,434
396,434
415,434
265,435
431,435
355,436
115,236,437
161,437
399,438
292,439
317,439
62,110,308,440
193,440
81,441
172,441
174,441
192,441
202,441
147,282,441
311,364,441
375,421,441
408,441
20,442
32,41,442
91,442
119,442
209,442
0,10,47,155,209,443
123,444
245,445
11,446
16,446
18,446
78,446
90,446
115,446
144,446
155,446
159,446
161,446
190,446
209,446
121,215,446
236,408,446
262,446
282,446
375,446
431,446
435,446
437,446
179,362,447
0,448
3,262,448
4,448
5,448
7,448
8,448
10,120,448
11,448
12,448
13,448
15,130,215,330,448
16,448
17,448
18,448
19,21,330,448
20,448
24,448
25,448
28,448
29,448
32,236,448
33,448
34,448
35,448
36,448
38,448
41,416,448
42,448
43,448
46,448
50,282,448
51,448
52,448
53,448
55,406,448
56,448
57,448
59,448
61,448
62,330,448
65,448
69,448
70,448
74,448
77,448
79,448
83,448
57,87,448
88,448
89,448
91,142,209,448
98,448
102,448
103,448
108,448
113,448
118,396,434,448
119,448
120,448
123,448
126,448
129,303,416,448
130,448
132,448
133,161,209,448
135,448
141,448
144,169,448
145,448
52,155,434,448
156,448
0,82,158,448
159,448
161,448
162,448
164,448
169,448
36,173,448
135,176,326,448
181,448
83,185,448
190,448
194,448
198,448
12,17,144,199,262,448
205,448
209,448
215,448
224,448
229,448
236,448
237,448
241,448
244,448
248,448
258,448
262,448
271,448
282,448
292,448
295,448
299,448
303,326,448
313,448
322,448
325,448
326,406,448
21,330,448
334,448
338,448
169,349,448
338,352,448
360,448
12,365,448
367,448
375,448
378,448
266,396,448
397,448
401,448
406,448
408,448
410,448
113,414,448
416,448
424,448
439,448
442,448
11,446,448
296,449
32,450
89,451
135,451
166,451
89,290,451
330,451
0,4,452
369,453
8,454
52,454
325,454
367,454
406,454
416,454
424,454
448,454
81,199,455
85,455
135,455
244,455
375,455
396,455
72,456
277,457
280,458
280,370,458
6,459
18,459
19,459
22,459
5,74,263,459
89,459
118,459
135,459
219,459
324,459
357,459
408,459
151,460
191,461
368,461
54,462
114,462
272,462
110,463
212,463
0,464
1,464
3,464
4,464
7,464
8,464
4,9,464
10,130,464
11,464
12,464
15,464
17,464
19,464
20,464
21,330,464
29,464
31,60,236,464
32,464
34,397,406,448,464
35,464
41,464
42,464
43,464
44,464
45,464
46,209,464
12,49,190,244,446,464
50,464
54,62,464
56,464
59,464
61,464
62,464
63,464
64,464
66,464
68,464
69,144,464
70,464
74,464
75,396,464
77,464
85,464
86,464
98,464
103,408,464
107,464
108,464
113,464
116,464
36,118,464
119,464
120,155,464
121,464
123,464
25,124,155,326,464
135,464
137,464
143,464
144,239,376,464
156,464
123,158,448,464
161,464
30,123,169,464
170,464
175,464
176,464
177,464
190,464
199,367,464
205,464
209,464
213,464
215,464
216,464
219,464
223,464
224,464
169,229,349,464
236,464
237,464
244,464
266,464
282,464
285,464
294,464
297,464
299,464
304,464
313,464
315,464
326,389,464
330,464
357,464
365,464
367,464
373,464
375,464
378,464
389,464
396,464
397,406,464
400,464
402,464
403,464
406,464
408,464
410,464
304,413,464
414,464
416,464
424,464
434,464
70,199,448,464
85,116,135,137,244,245,396,455,464
459,464
68,465
96,190,465
416,465
354,466
195,467
7,59,382,468
188,326,389,469
225,469
262,469
336,469
262,389,469
421,469
161,470
191,470
118,236,470
368,470
461,470
456,471
393,472
141,233,473
8,11,474
24,42,474
40,474
89,474
119,474
132,474
146,474
168,474
323,474
349,474
137,396,474
408,474
416,474
312,396,475
206,476
433,476
23,203,236,477
99,478
19,479
351,480
55,237,481
145,482
196,482
0,483
1,483
3,483
4,330,483
5,483
6,483
7,483
8,483
4,9,236,483
10,483
11,483
12,483
14,483
15,119,483
17,322,483
18,89,119,229,483
19,483
20,483
21,483
22,244,483
24,483
25,483
26,483
29,483
33,229,483
18,35,483
36,483
37,483
41,483
43,483
45,483
51,483
56,483
57,255,483
59,483
62,483
64,483
65,448,483
68,483
69,483
0,74,483
75,483
69,76,483
77,483
78,483
82,483
89,483
90,483
93,483
96,483
103,483
110,483
111,483
114,483
77,90,115,161,408,483
118,483
119,483
120,483
121,483
122,483
123,483
129,483
130,483
26,135,136,483
141,483
144,483
158,396,483
159,483
161,190,483
165,483
167,483
169,483
190,483
191,483
193,483
199,483
204,483
209,483
215,236,483
216,483
219,483
229,483
233,483
137,209,236,483
252,483
262,483
277,483
282,483
12,287,483
223,294,464,483
303,483
326,483
209,330,483
16,45,347,483
349,483
359,483
367,483
71,248,369,375,483
389,483
185,396,483
401,483
406,483
408,483
410,483
117,277,416,483
422,483
74,431,483
434,483
437,446,483
440,483
446,483
77,159,367,446,448,483
457,483
219,459,483
9,236,464,483
162,484
209,484
448,485
32,486
476,487
12,488
41,488
67,488
190,488
7,489
15,59,489
42,489
62,489
218,489
375,489
396,489
0,89,490
3,490
4,490
5,490
7,490
9,490
10,490
11,490
12,68,209,490
14,490
15,490
18,490
19,490
25,490
26,490
28,490
41,490
46,490
48,490
13,59,69,229,490
68,490
22,75,490
77,490
18,89,431,451,490
90,490
98,490
100,239,490
103,490
115,490
118,490
120,490
121,209,490
123,490
135,490
139,490
144,490
147,490
150,490
5,107,118,159,490
161,215,490
168,490
169,490
184,490
41,93,136,209,408,490
215,490
224,490
229,490
236,490
239,490
243,490
75,103,244,348,490
259,490
261,490
264,490
271,490
278,490
280,490
282,490
302,490
326,490
328,490
330,490
349,490
354,429,466,490
367,490
373,490
375,490
100,239,376,418,490
378,490
387,490
396,490
406,490
408,490
169,410,490
42,262,416,490
376,418,490
168,428,490
429,490
431,490
458,490
285,464,490
354,466,490
483,490
60,491
51,492
9,493
18,494
43,494
149,494
170,494
199,494
224,494
236,494
353,494
161,367,494
190,495
272,495
470,496
354,497
429,497
490,497
13,498
62,498
103,498
144,498
199,498
330,498
408,498
303,499
351,499
351,480,499
319,500
209,236,501
394,501
193,502
60,503
36,504
41,504
115,504
155,504
209,504
303,401,504
351,480,504
416,504
446,504
303,351,480,499,504
483,504
490,504
499,504
80,505
183,505
310,505
0,4,506
1,506
3,506
5,506
6,506
9,506
10,506
12,49,506
17,506
22,506
24,506
29,130,209,506
34,506
36,42,506
40,506
41,506
42,506
50,506
57,104,254,483,506
61,506
63,506
24,73,127,506
74,506
79,506
85,506
86,245,506
87,506
99,506
108,506
113,506
116,506
119,506
120,506
121,408,506
130,506
131,245,506
135,506
144,506
158,506
159,506
169,506
170,506
171,506
172,506
181,506
205,506
207,506
32,37,120,175,209,323,416,506
215,506
217,506
225,506
229,506
232,506
209,236,506
215,244,506
245,445,506
9,262,506
282,446,506
299,506
325,326,506
326,506
330,506
338,506
375,506
378,506
30,71,81,266,389,506
396,506
397,506
406,506
408,506
424,506
326,431,506
448,506
454,506
459,506
464,506
488,506
490,506
