0,1
2,3
2,4
5,6
5,7
5,6
8,9
10,11
12,13
12,14
15,16
17,18
12,19
20,21
20,22
23,24,25,26,27,28,29,30,31,32,33,34,35,36,37,38,39,40
41,42
43,44
45,46
47,48
49,50
41,51
52,53
54,55,56,57,58,59
60,61
54
62,63
64,65
4,62
66,67
68,69
66,67
41,42
70,71
21,72
70,71
70,71
73,74
48,75,76
77,78
77,79
77,79
68,80,81
19,62
41,51
82,83
21,22
82,84
21,72
41,42,85,86,87
82,86
88,89
90,91
20,92
41,42,51,85,87,93,94,95
88,89,96
97,98,99,100,101,102
103,104
103,104
41,51
82,83,84,105
90,106
62,107
66,108,109,110,111,112
113,114
115,116
117,118
76,119
17,120
82,83,84,86,105,121
122,123
12,14
124,125
13,126
127,128,129,130
131,132
26,29,40
21,22
18,133
54,55,56,59
6,134
62,115
135,136
137,138
20,22
139,140
141,142
51,133,143
144,145
88,89
144,145
146,147
82,83
148,149
103,150
49,84
28,151
152,153
152,153
154,155
12,13
156,157
15,139
158,159
2,3,4
18,133
12,14
23,29,35,39
160,161
49,50,71,84,162
49,50,71,84,162
62,107
72,163
72,163
139,164
76,119
165,166
167,168
122,123
115,169,170
40,171
82,83
61,103,123,172
24,96
80,81
21,173
174,175
176,177,178
122,179
21,22
130,180
43,44
181,182
129,183
184
179,181
66,108
52,185
70,186
106,187
137,174,175
188,189
108,190
157,191
66,67
2,192,193,194,195
41,51,94,95,167,196,197,198,199,200,201,202,203,204,205,206,207
21,22
208
137,174
61,123
209,210
41,51,94,95,128,167,196,197,198,199,200,201,202,203,204,205,206,207
54,211
208
115,212
41,51
106,189
137
137,208
115,212
54,55,56,58,59
25,30,36,41
56,58
25,30,36,41
4,62
155,213
47,48
41,51
41,51
180,214
24,96
4,62
155,215
15,216
170
2,4
49,50,71,217
13
97,98
1,17,18,74,215,218,219,220,221,222,223,224,225,226,227,228
64,229
97,100
20,21,230
231,232
209,233,234,235,236
13
159,209,210,233,234,235,236,237,238,239,240,241,242,243,244
115,245
246,247
74,248
13,238
62,106,249
13,27
97,100
246,247
21,22
13,209
103,250
40,251
175,252
169,251
115,169
231,232
169,251
40,75,253
115,169
174,175
137,254
212,249,255,256
74,222
183,257
231,232
17,218
4
115,169
183,198,258
2,4
246,247
12,19
12,19
72,259,260
75,261
115,170
169,251
2,4
262
263
264,265,266,267
106,268
45,269
129,270
271,272
129,270
129,270
129,270
231,232
129,270
81,256
174,175
129,270
129,270
15,45,46,139,164,216,272,273,274
129,270
129,270
129,270
275,276
129,270
277
114,155
62,158
76,119
129,278
101
29,40
277
107,279
155,208
231,280
4,62
281
282,283
62,107
155,284
62,107
262
2,4
46
23,28,160
211,285,286
183,258
69,287
231,280
212,249
71,84,162,288
12,19
4,62
14,129,130,167,168,196,203,231,270,280,284,289,290,291,292
19,293
226,254
129,294
106,189
295,296
183,258
115,165
66,108
69,287
106,189
80,287
73,74,248,297
298,299
137,281
62,147,249
249,256
14,280
69,287
62,300
248,301
302,303
281
277
41,51
4,62
302,303
303,304
115,121,145,166,233,252
115,136
22,92
62,107
264,266
0,1
303,304
106,268
58,175,212,233,252,288
48,58,175,212,233,252,288,305
12,293
62,306
12,19
2,281
262
54,55,56,59
264,266
209,235,236,238,243,244
97,102
15,175
5,6
5,6
0,1,17,18,73,74,85,120,177,215,218,220,221,222,223,224,225,226,228,248,307,308,309,310,311,312,313,314,315,316,317
2,281
174,175
245,318
35,62
236,319
4,62
233,235,243
18,133,167,201
74,222
71,217
320,321
209,233,235,243
62,254
45,322
62,107
177,220
215,295
320,321
97,102,300,323
42,105,147,212,249
11,324
21,173
10,20,21,306,325,326,327
21,230
262
328,329
64,229
62,107
320,321
5,215
5,6
209,236
21,22
320,321
18,62
17,73,74,248,297,330,331
209,236
290
290
141,332
69,306
46,139
114,333
334,335
115,116,135,136,165,169,251,336,337,338,339
115,169
134,340
251,336
57,58
74,215,222,309,311,316,341
122,130,149,157,178,179,191,207,214,231,262,277,278,284,342,343,344,345,346,347,348,349,350,351,352
231,280
185,353,354
13,90
114,155
233,288
142,355
356,357
113,114
47,339
194,195
63,137
43,358
63,137
115,169
359,360
86,128
137
5,64
160,187
114,361
103,232
236,244
63,137
281
192
160,190
69,212
334,335
174,175
281
114,129
243,271
184,190
62,107
69,212
236,244
18,62
44,293,362
277
243,271
62,310
243,271
48,58,105,115,121,145,175,212,233,252,288,305
62,254
88,303
62,153
106,161,211,236,249,256,280,283,363,364,365
113,114,263,318,361
87,145
145,252
62,107
243,271
114,263
28,39
105,252
153,366
69,212
28,114,165,169,367
264,265,266,267
37
52,185
106,187,329
220,223
52
52,368
21,22
88,89,96,252,302,304,369
122,123
22,92
116,169
251,336
44,293,362
184,298
236,244
116,169
176,178
264,265
236,363
48,58,145,175,233,252,288,305
194,195
40,370
194,195
236,238
136,170
353,371
41,86,205
184,190
372,373
162,288
113,160
194,195
54,211
180,343
54,55
19,293
55,58
63,137
160,263
62,153
281
44,374
264,266
58,208
184
62,340
262
14,290
115,170
123,172
5,215
80,375
2,4
122,130,149,157,178,179,191,207,214,231,262,277,278,284,342,343,344,345,346,347,348,349,350,351,352
376,377
22,92
21,22
94,201
264,266
58,162
62,153
54,55
60,61,103,104,150,157,181,250,283,295,296,320,321,368,376,377,378,379,380,381,382,383,384,385,386,387,388,389,390,391,392,393,394,395,396,397,398
137
2,4
191,351
281
35,40
30,37
113,114
52,133,167,179,206,232,284,291,307,399,400,401,402,403
21,68
166,404
113,160
191
106,405
62,153
281
69,306
2,4
47,113
43,358,406,407
103,321,377,378
157,395
103,104
155,213
22,92
155,213
160,263
43,44
4,63
4,63
4,63
4,63,286
4,63
183,282
4,286
61,213,320
61,380
170
2,195
114,256,365
2,305
174,286
183,303
376,377
408
2,4
103,377
164,216
192
409
2,305
63,305
2
329,410
2
256,355,365
135
5,6
63
63
132,411
132
114,340
63
2,4,412
132
22,92
129,183
376,377
132
94,201
3,63
62,63
63
63
5,6
57,137
132
132
63
2,3,4,412
63
63
63
157,191
135,336
63
172,413
123,172
193
3,63
2,4
5,6
3,63
63
63
3,63
61,377
296
63
63
63
63,174
96
148,149
63
63
148,149
414,415
192
306
306
61,377
157,191
157,191
191
2,195
61,377
258,329
2,195
19,267
5
5
5
21,327
173,327,416
47,48
48,50
48,75
73,74,331
62,63
62,107
21,22
263,417
49,50,71,84,87
62,63
63
40,75,76,253
76,119
41,42,85,86,87
193
63
88,89,96
40,75,253
69,306
62,418
184,418
299,418
94,201
69,306
62,107
164,216
9,19
214,345,351
290,419
29,420
9,421
366
63
263,417
87,422
87,422
41,87,145,154
41,50,87,145,422
186,254
87,422
115,136
164,216
105,249
417,423
145,252
115,169,170
16,424
263,417
155,284
49,50
49,50
13,301
263,417
167,168
25,26,38,40
425,426
17,215
25,26,38,40
115,427
23,29
417,423
49,50
117,118
63
26,40
135,336
20,21
263,417
86,189
187,329
115,170
21,327
63,174
21,68
329,410
21,22
172,231
87,154
63
63,137
21,22
428,429
184,299
249,430
114,263
83,121,212,282,424
49,50,70,71,83,84,162,217,431,432,433
23,27,28,29,30,31,33,35,36,39
13,36
129,270
215,434
129,270
132,285
117,118
157,179
115,338
147,435
23,39
15,45,424
115,116,123,135,136,165,169,251,336,337,338,339,436,437,438,439
290,419
137,138
105,249
105,249
178,275,413,440
104,394
414
23,29
360,441
20,86
17,85
23,30
41,42
414,415
41,42
41,85
41,85
41,85
13
13
41,85
41,85
41,85
417,442
132
23,115
417,443
2,281
132
417,444
17,312
212,282
145,212
57,137
23,27
35,438
23,434
80,81
132
249,255
129,139,445
113,114,417
139,140,446,447,448
169,438
162,288
139,342
41,42,86,87
35,438
104,321
129,278
414,449
23,115
129,278
55,56,57
41,85
246,247
194
11,324
23,434
23,115
157,191
246,247
55,57
434,450
23,115
29,438
236,363
49,50
116,338
150,250
115,169
160,405
154,363
80,81
1,17,18,74,177,215,218,219,221,222,223,224,225,226,227,228
19,267
160,405
84,162,217,233,288
29,438
35,438
451,452
50,87,422
176,177,178
160,284
113,160
135,437
106,187
295,296
176,177,178
135,437
80,81
116,338
116,338
94,201
106,405
86,453
357,454
135,437
160,263
169,438
210
160,405
41,42
21,327
115,169,170,338
142,248
73
49,50
115,169,170,338
437,455
456
49,50,71,82,84,121
65,457
73
21,22
73,215
21,212
73
73,215
191
21,212
115,169,170,338
129,458
46,139,164
115,212
116,336
176,177,178
139,164
129,458
62,283
139,164
147,152
21,74
107,113,114,417
139,164
142,248
147,152
62,333
139,164
29,438
259,260
158,159
139,164
223,459
139,164
11,406
40,171
40,48
155,213
21,22
238,244
75,253
74,260
62,417
113,417
115,170
106,405
74,215,222,309,311,316,341
62,333
62,107
139,429
434,450
139,164
365,434,460
115,212
68,80
172,275
45,461
116,336
76,119
76,119
113,160
283,308
462,463
290
62,340
216
281
290
49,84
41,207
45,46,140,272,448
238,244
122,179
62,441
295,390
123,338
268,459
280,464
75,253
223,459
155,465
404,422
421,466
142,187
18,160
61,295
80,81
152,467
106,405
58,305
262
26,38,40
180,351
74,248
148,149
148,468
21,327
21,212
21,212
115,170
115,169
17,85
19,265
97,98
17,314
17,314
178,275,413,440
160,284
115,170
375,455
91,469
282,283
170,470
2,102
60,61,103,104,150,181,250,295,296,320,321,368,376,377,378,379,381,385,388,390,392,393,394,395,397
68,80
52,232
115,170
375,455
40,171
282,283
471,472
255,471
105,434,473
152,467
280,464
91,474
13
13,126
176,292
21,22
170,470
21,22
13
24,96
282,283
170,470
62,79
62,258
166,424
66,90,91,108,110,111,112,143,258,328,329,356,357,375,469,474,475,476,477,478
176,177,320,344,381,479
282,283
52,368
282,480
170,470
91,375
123,338
52,232
23,30
265,267
320,381
91,469
62,63
80,287
44,106
52,232
282,283
106,190
176,292
21,327
320,381
282,283
115,169
164,388
52,368
43,44
52,232
52,232
165,166
86,106
80,287
115,165
55,481
46,164
116,136
58,208
20,21
189,454
27,28,30,114,116,133,135,136,165,169,336,337,361,367
139
137
80,287
46,164
340,482
2,102
42,106
114,263
2,4
178,351
214,345
115,169,212,249,256
42,106
281
160,284
66,328,329
13
13
13
13
169,249
54,55,56
58,481
377,483
12,265
49,50
58,366
107,137
107,137
28,114,165,169,367
191
291
214
13
13
40,171
211,481
291
208,481
82,121,283
40,370
49,50
160,284
1,316
49,50
2,194
49,50
160,284
262
262
2,194
172,275
295,393
47,48
2,102
47,48
107,137
62,152
295,296,387
2,194
62,258,474
262
62,107
114,263
13
13
13
13
13
13
13
13
13
13
13
183,303
380
113,114
107,417
231,232
107,417
262
13
176,177,178,344
105,434
59,408
135,437
281
93,172
2,194
295,387
135,437
135,437
167,280
137
137
13
107,115
62,314
183,303
167,280
377
129,183
150,393
2,194
290,484
13
262
2,102
100,429
13
63
21,22
2,194
2,194
164,429
192,194
10,13
140,429,447,448
13,446
13,35
63
63
164,429
137
63
231,232
170
62,63
106,405
114,340
63,363,371
193
13,25
44,407
132
132
132
13,303
137
13,95
137
13,129
20,21,230
132
132
340
80,287
132
4,63,286
170,485
170
4,63
170
260,400
149
4
2,4
2,4
2,4
0,1
4,62
215,309
222,309
2,4
296,393
103,104
3
2,195
132
132
62,258,329,474
132
132
48,75
132
132
132
184,418
318,486
20,21
62,314
85,314
487,488
87,422
41,42,51,85,87,94,95
113,114,417
489
20,230
151,417
17,314
121,145
17,310
75,372
62,333
75,76
82,105
20,259
40,448
290
15,335
48,75,76
4,63
215
215
66,90,108,143,328,329,356,357,375,478
36,129
142,187
21,22
21,22
311,459
290
47,443
48,75,76
29,420
19,161
82,105
23,62
155,285
63
3,63,174
3,63
21,173
176,177,178,344
41,85
95,201
4,63
3,63
95,201
62,282
122,123
184,190
62,249,355
74,218
62,107
80,287
121,212
62,81,107
86,128
4,62
63
99,107
2,4
122,123
13
148,149
121,212
122,123
103,321,377,378
84,162,288
4
148,149
162,288
4
215,311
129,365,490
167,168,491
41,51,94,95,128,167,196,197,199,200,203,204,206,207
103,104
199,201
4,63,286
4,63
46,139,164,429
365,434
4,63
4,63
21,22
21,68
3,63
10,340
132,411
46,429
63,363
52,232
162,492
64,91
162,492
162,492
62,63
2,4
52,368
49,50
21,173
62,81
132,271
131,132
139,428,429,446,447
52,232
21,22
52,368
157,346
4,63
52,232
2,4
10,340
231,280
294,346
52,368
275,440,450,458
191
231,280
13,95
121,186
103,321
10,260
294,493
83,494
295,296,387
130,180
20,21,230
440,450
312,377
440,450
11,324
13,301
13,95
20,230
23,33
106,490
2,3
64,141
158,159,210
158,159,210
249,430
340,482
4
74,223,272,309
136,165
257,278
2,195
251
4
107,161
106,190
29,438
129,168
86,295
29,438
20,21,230,495
21,230
20,495
157,379
183,198
16,282,283
21,22
83,496
157,396
20,21,230
21,230
78,497
20,230
28,36
20,230
192
62,79
86,295
114,340
4,107
121,186
52,368
62,68
52,368
365,434
41,85
295,389
28,36
281
21,22
232
80,81
80,81
41,85
489
4,107
46,139
281
41,85
264,265,266,267,498
184,298
285,305
198,387
489
2,305
184,298
489
264,265,266,267
86
157,379
104,181,250,377,394
116,169
257,278
43,44,358,406,407,499,500,501,502,503,504,505,506
