0,1
1,2
0,3
0,3,4
1,5
2,5
0,1,3,6
1,6
3,6
4,6
2,7
0,8
1,8
2,8
1,5,8
6,8
7,8
0,9
1,5,9
2,9
0,1,3,9
4,9
5,9
6,9
7,8,9
8,9
0,8,10
1,10
2,10
1,5,10
7,10
8,10
0,11
1,2,11
2,11
3,11
4,11
5,11
6,11
7,11
8,11
9,11
10,11
7,10,12
8,12
11,12
0,13
1,2,14
5,14
0,15
9,15
13,15
5,11,16
12,16
9,17
3,18
5,18
7,8,18
8,18
9,18
2,10,18
11,18
12,18
17,18
0,19
4,6,19
5,9,19
6,19
7,19
8,19
9,19
10,19
11,19
13,19
15,19
15,20
17,21
19,22
6,23
1,3,5,10,18,24
0,25
1,5,25
2,25
3,4,6,25
4,9,25
5,25
6,25
7,25
8,25
9,25
5,10,25
11,25
12,18,25
5,14,25
15,25
16,25
18,25
19,25
20,25
22,25
24,25
3,26
9,26
11,26
17,26
18,26
17,21,26
4,9,11,27
15,28
15,19,20,25,28
11,29
12,29
16,29
18,29
25,29
0,30
5,31
10,32
20,33
10,34
0,35
3,35
10,19,35
8,11,35
17,35
18,35
25,35
30,35
0,30,36
3,36
8,25,36
11,36
13,36
15,36
3,35,36
3,5,18,37
14,38
25,39
28,40
0,30,41
1,41
2,41
3,41
5,41
6,25,41
7,41
8,41
9,41
10,41
11,41
12,41
13,41
14,41
16,41
17,21,26,35,41
17,18,41
7,19,41
22,41
25,41
26,41
12,25,29,41
30,41
32,41
35,41
36,41
37,41
38,41
0,42
1,42
3,6,42
4,42
5,42
6,42
7,18,42
8,42
9,42
10,42
11,42
12,18,42
13,36,42
15,42
18,42
7,10,13,15,19,25,42
20,42
22,42
24,42
2,25,42
15,20,28,42
33,42
8,9,36,42
41,42
2,8,43
5,43
2,7,8,9,43
10,24,43
11,16,29,43
18,43
20,43
5,25,43
29,43
37,41,43
17,18,44
16,45
17,44,46
10,47
6,48
12,16,18,49
44,50
46,50
15,51
0,15,42,51
8,52
1,10,53
9,53
13,15,53
17,54
10,55
10,24,25,34,55
7,12,25,41,56
24,57
4,58
27,58
0,59
1,2,5,8,9,10,12,14,18,37,41,59
5,59
6,59
2,7,59
8,59
9,59
10,24,59
11,59
12,59
13,59
15,59
16,59
17,59
18,59
19,59
20,59
21,59
22,59
25,59
16,29,59
35,59
36,59
25,39,59
25,41,59
3,42,59
43,59
45,59
49,59
53,59
17,54,59
56,59
1,14,60
6,60
3,61
13,19,61
37,61
41,61
42,61
3,62
13,62
17,62
19,62
21,26,62
26,62
44,62
46,62
50,62
17,54,59,62
11,59,62
9,17,44,46,63
46,62,63
62,63
0,64
0,65
64,65
15,28,66
12,67
12,68
1,69
3,69
6,69
8,69
5,70
9,70
15,70
20,70
25,70
28,70
40,70
41,70
42,70
66,70
44,71
12,72
49,72
59,72
10,24,73
0,74
1,25,74
3,74
5,74
4,6,48,74
9,18,42,74
6,7,9,19,74
64,74
65,74
69,74
10,11,75
13,62,75
19,74,75
22,75
6,25,75
36,75
41,75
42,75
69,76
68,77
21,78
61,79
12,49,80
71,81
0,82
2,83
7,83
10,83
21,84
78,84
81,85
85,86
24,87
36,42,87
57,87
67,88
0,89
0,1,18,42,74,89
2,89
6,89
7,89
8,89
9,89
10,89
12,89
14,89
13,15,59,89
16,89
17,89
18,89
19,89
20,89
22,42,59,89
25,89
38,89
41,89
42,89
43,89
56,89
74,89
83,89
77,90
36,91
84,92
26,93
25,39,94
13,95
19,95
41,95
59,95
68,96
61,79,97
10,15,24,42,57,87,98
20,98
28,98
40,98
42,98
66,98
28,70,98
24,57,99
78,100
27,101
5,102
18,102
59,102
0,103
3,103
9,103
10,103
11,103
13,103
17,44,103
9,18,43,89,103
20,103
21,103
16,22,59,103
25,103
26,103
30,41,103
35,103
36,103
40,103
41,103
42,103
43,103
59,103
26,46,62,103
63,103
70,103
75,103
78,103
84,92,103
93,103
57,87,104
9,105
78,106
84,106
92,106
31,107
0,108
10,108
32,108
37,108
41,108
42,108
65,108
103,108
106,109
62,110
5,111
5,31,107,111
31,107,111
2,41,112
30,113
44,113
46,113
10,19,25,42,59,62,74,113
63,113
103,113
54,114
90,115
85,116
86,116
0,117
0,118
1,118
2,118
3,118
4,118
5,118
6,118
7,118
8,118
9,118
10,118
11,118
12,118
14,89,118
16,118
3,18,74,118
19,118
20,33,118
25,118
27,118
5,11,29,70,118
5,31,118
36,118
41,118
42,118
45,118
49,118
4,27,58,118
59,118
12,68,118
70,118
43,89,118
98,118
101,118
102,118
103,118
107,118
107,111,118
0,117,118
0,119
1,8,119
2,119
3,119
4,119
5,43,119
6,74,119
7,119
9,119
10,119
11,19,119
13,119
15,89,119
18,119
19,119
20,119
24,119
25,119
28,40,119
32,119
36,119
3,37,108,119
40,119
22,41,119
42,119
43,119
59,119
60,119
61,119
62,110,119
0,42,65,108,119
66,70,119
69,74,119
70,119
74,119
76,119
10,83,119
89,119
91,119
98,119
103,119
107,119
108,119
111,119
7,29,31,118,119
0,120
1,120
2,120
3,120
4,120
5,120
6,74,120
8,120
9,120
10,120
0,11,120
12,120
13,120
5,14,42,120
15,120
12,16,120
17,120
18,120
19,119,120
20,120
21,120
6,23,120
24,120
25,120
26,120
32,120
35,120
37,120
28,40,70,120
41,120
42,120
43,59,120
48,120
53,120
54,120
57,99,120
59,120
60,120
62,120
69,120
74,120
75,120
83,120
89,120
93,120
95,120
98,120
103,120
108,120
118,120
119,120
3,121
11,121
118,121
0,122
3,123
13,123
15,123
19,123
28,123
42,123
51,123
59,123
66,98,123
120,123
49,124
107,125
18,126
42,126
16,18,41,43,59,74,103,126
70,126
24,73,127
107,119,125,128
0,117,128
118,128
33,129
1,130
6,130
0,10,130
11,130
12,130
15,130
16,130
25,130
12,29,130
41,130
43,130
45,130
59,130
118,130
120,130
85,86,116,131
0,132
8,132
15,132
19,132
25,132
42,132
43,132
119,132
42,126,132
3,35,36,133
61,133
83,134
0,135
1,135
2,135
3,135
5,135
6,135
7,135
8,135
9,135
10,135
11,135
12,135
13,135
14,135
15,135
16,135
17,135
18,135
19,135
20,135
21,135
24,135
25,135
26,135
28,135
29,135
32,135
35,135
37,135
38,135
39,135
40,135
41,135
20,42,135
43,56,89,135
44,46,135
57,135
59,135
61,135
62,135
63,135
64,135
65,135
66,135
70,135
71,135
73,135
74,135
75,135
78,135
81,135
83,135
84,135
87,135
89,135
93,135
20,40,98,135
57,99,135
103,135
104,135
108,135
113,135
118,130,135
119,135
120,135
123,135
126,135
130,135
15,132,135
26,136
1,2,10,15,32,41,53,69,120,135,136
41,136
93,136
135,136
98,137
42,138
40,139
27,140
118,140
0,141
3,141
11,141
13,141
18,141
30,141
32,141
36,141
41,141
59,141
64,141
119,141
11,121,141
91,142
7,143
56,143
0,144
1,144
3,26,144
5,144
6,144
10,144
11,144
12,80,144
13,144
15,144
16,144
11,17,59,144
18,144
19,144
21,144
22,144
25,144
26,144
28,144
30,144
35,144
36,144
37,144
39,144
40,139,144
41,144
33,42,87,144
48,144
59,144
61,119,144
62,144
64,144
65,144
68,144
69,144
70,144
74,144
75,144
78,144
79,144
81,144
84,144
42,87,144
89,144
13,95,144
98,144
100,144
103,144
3,118,144
119,144
120,144
121,144
123,144
126,144
128,144
132,144
133,144
89,99,135,144
137,144
139,144
141,144
7,145
8,146
37,147
79,148
97,148
78,149
100,150
97,151
148,151
45,152
104,153
18,154
0,11,155
8,155
10,155
16,155
19,155
5,25,155
32,155
43,155
47,155
52,155
57,99,155
78,155
89,155
120,155
132,155
135,155
144,155
0,156
17,156
29,156
30,156
41,156
59,135,156
120,123,156
135,156
141,156
128,144,156
66,157
0,158
12,42,59,126,158
41,158
0,18,82,108,126,132,158
141,158
12,159
35,159
68,159
77,159
90,159
96,159
115,159
118,159
144,159
144,160
1,161
2,161
3,161
4,161
6,161
9,161
11,161
15,161
16,161
20,161
29,161
31,161
37,161
40,161
41,161
42,161
43,161
45,161
54,161
7,56,143,161
19,59,161
68,161
70,161
77,161
77,90,161
96,161
115,161
118,161
119,161
130,161
3,133,161
135,161
141,161
144,161
152,161
159,161
70,162
30,163
15,164
20,59,70,118,164
69,164
120,164
144,164
22,165
83,166
134,166
25,42,135,166
12,167
67,167
88,167
130,167
24,168
24,120,168
0,169
5,169
7,169
8,169
9,169
4,11,169
12,169
16,169
17,169
21,169
22,169
25,169
26,169
30,141,169
32,169
35,169
41,169
42,169
44,169
45,152,161,169
46,169
59,169
62,169
63,169
71,169
74,169
80,169
71,81,169
82,169
89,169
93,169
103,169
113,169
118,169
120,169
123,169
45,130,169
132,169
135,169
136,169
141,169
144,169
155,169
29,156,169
158,169
161,169
30,163,169
50,170
62,170
38,135,171
41,75,135,171
6,11,172
12,16,172
120,172
11,36,75,141,173
5,59,135,173
172,174
98,137,175
24,176
124,177
21,78,178
84,178
92,178
106,178
109,178
117,179
27,180
5,181
8,181
7,12,145,181
20,181
24,181
25,181
28,181
42,181
119,181
24,176,181
84,182
78,106,182
178,182
80,183
14,38,184
38,184
16,41,69,89,98,118,119,144,169,184
83,89,135,185
134,185
12,67,186
88,186
167,186
149,187
30,169,188
153,189
1,190
9,190
12,190
13,190
15,190
18,190
40,190
41,190
32,42,108,190
53,190
54,190
12,68,190
77,190
41,95,144,171,190
96,190
98,190
114,190
12,118,190
35,120,190
139,190
144,190
159,190
161,190
169,190
159,191
161,191
174,192
110,193
20,164,194
157,195
145,196
172,197
30,156,198
1,199
2,199
6,199
8,199
11,199
12,199
17,199
18,199
20,199
25,199
26,199
40,199
43,89,120,199
44,199
48,199
59,199
66,199
70,199
71,199
81,199
83,199
26,93,169,199
103,199
108,199
120,199
18,42,126,199
43,130,199
135,199
144,199
39,94,200
197,201
174,202
6,23,203
110,204
193,204
34,205
148,206
185,207
197,208
201,208
0,209
1,209
3,209
4,119,209
5,209
7,209
8,209
9,209
10,108,209
11,209
12,209
13,209
15,209
16,209
17,209
18,209
19,209
21,103,144,209
25,155,209
26,41,135,209
27,209
28,40,42,98,119,209
29,209
30,209
35,209
36,118,130,209
37,209
38,41,209
42,209
43,209
44,209
45,118,209
46,209
51,209
53,120,130,169,190,209
56,209
58,209
59,209
61,209
62,209
63,113,209
66,209
67,186,209
68,209
69,209
70,209
71,209
76,209
77,209
78,209
79,209
88,209
89,209
91,209
96,190,209
98,209
103,209
113,209
118,209
119,209
120,209
121,209
0,122,209
123,209
130,209
132,209
133,209
120,135,209
137,209
141,209
142,209
143,209
144,209
146,209
156,209
159,209
161,209
70,162,209
30,163,209
164,209
167,209
169,209
170,209
175,209
67,167,186,209
190,209
199,209
9,210
35,210
54,210
59,210
161,210
41,211
41,112,211
110,212
42,213
11,214
0,215
2,215
7,215
8,215
10,215
11,19,22,120,215
12,215
15,215
16,43,155,215
18,215
15,20,123,215
25,215
37,215
43,215
59,215
63,215
68,215
83,135,215
96,215
62,103,215
118,215
83,119,215
120,215
121,144,215
122,215
93,113,130,135,215
133,215
135,215
144,215
159,215
161,215
169,215
185,215
190,215
199,215
37,209,215
130,216
42,217
213,217
13,15,218
64,219
148,220
11,221
189,222
24,223
25,223
42,223
176,223
12,24,159,169,181,190,223
75,224
78,224
141,224
144,224
149,224
178,224
187,224
188,225
60,226
163,227
35,228
163,228
163,169,228
0,229
1,190,229
5,229
9,229
10,229
11,214,229
12,229
15,229
16,144,229
18,229
19,229
20,89,199,229
21,26,229
22,229
24,229
25,229
26,229
28,229
32,155,229
33,229
37,41,141,158,229
38,89,229
40,229
41,229
42,229
45,229
59,229
63,229
66,229
68,229
69,229
70,229
64,74,229
75,229
77,229
83,229
89,229
90,229
95,229
96,229
98,229
20,30,63,103,229
118,229
119,229
120,229
123,229
62,126,132,144,209,229
129,229
130,229
135,229
144,229
45,152,229
159,229
161,229
169,229
38,171,229
181,229
185,229
190,229
199,229
167,209,229
215,229
223,229
109,230
60,231
185,207,232
141,233
11,234
120,234
172,234
197,234
201,234
208,234
11,16,120,172,174,235
0,236
1,236
1,2,236
3,236
4,236
5,236
6,236
8,236
9,236
10,236
11,236
12,236
13,236
14,38,236
15,215,236
17,44,236
8,18,236
4,19,118,120,236
20,236
6,11,23,120,203,236
5,24,42,236
25,236
9,26,236
27,236
28,236
29,236
30,236
31,236
32,236
33,129,236
36,236
37,236
38,135,236
40,236
41,236
42,236
43,236
44,236
45,236
46,236
48,236
49,236
50,236
10,34,55,236
56,236
58,236
59,236
60,236
61,236
62,236
63,236
66,98,236
68,236
69,236
70,236
71,236
72,236
74,236
75,236
76,236
68,77,159,236
83,236
89,236
90,236
91,236
93,236
95,236
96,236
98,236
103,236
107,236
53,57,89,108,120,169,209,236
112,236
113,236
115,236
118,236
119,236
120,236
123,236
130,236
134,236
135,236
136,236
137,236
139,236
141,236
142,236
144,236
155,236
156,236
157,236
159,236
161,236
164,236
83,166,236
167,209,236
120,169,236
170,236
171,236
176,236
181,236
184,236
185,229,236
77,190,236
159,191,236
103,199,236
203,236
207,236
209,236
211,236
214,236
215,236
130,216,236
223,236
224,236
229,236
10,237
34,237
55,237
103,209,237
23,236,237
67,238
88,167,209,238
167,186,238
186,238
209,238
93,236,238
100,239
144,239
113,240
136,241
236,241
19,60,119,242
100,243
150,243
1,244
3,244
6,244
7,244
8,244
10,244
16,229,244
22,244
29,244
35,41,244
49,244
59,244
75,244
118,244
120,155,244
121,244
119,135,161,244
143,244
155,244
37,144,161,244
199,229,244
209,244
215,244
86,245
116,245
131,245
144,246
160,246
0,30,123,169,247
5,248
8,248
10,248
19,248
83,248
120,248
134,248
38,89,135,248
166,248
185,215,248
236,248
41,249
33,229,250
237,251
1,11,252
120,252
172,252
197,252
201,252
208,252
234,252
8,155,253
169,253
57,254
99,254
135,254
57,255
99,255
135,255
254,255
101,256
148,257
89,135,258
243,259
59,260
146,260
209,260
243,261
0,262
3,262
8,262
9,262
10,262
11,236,262
12,262
14,262
16,262
20,262
25,262
29,262
8,12,36,262
38,262
42,262
45,262
48,126,199,262
49,262
59,262
70,262
72,262
83,262
89,262
103,262
36,118,262
119,262
3,121,262
26,123,126,144,262
132,262
135,262
144,262
158,262
169,262
184,262
199,262
215,262
229,262
236,262
74,263
236,263
78,100,264
150,264
243,264
259,264
261,264
216,265
8,266
11,266
12,266
17,266
36,266
44,266
45,266
49,266
59,266
44,71,236,266
72,266
95,266
119,266
124,266
133,266
135,266
79,144,266
124,177,266
199,266
201,266
45,59,67,130,209,266
215,266
234,266
32,108,236,266
208,234,252,266
262,266
148,267
206,267
220,267
11,268
221,268
206,269
242,270
45,271
118,271
132,209,271
169,271
262,271
54,272
114,272
1,114,190,272
4,98,236,272
236,273
54,272,273
128,274
144,274
36,262,275
41,275
112,211,236,275
211,275
197,276
42,107,119,125,277
117,277
118,277
128,277
144,277
236,277
274,277
150,278
243,278
243,259,278
261,278
269,279
150,280
40,281
0,282
1,41,282
2,282
3,282
4,282
5,282
3,6,120,161,282
7,25,282
8,282
9,282
10,155,282
12,158,169,262,282
13,282
15,282
17,282
18,74,282
19,282
20,42,161,282
21,84,282
22,282
25,282
26,282
11,27,169,236,282
32,282
35,282
36,282
37,135,282
40,190,282
41,282
42,236,282
0,43,155,282
44,282
45,282
46,282
50,282
51,282
54,282
56,282
59,282
61,91,119,133,161,282
62,282
63,282
64,282
65,282
66,282
69,282
70,282
71,282
13,75,120,282
79,282
30,81,169,199,282
85,282
89,282
93,103,282
95,282
101,282
103,282
108,282
110,282
113,282
118,282
119,282
120,282
123,282
130,282
132,282
0,133,215,282
135,282
136,282
139,282
121,141,282
144,282
147,282
155,282
161,282
2,58,59,118,169,209,282
170,236,282
69,120,172,235,282
172,174,234,252,282
190,272,282
199,282
209,282
210,282
215,282
216,282
223,282
229,282
172,235,282
236,282
241,282
120,244,282
252,282
262,282
265,282
266,282
45,271,282
80,283
183,283
178,284
11,285
222,286
12,287
11,288
26,288
200,289
19,118,290
60,290
18,89,107,118,119,290
120,290
135,290
166,290
236,290
83,248,290
18,291
154,291
198,292
254,293
216,294
145,295
253,296
12,297
49,297
93,120,297
103,297
124,297
176,236,297
181,236,297
223,297
236,297
63,298
4,299
66,299
119,299
209,299
135,300
109,230,301
271,302
0,303
11,303
33,303
36,303
42,303
61,303
75,303
129,303
11,229,303
236,303
21,304
32,169,228,305
253,305
296,305
81,306
29,307
110,308
95,309
197,309
201,309
201,208,309
234,309
266,309
80,183,310
283,310
192,311
155,312
9,11,313
285,313
0,314
8,36,314
91,314
141,156,314
213,315
16,209,316
45,316
59,316
71,266,316
198,292,317
181,318
256,319
84,320
106,320
109,320
178,320
230,320
301,320
222,321
17,41,141,161,322
120,322
156,322
198,322
98,323
137,323
175,209,323
209,323
74,324
8,325
181,325
1,68,181,229,236,326
7,326
8,132,326
10,118,326
12,82,158,209,326
20,326
24,326
25,326
28,123,326
29,326
34,326
40,326
13,41,326
42,326
16,43,326
45,326
49,326
51,326
43,55,236,326
59,326
69,326
75,326
89,326
98,326
45,118,326
120,326
124,326
132,326
135,326
143,326
8,155,326
156,326
12,59,158,326
169,326
172,326
176,326
181,326
209,326
215,326
236,326
237,326
244,326
118,262,326
297,326
303,326
322,326
325,326
42,327
100,328
150,328
243,259,328
259,264,328
261,328
264,328
278,328
280,328
190,329
0,330
1,330
2,330
3,41,42,74,330
4,330
5,330
6,130,330
7,330
8,330
10,330
11,330
12,326,330
13,330
14,330
15,215,330
16,25,330
17,236,330
18,103,144,330
19,330
20,330
21,330
10,24,330
25,330
26,330
38,330
40,330
41,330
42,330
43,330
37,45,161,330
49,330
54,330
56,330
59,330
60,330
61,330
62,330
64,65,330
70,330
74,330
79,330
83,330
84,330
89,330
97,330
98,330
102,330
103,330
42,108,119,135,330
118,120,330
119,330
120,330
130,330
132,330
133,330
134,185,330
0,17,41,135,330
139,330
143,330
64,144,330
79,148,206,209,330
97,148,151,330
41,156,330
158,330
161,330
166,330
169,330
171,330
172,330
176,330
181,330
184,330
185,330
54,190,330
199,330
207,330
209,330
37,215,330
223,330
226,330
229,330
236,330
237,322,326,330
244,330
248,290,330
8,89,253,296,330
258,330
262,330
266,330
272,330
20,43,44,215,282,330
290,330
297,330
325,330
326,330
231,331
92,332
107,333
128,333
120,334
141,334
156,334
322,334
326,334
109,335
225,336
264,337
89,338
207,330,338
232,338
258,338
330,338
3,339
12,340
16,340
45,340
118,340
120,340
140,340
121,144,239,340
11,51,130,209,341
22,342
41,342
89,342
251,343
242,344
7,345
9,345
18,43,345
59,345
103,345
9,105,345
215,345
326,346
45,347
152,347
161,347
229,347
266,347
326,347
75,348
103,348
0,349
3,349
6,349
8,155,349
18,120,349
19,349
22,349
25,29,349
36,349
40,349
59,349
62,349
119,349
135,349
139,144,349
169,349
216,349
229,349
236,349
262,349
265,349
271,282,349
294,349
302,349
326,349
90,350
303,351
338,352
199,353
150,278,354
67,355
88,355
67,167,355
186,355
88,209,355
238,355
33,356
64,357
74,357
219,357
18,154,291,358
0,161,215,359
297,326,347,359
102,360
256,361
179,362
92,363
311,364
12,365
42,236,327,365
11,366
19,366
123,366
3,367
4,367
1,5,130,199,367
6,118,367
8,367
10,367
11,367
12,367
22,367
25,367
29,367
36,367
41,367
44,367
49,367
50,367
52,367
59,367
62,367
65,367
75,367
77,367
78,103,367
118,367
119,367
124,177,367
135,367
159,367
161,367
44,169,367
170,367
103,199,367
209,367
216,367
229,367
236,367
244,367
197,252,367
262,367
216,265,367
11,124,215,266,367
271,367
282,367
302,367
303,367
326,367
330,367
349,367
191,368
285,369
280,370
249,371
41,372
41,342,372
5,25,35,373
70,373
119,373
144,373
16,374
27,374
118,374
27,140,374
340,374
0,375
7,375
8,375
9,375
10,375
11,375
12,282,375
13,375
15,59,118,375
17,375
19,62,63,248,375
22,375
26,375
30,375
32,375
35,375
36,375
41,375
42,375
44,375
46,375
49,375
50,375
59,375
61,119,375
62,375
63,298,375
65,375
71,135,375
41,75,375
81,375
93,375
95,375
98,375
103,375
113,375
118,375
119,375
120,375
121,375
122,375
123,375
135,375
18,141,158,375
144,375
158,326,375
161,375
163,375
169,375
170,375
172,375
185,375
15,190,375
172,197,235,375
199,375
201,208,375
208,375
209,375
214,375
215,375
218,375
221,375
228,375
229,375
234,375
235,375
236,375
248,375
252,375
266,375
282,375
285,375
309,375
11,285,313,375
326,375
330,375
345,375
367,375
369,375
239,376
245,377
5,378
7,378
8,378
12,59,378
19,378
31,378
41,378
42,378
46,378
50,378
56,378
63,378
108,378
119,378
143,378
145,378
169,378
190,378
209,378
241,378
282,378
330,378
59,379
172,379
197,234,375,379
169,201,208,228,375,379
208,379
208,252,379
309,379
375,379
162,209,380
25,42,190,381
7,382
29,383
308,384
116,385
197,386
201,386
302,387
164,388
0,10,389
10,389
30,389
36,389
42,389
70,71,137,209,389
81,389
118,121,389
135,389
188,389
225,389
262,389
266,389
326,389
336,389
9,137,236,367,389
275,390
10,237,391
155,392
60,242,393
344,393
209,394
104,153,395
0,396
3,74,396
5,396
8,396
12,396
14,396
15,396
17,54,396
18,396
21,396
25,396
26,396
28,396
31,396
32,396
37,396
38,396
41,396
42,396
18,29,43,396
44,169,190,396
45,396
46,396
49,396
50,396
52,396
59,396
61,396
62,75,110,330,367,396
63,282,396
75,396
78,396
83,185,396
84,396
89,396
93,396
95,396
98,396
102,396
118,236,396
6,119,396
120,396
121,396
123,396
132,396
134,330,396
135,396
136,396
137,396
13,29,141,209,396
144,396
149,396
152,396
155,396
156,396
158,396
133,144,161,396
166,396
169,396
175,396
185,396
187,396
190,396
207,396
63,163,186,209,396
218,396
224,396
229,396
236,396
241,396
248,396
253,396
258,396
262,396
266,396
282,396
26,288,396
296,396
169,305,396
43,120,155,312,396
322,396
323,396
120,172,326,375,389,396
8,330,396
334,396
347,396
360,396
367,396
62,170,375,396
378,396
34,397
205,397
235,398
1,399
11,399
59,399
130,399
172,399
208,252,379,399
213,400
42,213,315,400
33,401
129,401
303,401
42,213,217,402
315,402
400,402
124,177,403
20,33,42,59,303,404
229,404
267,405
8,406
10,135,330,406
34,406
37,135,147,406
55,406
63,406
83,406
108,406
119,406
205,406
215,406
229,406
237,406
244,406
325,406
326,406
397,406
28,40,407
42,407
108,407
138,407
330,407
3,408
8,408
10,367,408
11,408
12,408
13,36,209,408
15,408
16,408
17,408
19,408
20,408
21,408
22,408
24,408
25,408
26,81,169,282,408
28,408
37,408
40,408
41,408
42,408
43,408
44,63,408
45,408
46,408
49,408
50,408
54,408
59,408
61,209,408
17,62,103,367,396,408
44,63,408
66,408
70,408
71,408
81,408
84,408
89,408
93,408
98,408
0,9,103,408
108,408
113,408
114,408
119,408
120,408
121,408
123,408
124,297,408
130,408
8,132,253,408
135,408
136,408
138,408
141,233,408
144,396,408
146,408
147,408
66,157,408
159,408
161,408
168,408
169,408
174,408
176,408
181,408
190,408
199,408
209,408
215,408
216,408
223,408
229,408
236,408
260,408
262,408
265,408
266,408
272,408
273,408
282,408
297,408
318,408
8,325,408
326,408
330,408
342,408
266,347,408
18,349,408
367,408
342,372,408
17,375,408
5,41,378,408
396,408
403,408
406,408
407,408
146,409
25,209,409
260,409
0,410
11,410
12,158,262,410
14,38,184,410
40,410
68,410
103,410
135,410
144,410
169,410
190,410
223,410
229,410
236,410
313,410
322,410
34,205,325,326,410
367,410
283,411
183,283,310,411
134,185,412
21,413
78,413
103,413
106,413
40,135,413
169,413
224,413
304,413
20,414
46,414
113,414
408,414
27,415
180,415
236,415
0,117,416
1,416
2,416
3,416
5,416
6,416
8,416
11,12,416
14,38,416
19,229,416
22,41,416
29,416
30,416
35,416
36,416
3,37,416
41,416
42,416
59,416
42,61,416
63,406,416
67,416
68,416
69,416
15,70,236,416
74,416
76,416
88,416
74,89,416
96,416
103,416
108,416
117,416
14,118,416
119,416
120,416
132,416
141,416
144,416
146,416
158,416
159,416
161,416
41,70,162,209,330,380,416
164,194,416
167,416
169,396,416
186,416
123,209,416
215,416
229,416
236,416
238,416
260,416
262,416
271,416
40,130,282,416
93,103,297,375,416
303,416
326,416
330,416
334,416
349,416
355,416
3,26,236,367,416
396,416
408,416
13,21,62,209,409,416
61,417
239,418
376,418
42,327,419
35,420
30,421
36,209,266,275,421
188,225,336,389,421
225,421
336,421
201,208,309,375,421
10,389,421
68,422
110,422
141,422
144,422
277,422
282,422
154,423
291,423
20,424
22,424
24,424
42,424
181,325,424
330,424
389,424
66,408,424
161,425
90,426
350,426
107,427
118,427
333,427
168,428
354,429
4,430
3,431
8,431
16,25,215,330,431
28,431
40,431
69,431
74,431
77,431
89,431
90,431
118,119,431
1,10,19,41,42,47,74,119,431
120,431
19,48,68,78,120,144,190,282,431
152,431
169,431
181,431
63,209,431
70,161,229,431
265,431
282,431
324,431
236,326,431
396,431
426,431
78,224,432
21,59,84,120,144,432
92,432
106,432
109,432
92,178,432
182,432
230,432
301,432
84,144,230,301,320,432
332,432
413,432
148,433
206,433
148,220,267,433
267,433
269,433
279,433
148,220,267,405,433
27,434
31,434
43,434
44,46,434
50,434
107,434
118,434
155,434
176,434
180,434
223,434
236,434
396,434
415,434
265,435
431,435
355,436
115,236,437
161,437
399,438
292,439
317,439
62,110,308,440
193,440
81,441
172,441
174,441
192,441
202,441
147,282,441
311,364,441
375,421,441
408,441
20,442
32,41,442
91,442
119,442
209,442
0,10,47,155,209,443
123,444
245,445
11,446
16,446
18,446
78,446
90,446
115,446
144,446
155,446
159,446
161,446
190,446
209,446
121,215,446
236,408,446
262,446
282,446
375,446
431,446
435,446
437,446
179,362,447
0,448
3,262,448
4,448
5,448
7,448
8,448
10,120,448
11,448
12,448
13,448
15,130,215,330,448
16,448
17,448
18,448
19,21,330,448
20,448
24,448
25,448
28,448
29,448
32,236,448
33,448
34,448
35,448
36,448
38,448
41,416,448
42,448
43,448
46,448
50,282,448
51,448
52,448
53,448
55,406,448
56,448
57,448
59,448
61,448
62,330,448
65,448
69,448
70,448
74,448
77,448
79,448
83,448
57,87,448
88,448
89,448
91,142,209,448
98,448
102,448
103,448
108,448
113,448
118,396,434,448
119,448
120,448
123,448
126,448
129,303,416,448
130,448
132,448
133,161,209,448
135,448
141,448
144,169,448
145,448
52,155,434,448
156,448
0,82,158,448
159,448
161,448
162,448
164,448
169,448
36,173,448
135,176,326,448
181,448
83,185,448
190,448
194,448
198,448
12,17,144,199,262,448
205,448
209,448
215,448
224,448
229,448
236,448
237,448
241,448
244,448
248,448
258,448
262,448
271,448
282,448
292,448
295,448
299,448
303,326,448
313,448
322,448
325,448
326,406,448
21,330,448
334,448
338,448
169,349,448
338,352,448
360,448
12,365,448
367,448
375,448
378,448
266,396,448
397,448
401,448
406,448
408,448
410,448
113,414,448
416,448
424,448
439,448
442,448
11,446,448
296,449
32,450
89,451
135,451
166,451
89,290,451
330,451
0,4,452
369,453
8,454
52,454
325,454
367,454
406,454
416,454
424,454
448,454
81,199,455
85,455
135,455
244,455
375,455
396,455
72,456
277,457
280,458
280,370,458
6,459
18,459
19,459
22,459
5,74,263,459
89,459
118,459
135,459
219,459
324,459
357,459
408,459
151,460
191,461
368,461
54,462
114,462
272,462
110,463
212,463
0,464
1,464
3,464
4,464
7,464
8,464
4,9,464
10,130,464
11,464
12,464
15,464
17,464
19,464
20,464
21,330,464
29,464
31,60,236,464
32,464
34,397,406,448,464
35,464
41,464
42,464
43,464
44,464
45,464
46,209,464
12,49,190,244,446,464
50,464
54,62,464
56,464
59,464
61,464
62,464
63,464
64,464
66,464
68,464
69,144,464
70,464
74,464
75,396,464
77,464
85,464
86,464
98,464
103,408,464
107,464
108,464
113,464
116,464
36,118,464
119,464
120,155,464
121,464
123,464
25,124,155,326,464
135,464
137,464
143,464
144,239,376,464
156,464
123,158,448,464
161,464
30,123,169,464
170,464
175,464
176,464
177,464
190,464
199,367,464
205,464
209,464
213,464
215,464
216,464
219,464
223,464
224,464
169,229,349,464
236,464
237,464
244,464
266,464
282,464
285,464
294,464
297,464
299,464
304,464
313,464
315,464
326,389,464
330,464
357,464
365,464
367,464
373,464
375,464
378,464
389,464
396,464
397,406,464
400,464
402,464
403,464
406,464
408,464
410,464
304,413,464
414,464
416,464
424,464
434,464
70,199,448,464
85,116,135,137,244,245,396,455,464
459,464
68,465
96,190,465
416,465
354,466
195,467
7,59,382,468
188,326,389,469
225,469
262,469
336,469
262,389,469
421,469
161,470
191,470
118,236,470
368,470
461,470
456,471
393,472
141,233,473
8,11,474
24,42,474
40,474
89,474
119,474
132,474
146,474
168,474
323,474
349,474
137,396,474
408,474
416,474
312,396,475
206,476
433,476
23,203,236,477
99,478
19,479
351,480
55,237,481
145,482
196,482
0,483
1,483
3,483
4,330,483
5,483
6,483
7,483
8,483
4,9,236,483
10,483
11,483
12,483
14,483
15,119,483
17,322,483
18,89,119,229,483
19,483
20,483
21,483
22,244,483
24,483
25,483
26,483
29,483
33,229,483
18,35,483
36,483
37,483
41,483
43,483
45,483
51,483
56,483
57,255,483
59,483
62,483
64,483
65,448,483
68,483
69,483
0,74,483
75,483
69,76,483
77,483
78,483
82,483
89,483
90,483
93,483
96,483
103,483
110,483
111,483
114,483
77,90,115,161,408,483
118,483
119,483
120,483
121,483
122,483
123,483
129,483
130,483
26,135,136,483
141,483
144,483
158,396,483
159,483
161,190,483
165,483
167,483
169,483
190,483
191,483
193,483
199,483
204,483
209,483
215,236,483
216,483
219,483
229,483
233,483
137,209,236,483
252,483
262,483
277,483
282,483
12,287,483
223,294,464,483
303,483
326,483
209,330,483
16,45,347,483
349,483
359,483
367,483
71,248,369,375,483
389,483
185,396,483
401,483
406,483
408,483
410,483
117,277,416,483
422,483
74,431,483
434,483
437,446,483
440,483
446,483
77,159,367,446,448,483
457,483
219,459,483
9,236,464,483
162,484
209,484
448,485
32,486
476,487
12,488
41,488
67,488
190,488
7,489
15,59,489
42,489
62,489
218,489
375,489
396,489
0,89,490
3,490
4,490
5,490
7,490
9,490
10,490
11,490
12,68,209,490
14,490
15,490
18,490
19,490
25,490
26,490
28,490
41,490
46,490
48,490
13,59,69,229,490
68,490
22,75,490
77,490
18,89,431,451,490
90,490
98,490
100,239,490
103,490
115,490
118,490
120,490
121,209,490
123,490
135,490
139,490
144,490
147,490
150,490
5,107,118,159,490
161,215,490
168,490
169,490
184,490
41,93,136,209,408,490
215,490
224,490
229,490
236,490
239,490
243,490
75,103,244,348,490
259,490
261,490
264,490
271,490
278,490
280,490
282,490
302,490
326,490
328,490
330,490
349,490
354,429,466,490
367,490
373,490
375,490
100,239,376,418,490
378,490
387,490
396,490
406,490
408,490
169,410,490
42,262,416,490
376,418,490
168,428,490
429,490
431,490
458,490
285,464,490
354,466,490
483,490
60,491
51,492
9,493
18,494
43,494
149,494
170,494
199,494
224,494
236,494
353,494
161,367,494
190,495
272,495
470,496
354,497
429,497
490,497
13,498
62,498
103,498
144,498
199,498
330,498
408,498
303,499
351,499
351,480,499
319,500
209,236,501
394,501
193,502
60,503
36,504
41,504
115,504
155,504
209,504
303,401,504
351,480,504
416,504
446,504
303,351,480,499,504
483,504
490,504
499,504
80,505
183,505
310,505
0,4,506
1,506
3,506
5,506
6,506
9,506
10,506
12,49,506
17,506
22,506
24,506
29,130,209,506
34,506
36,42,506
40,506
41,506
42,506
50,506
57,104,254,483,506
61,506
63,506
24,73,127,506
74,506
79,506
85,506
86,245,506
87,506
99,506
108,506
113,506
116,506
119,506
120,506
121,408,506
130,506
131,245,506
135,506
144,506
158,506
159,506
169,506
170,506
171,506
172,506
181,506
205,506
207,506
32,37,120,175,209,323,416,506
215,506
217,506
225,506
229,506
232,506
209,236,506
215,244,506
245,445,506
9,262,506
282,446,506
299,506
325,326,506
326,506
330,506
338,506
375,506
378,506
30,71,81,266,389,506
396,506
397,506
406,506
408,506
424,506
326,431,506
448,506
454,506
459,506
464,506
488,506
490,506
0,507
25,30,35,416,507
41,490,507
82,507
215,507
410,507
174,508
95,509
201,509
236,509
309,509
379,509
472,510
417,511
30,188,512
30,144,513
35,513
5,396,514
18,514
20,514
28,514
31,514
42,514
59,514
119,514
121,514
123,514
190,514
209,238,514
213,514
217,506,514
236,514
146,209,260,408,409,416,504,514
315,514
378,514
400,514
402,514
406,514
123,444,514
464,514
506,514
435,515
59,516
219,464,517
483,518
7,519
16,519
18,519
19,519
22,519
41,519
113,519
118,519
209,519
326,519
414,519
15,520
135,520
89,166,451,520
15,218,520
236,520
253,520
369,375,520
396,520
489,520
9,521
15,521
33,250,521
53,59,521
42,81,132,144,521
135,521
141,521
161,521
41,169,521
174,521
176,521
192,521
209,521
229,521
236,521
244,521
20,25,40,70,262,416,521
326,521
404,521
408,521
397,448,521
21,464,521
490,521
69,522
123,522
215,522
229,522
330,522
416,522
20,236,464,522
77,483,522
9,490,522
52,523
92,524
106,524
332,524
92,363,524
243,525
0,12,264,282,490,525
328,378,490,525
337,525
243,490,525
243,526
525,526
144,527
322,410,527
470,528
62,529
75,529
149,529
187,529
224,529
396,529
489,529
39,135,530
35,531
345,531
375,531
154,532
157,533
195,533
41,229,534
249,534
371,534
103,236,348,535
365,536
448,536
0,537
1,537
2,416,537
3,537
1,5,537
6,537
7,537
8,537
1,9,537
10,537
11,35,537
12,537
13,537
14,537
15,537
16,537
17,209,396,537
18,537
22,537
24,537
25,229,537
28,537
29,537
30,537
35,537
36,389,469,537
37,396,537
38,537
39,537
40,537
41,537
42,537
43,537
46,537
50,537
53,537
54,537
35,59,537
62,537
63,537
66,537
69,537
70,537
74,537
83,537
85,537
86,537
89,537
90,537
93,537
98,537
10,63,103,537
108,537
110,537
115,537
118,537
119,537
120,537
121,537
124,537
130,537
132,537
135,537
141,537
144,537
146,537
155,537
156,537
11,161,537
163,537
166,537
169,537
34,38,49,171,229,375,506,537
172,537
176,537
177,266,464,537
12,181,537
184,537
190,537
197,537
198,537
199,537
37,209,537
210,537
213,537
215,537
216,537
217,537
219,537
185,223,236,537
228,537
229,537
236,537
244,537
245,537
252,537
258,537
260,537
262,537
266,389,537
275,537
40,281,537
282,537
297,537
299,537
21,43,49,296,322,396,537
326,537
325,330,537
334,537
338,537
11,16,340,537
342,537
8,349,537
367,537
375,537
390,537
396,537
402,537
406,537
408,537
409,537
410,537
416,537
431,537
434,537
448,537
459,537
464,537
474,537
483,537
490,537
498,537
506,537
514,537
521,537
194,538
319,539
319,500,539
392,540
172,235,541
73,542
127,542
39,537,543
94,543
200,543
289,543
530,543
32,486,544
226,545
0,546
1,546
3,546
5,546
6,546
7,546
8,546
9,521,546
10,546
11,546
12,546
13,15,546
15,144,546
16,546
17,546
12,18,229,546
19,546
20,546
21,546
22,546
24,424,546
25,546
26,546
28,546
29,118,546
35,546
36,546
38,546
41,546
42,546
43,282,546
45,546
48,546
50,546
52,546
59,546
62,546
64,546
65,546
68,546
70,546
74,546
75,490,529,546
77,546
78,546
82,546
84,546
88,355,546
89,546
90,546
92,546
95,546
100,546
103,546
106,546
108,199,546
109,546
118,546
119,546
120,546
121,546
130,546
135,546
141,546
144,546
155,546
156,546
158,546
159,546
161,546
17,169,266,282,546
172,546
176,546
178,546
184,546
190,546
197,546
199,546
201,546
208,546
4,27,58,209,285,464,546
215,236,537,546
219,357,483,546
223,546
224,546
229,546
230,546
234,546
236,546
144,239,546
252,546
253,546
262,546
265,546
266,546
81,282,546
301,432,546
304,546
161,309,375,546
312,475,546
16,45,266,316,546
320,546
322,546
326,546
329,546
330,546
92,332,546
109,335,546
342,546
349,546
357,546
367,546
342,372,546
375,546
376,546
379,546
386,546
396,546
399,546
408,546
410,546
413,546
416,546
418,546
424,546
431,546
432,546
434,546
446,546
448,546
454,546
459,546
464,546
465,546
122,209,483,546
490,546
498,546
506,546
95,509,546
517,546
519,546
521,546
537,546
284,547
148,206,548
257,548
267,548
62,549
424,550
464,550
0,551
3,551
5,551
8,551
3,9,551
11,16,89,551
12,68,551
15,551
19,551
20,551
24,551
25,551
26,199,209,288,551
15,28,551
29,551
32,551
33,551
41,551
42,551
49,551
57,551
70,551
73,551
78,551
79,551
80,551
82,551
89,551
97,551
98,551
108,551
113,551
119,551
118,120,427,551
126,551
129,551
130,551
132,551
57,135,367,551
141,551
144,551
148,551
151,551
155,551
169,551
170,551
178,551
152,181,229,551
183,551
96,114,190,215,408,551
192,551
199,551
206,551
35,209,551
229,551
233,551
236,551
244,551
265,551
59,282,551
303,551
311,364,551
312,475,551
330,551
3,339,551
340,551
354,551
367,551
373,551
374,551
375,551
0,229,396,551
401,551
406,551
408,551
20,25,330,414,483,551
431,551
434,551
435,551
441,551
448,551
464,551
233,473,551
483,551
121,490,551
498,551
506,551
519,551
521,551
537,551
546,551
540,552
226,553
208,554
234,554
392,555
540,555
552,555
11,285,556
209,557
394,557
501,557
13,558
15,558
44,50,367,558
78,558
123,558
149,558
224,558
42,396,558
464,558
489,558
529,558
12,559
15,559
41,559
130,559
158,559
399,559
408,559
95,546,559
380,560
276,561
0,562
7,562
8,562
12,562
13,562
14,120,562
4,25,89,229,562
35,562
37,562
43,562
69,76,562
81,562
89,562
119,562
120,562
122,562
123,562
135,562
144,562
147,562
155,562
161,562
169,562
190,562
215,562
253,562
282,562
253,296,305,562
143,326,562
330,562
387,562
396,562
408,562
431,562
448,562
464,562
431,483,562
489,562
418,431,490,562
166,520,562
522,562
224,529,562
537,562
80,551,562
347,563
100,564
150,564
243,564
261,564
264,564
278,564
280,564
243,328,564
168,490,564
525,564
546,564
23,565
4,566
27,566
45,566
57,566
118,566
155,566
209,566
236,566
374,566
415,566
31,43,50,434,566
1,567
3,567
13,567
15,567
120,567
121,567
15,123,567
130,567
149,529,558,567
156,567
175,567
209,567
224,567
236,567
408,567
464,567
489,567
529,567
551,567
15,558,567
148,206,568
151,568
206,568
220,568
267,568
269,568
279,568
405,568
267,433,568
476,568
548,568
551,568
158,569
292,439,570
317,570
439,570
62,571
103,571
498,546,571
190,572
272,572
271,573
119,574
1,575
3,339,575
9,575
13,575
17,575
20,575
21,575
26,575
30,575
36,118,416,575
43,575
45,575
50,506,575
54,575
62,575
77,575
78,575
79,575
84,575
89,575
96,575
103,575
106,575
41,112,211,275,390,575
130,575
135,575
144,575
156,575
169,575
48,199,302,490,575
211,575
215,244,575
224,494,546,558,575
230,575
236,575
262,575
275,575
274,277,575
301,575
303,575
304,575
305,575
320,575
330,575
367,575
378,575
390,537,575
396,575
399,575
406,575
408,575
413,575
416,575
432,575
448,575
224,464,567,575
483,575
215,490,575
494,575
408,498,575
537,575
0,18,144,546,575
558,575
203,576
203,477,576
221,577
8,578
0,579
1,579
2,579
3,579
4,579
5,579
6,579
7,579
8,579
10,579
11,579
14,579
15,579
16,579
17,579
18,579
19,579
20,579
21,579
22,579
25,396,464,579
28,579
29,579
30,579
36,579
38,579
0,41,579
42,579
43,579
44,579
45,579
59,579
62,330,579
64,579
69,579
70,103,579
74,579
75,579
76,416,579
89,579
98,579
100,579
103,579
113,579
119,579
120,579
121,579
122,579
130,579
119,132,579
133,330,448,579
135,579
144,488,506,579
150,579
156,579
161,579
120,164,194,579
165,579
166,579
45,169,579
172,579
194,579
199,579
208,579
209,579
215,579
229,579
112,236,579
239,579
243,579
244,579
0,247,579
252,579
259,579
261,579
262,579
264,579
266,579
271,579
278,579
280,579
282,579
26,288,579
303,579
322,579
74,324,459,579
326,579
328,579
330,579
337,579
99,338,506,579
342,579
348,579
367,579
372,579
375,579
376,579
378,579
388,579
396,579
406,579
408,579
410,579
416,579
418,579
162,198,448,579
451,579
458,579
459,579
464,579
119,474,579
479,579
483,579
490,579
87,506,579
519,579
522,579
525,579
526,579
348,535,579
537,579
546,579
261,564,579
567,579
20,378,558,575,579
244,580
0,10,581
6,581
7,581
9,581
10,581
11,581
15,537,581
18,581
19,144,581
25,581
41,581
42,581
51,581
59,581
70,581
89,581
98,236,551,581
100,581
103,546,581
105,581
118,581
119,581
120,130,326,562,581
123,567,581
130,581
132,581
144,581
150,581
156,581
161,581
208,581
209,581
236,581
243,581
259,581
261,581
262,266,581
264,581
109,265,335,546,581
275,575,581
278,581
280,581
303,581
328,581
330,581
349,581
354,581
366,581
367,581
373,581
375,581
378,581
410,507,581
429,581
431,581
448,581
464,581
483,581
489,581
490,581
497,581
525,581
526,581
537,581
546,581
551,581
558,581
100,264,490,564,581
567,581
6,208,406,579,581
186,582
67,167,238,582
7,9,583
0,10,103,583
163,583
210,583
537,583
98,584
345,584
375,584
73,585
542,585
3,586
168,587
428,587
1,483,588
3,588
4,588
5,588
6,588
7,588
8,588
9,588
10,588
11,588
15,588
16,588
18,588
24,588
25,588
30,103,144,156,588
33,588
37,588
39,588
40,588
41,408,588
42,588
43,588
49,588
53,588
59,588
60,242,588
64,588
69,588
70,162,588
74,588
77,588
78,588
83,588
89,588
90,588
92,588
98,588
103,588
105,588
84,106,588
108,588
118,588
119,588
15,120,588
121,588
124,588
133,448,579,588
134,588
135,588
137,588
138,588
144,588
155,588
156,588
66,157,588
159,446,588
161,588
166,588
169,588
175,588
178,588
181,588
182,588
185,588
190,588
18,66,199,282,588
209,588
215,588
226,588
229,588
60,231,331,588
36,68,236,416,588
244,588
245,588
10,55,248,588
253,588
262,588
281,588
282,588
290,588
304,588
305,588
323,588
326,588
190,329,588
108,330,408,588
332,588
345,588
363,588
367,588
375,588
396,588
404,588
406,588
407,588
130,408,581,588
410,588
413,588
415,588
416,588
431,588
432,588
434,588
435,515,588
446,588
448,588
388,410,451,537,579,588
464,588
474,588
483,588
488,588
489,588
490,588
504,588
506,588
520,588
521,588
522,588
92,524,588
537,588
546,588
551,588
566,588
575,588
579,588
42,581,588
164,589
194,589
3,590
135,169,590
396,590
64,483,590
520,590
362,591
15,592
161,592
224,592
271,592
413,592
428,592
490,592
12,593
77,593
41,112,161,275,367,593
130,341,594
278,595
212,596
111,597
33,598
250,598
144,599
160,599
160,246,599
26,600
35,600
62,600
78,600
139,224,236,600
211,600
271,304,413,592,600
282,600
302,367,600
312,600
387,600
3,396,416,600
490,600
562,600
575,600
6,601
60,601
390,602
146,260,409,537,603
304,604
10,605
15,330,605
16,605
26,103,605
29,605
34,605
36,41,605
37,605
10,55,605
19,59,605
65,605
64,74,605
77,209,605
87,605
93,605
108,605
118,605
119,605
129,605
135,605
141,605
144,605
161,605
169,605
172,605
174,605
176,605
181,605
190,605
202,605
205,605
215,605
224,605
253,296,605
262,605
296,605
297,605
305,605
326,605
330,605
396,605
406,605
431,605
435,605
441,605
11,446,605
448,605
483,605
490,605
506,605
520,605
521,605
181,537,605
62,546,605
551,605
562,605
304,399,575,588,605
588,605
80,283,310,505,606
310,606
154,291,423,532,607
163,608
185,608
375,608
380,609
254,610
198,611
292,611
570,611
15,612
20,120,612
25,612
236,612
483,612
289,613
13,614
42,614
59,614
12,615
376,616
89,617
12,69,416,617
278,618
278,595,618
114,619
272,619
56,483,620
143,620
464,620
533,621
376,622
616,622
21,103,169,413,464,592,623
35,36,262,624
271,624
349,624
367,624
360,625
189,222,626
15,627
168,627
413,627
428,627
490,627
546,627
587,627
588,627
592,627
60,628
120,628
503,628
11,629
285,629
369,629
583,630
110,631
24,632
130,633
380,609,634
473,635
361,636
145,637
3,586,638
5,638
6,638
7,638
8,638
10,638
11,551,638
12,638
15,638
17,638
18,638
19,638
20,638
25,638
26,638
27,638
29,638
32,120,172,638
33,638
35,638
36,266,638
37,638
41,638
42,638
43,120,638
45,638
48,638
50,638
53,638
56,638
59,638
62,638
68,77,108,605,638
25,41,70,162,209,588,638
77,638
78,638
84,638
90,638
93,638
98,638
101,638
103,638
108,638
115,638
118,638
119,638
120,638
126,638
132,638
135,638
141,638
144,638
145,638
147,638
149,638
155,638
158,638
159,638
161,416,638
166,638
169,638
170,638
176,638
178,638
181,638
185,638
190,638
159,191,638
196,638
199,638
208,638
209,638
213,514,638
215,638
42,103,217,282,474,537,638
221,638
224,638
181,229,638
236,349,638
11,75,244,638
248,638
253,638
256,638
266,638
271,638
282,638
290,638
295,638
296,638
297,638
303,638
18,29,41,307,605,638
314,638
315,638
319,638
325,638
326,396,638
330,638
302,349,638
303,351,638
353,638
361,638
367,638
368,638
378,638
383,638
396,638
213,400,638
401,638
408,638
169,416,638
277,422,638
44,236,434,638
161,437,638
11,446,638
448,638
461,638
464,638
470,638
96,483,638
19,69,236,418,490,638
494,638
496,638
504,638
506,638
514,638
521,638
528,638
529,638
537,638
219,537,546,575,638
5,26,551,638
558,567,638
107,434,566,638
567,638
43,448,575,638
579,638
588,638
605,638
145,637,638
493,639
19,640
20,640
28,640
41,640
42,640
60,640
74,640
95,282,640
106,640
135,640
181,640
118,190,640
199,640
201,640
208,640
262,640
266,640
208,309,640
61,285,375,408,640
416,640
464,640
534,640
546,640
551,640
588,640
612,640
163,641
8,642
25,642
29,642
52,642
118,642
155,642
176,642
199,642
330,642
367,642
396,642
406,642
448,642
454,642
464,642
523,642
546,642
20,643
70,643
119,643
574,643
163,644
228,644
406,644
537,644
36,645
78,645
106,645
519,645
68,349,408,459,546,588,645
575,645
638,645
304,646
588,646
604,646
280,647
328,525,647
490,647
120,648
215,648
76,649
45,650
152,650
506,651
4,452,652
504,653
637,653
575,638,653
493,654
1,655
9,655
10,655
15,655
17,120,537,655
18,655
19,655
20,655
25,655
26,655
28,655
30,655
32,655
35,655
36,655
37,655
41,655
43,103,655
49,655
57,655
68,655
74,655
77,655
83,655
89,655
93,655
99,655
59,103,169,282,655
108,655
110,655
112,655
119,330,655
120,655
121,655
11,12,130,655
132,655
71,135,655
136,655
144,655
161,655
163,655
164,655
169,655
171,655
118,190,655
199,655
143,209,238,464,655
112,211,575,655
216,655
229,655
236,655
241,655
244,655
254,655
255,655
261,655
262,655
265,655
271,655
132,282,655
293,655
294,655
349,655
367,655
44,375,655
5,119,378,490,655
396,655
205,406,464,655
408,655
410,655
416,655
144,431,655
435,655
442,655
448,655
454,655
464,655
466,655
483,655
120,490,655
506,655
30,35,513,655
521,655
40,42,281,537,588,655
551,655
562,655
575,655
579,655
265,581,655
627,655
638,655
643,655
29,656
1,657
6,657
17,657
22,657
27,657
35,657
41,506,657
45,464,588,657
50,657
62,657
78,657
83,657
95,657
112,657
115,159,657
123,483,657
25,42,135,229,657
155,657
161,657
166,657
167,657
170,657
199,657
236,266,657
248,506,588,657
266,657
275,657
134,166,290,588,657
330,657
347,657
347,359,657
396,657
434,657
437,657
483,657
489,657
506,657
521,657
537,657
33,441,551,657
558,657
25,562,657
50,567,581,638,657
581,657
120,588,657
36,638,657
655,657
6,658
2,9,83,658
15,658
23,203,658
25,658
33,658
51,658
57,658
70,658
70,126,229,658
134,658
135,658
199,658
215,658
236,658
108,216,253,408,464,490,588,605,658
255,658
215,244,282,658
295,658
296,658
305,658
330,658
345,658
235,375,658
218,396,658
449,658
15,520,658
546,658
551,658
562,658
89,579,658
584,658
588,658
605,658
612,658
638,658
309,640,658
452,659
228,660
271,661
338,661
448,661
485,661
537,661
0,662
1,6,662
17,662
20,662
22,662
25,662
33,662
9,42,662
43,662
59,662
69,662
71,662
75,662
78,662
83,662
93,662
103,662
113,662
43,119,662
129,662
132,662
134,396,662
135,662
161,662
166,662
214,662
59,215,662
236,662
250,662
261,662
262,662
264,662
271,428,592,627,662
280,662
282,662
295,448,658,662
303,662
312,662
328,662
330,662
370,458,662
375,662
378,662
414,662
451,662
458,662
209,229,490,662
504,662
521,638,662
537,662
551,662
562,662
564,662
575,662
579,662
33,598,662
600,662
181,223,464,605,662
638,662
655,662
20,25,135,612,658,662
410,663
17,664
22,664
32,664
155,664
169,664
282,664
448,664
459,664
11,285,369,665
172,665
638,665
87,666
411,667
355,668
533,669
394,670
0,671
1,671
6,671
7,330,671
10,671
13,562,671
18,671
19,671
29,244,671
42,144,671
43,671
50,671
59,671
62,123,464,490,671
63,671
65,671
28,90,350,431,671
103,671
108,671
113,671
119,671
120,671
15,130,551,671
141,671
161,671
169,671
199,671
229,671
253,671
282,671
378,671
396,474,605,671
498,671
507,671
529,671
546,671
571,671
579,671
588,671
20,655,671
143,620,672
326,672
378,672
396,672
662,672
368,461,470,528,638,673
470,673
150,674
426,675
275,676
228,677
660,677
440,483,678
8,679
10,679
34,679
37,679
34,55,679
61,679
118,679
119,181,236,679
25,181,367,679
215,266,679
237,679
244,367,679
251,679
61,187,224,296,396,679
330,679
237,251,343,679
506,679
605,679
322,680
537,680
579,680
196,681
3,448,521,682
6,244,682
10,682
11,682
13,682
22,244,682
37,682
41,682
42,682
62,682
63,682
65,682
77,682
90,159,682
103,581,682
118,682
119,682
123,682
132,682
3,135,682
141,682
159,682
161,682
169,682
181,682
190,682
191,682
78,209,682
223,682
229,682
249,682
252,682
262,682
124,266,682
271,682
282,682
302,682
309,682
326,682
349,682
367,682
371,682
62,375,682
408,682
415,682
190,209,416,682
431,682
434,682
464,682
120,474,537,682
483,682
490,682
41,534,682
537,682
74,546,682
70,551,682
588,682
605,682
185,638,682
640,682
71,683
222,684
321,684
114,685
10,686
47,686
155,562,686
443,686
1,687
21,78,687
27,58,282,687
34,687
43,330,687
59,687
101,687
120,687
155,687
180,687
209,687
236,687
237,687
406,687
415,687
434,687
171,537,687
42,688
50,688
378,688
434,588,688
36,103,108,671,688
452,689
659,689
18,690
52,690
199,690
244,690
367,690
95,282,640,691
509,691
1,692
30,692
32,108,692
102,692
112,692
3,121,692
149,638,692
224,692
236,692
396,692
464,692
489,692
506,692
514,692
567,692
575,692
41,655,692
657,692
164,693
194,448,538,693
538,693
616,694
622,694
299,695
381,696
150,697
579,697
674,697
0,698
1,698
2,698
3,698
5,181,698
4,6,59,244,349,655,698
8,698
9,698
11,698
12,698
15,698
16,209,698
17,698
18,494,698
10,19,698
20,43,698
21,698
22,698
24,698
25,698
26,698
28,546,698
29,698
30,698
35,698
40,190,546,698
41,698
43,698
46,63,396,408,698
50,698
54,698
59,698
66,408,698
70,161,698
74,698
75,698
89,698
93,698
96,575,698
98,588,698
100,215,330,579,642,698
103,698
113,698
118,698
119,698
120,698
123,698
132,698
135,698
136,169,698
137,698
139,698
144,698
150,698
155,698
161,698
169,698
175,698
178,698
181,698
190,698
199,698
209,698
9,210,698
215,698
216,698
219,698
223,698
224,698
225,698
223,229,349,698
236,698
144,239,698
243,698
244,698
253,698
259,581,698
261,698
264,698
272,698
278,698
280,698
282,698
302,698
130,303,483,698
304,698
312,551,698
324,431,698
215,326,698
328,698
330,698
264,337,579,698
349,698
367,698
375,698
378,671,698
389,698
396,698
408,698
414,698
416,698
424,698
209,442,698
414,448,698
459,698
464,698
465,698
475,698
483,698
243,278,373,490,698
190,495,698
506,698
507,698
519,698
404,521,698
522,698
525,698
526,698
529,698
537,698
546,698
551,698
147,489,558,562,698
562,698
546,564,698
572,698
574,698
579,698
581,698
9,583,698
588,698
605,698
619,698
630,698
638,698
640,698
643,698
655,698
661,698
662,698
671,698
682,698
479,699
135,579,699
8,700
0,36,700
367,446,483,700
0,701
9,701
10,701
11,701
15,701
41,701
42,701
76,701
122,701
221,577,701
236,701
268,701
285,701
307,701
375,701
483,701
551,701
556,701
577,701
579,701
588,701
612,701
629,701
77,638,701
640,701
658,701
135,209,702
557,702
0,703
158,703
338,703
352,703
32,119,448,450,703
84,106,178,320,432,575,704
284,704
547,704
8,551,705
700,705
252,706
282,706
408,498,551,706
546,706
551,706
385,707
471,708
21,709
59,709
161,709
210,709
229,709
304,709
470,709
483,709
28,710
0,711
1,9,711
2,711
3,711
4,59,229,271,299,302,408,430,483,490,711
5,711
6,118,123,416,483,581,698,711
7,711
8,711
9,262,711
10,711
10,11,408,711
12,711
13,711
14,711
15,711
16,711
17,711
18,711
19,711
22,75,711
24,711
25,658,711
26,711
27,282,711
28,711
32,711
33,551,711
10,34,326,711
35,711
35,36,711
38,711
40,526,698,711
41,711
12,42,711
43,711
44,711
45,638,711
48,711
52,711
53,711
54,330,711
55,711
56,711
57,104,711
58,711
59,711
61,711
63,711
64,711
0,65,682,711
66,711
69,120,537,711
71,711
19,74,711
45,75,229,698,711
76,711
77,711
79,711
83,711
84,711
85,711
87,711
38,89,431,711
90,711
91,711
93,711
95,711
96,209,711
98,375,711
103,236,711
41,89,108,588,711
109,711
110,711
115,711
116,711
118,375,711
119,711
120,551,579,711
122,711
124,711
130,711
133,711
134,711
135,711
136,711
141,334,711
143,464,711
144,711
146,711
148,568,711
152,711
155,711
158,330,711
159,711
161,711
164,711
166,711
167,711
169,711
172,711
175,711
176,711
181,711
185,215,258,330,588,711
186,711
190,711
194,711
118,197,234,375,537,711
199,711
201,711
205,397,711
208,711
146,209,711
43,215,711
215,216,698,711
64,219,711
223,711
224,711
228,660,677,711
229,711
230,711
234,711
236,711
238,711
244,711
248,711
252,711
260,711
25,262,330,711
265,711
266,711
271,711
275,711
282,711
290,711
294,711
297,711
298,711
299,711
230,301,711
303,711
253,305,396,711
239,309,376,490,546,711
314,711
318,711
320,711
322,711
324,711
41,326,711
330,711
338,711
347,408,711
348,711
349,711
350,711
357,711
367,711
375,711
378,711
379,711
386,711
164,388,711
389,711
390,602,711
396,711
399,711
404,711
406,711
408,711
410,711
262,416,711
424,711
90,426,711
431,711
432,711
434,711
435,588,711
437,711
442,711
446,711
448,711
450,711
451,711
454,711
459,711
43,464,711
89,474,711
483,711
486,711
48,144,262,490,711
504,711
506,711
507,711
509,711
514,711
435,515,711
519,711
33,521,711
535,579,711
537,711
538,693,711
544,711
546,711
551,711
554,711
562,711
567,711
575,711
579,711
581,711
186,209,582,711
588,711
589,711
593,711
602,711
605,711
608,711
282,638,711
19,266,640,711
367,448,642,711
644,711
649,711
650,711
655,711
657,692,711
661,711
662,711
664,711
671,711
672,711
679,711
682,711
690,711
691,711
693,711
695,711
188,225,698,711
701,711
703,711
0,712
1,712
5,712
8,326,712
9,712
10,712
11,712
15,712
18,712
21,712
41,712
44,712
52,712
54,712
57,712
90,446,712
95,712
103,712
105,712
114,712
120,712
123,712
159,446,712
164,712
169,712
185,712
190,712
199,712
210,712
229,712
244,712
253,712
265,712
271,712
282,712
302,712
305,712
330,712
367,712
371,712
388,579,712
396,712
400,712
402,712
408,712
431,712
464,712
483,712
280,490,600,712
523,712
534,712
37,537,712
551,712
578,712
581,712
588,712
638,712
642,712
658,712
328,662,712
671,711,712
682,712
685,712
690,712
698,712
700,712
709,712
711,712
596,713
459,714
24,715
0,716
1,716
2,716
3,716
2,5,716
6,48,716
7,716
8,716
3,9,581,716
10,581,716
11,716
12,716
13,716
15,20,326,612,716
16,716
17,716
18,716
19,44,711,716
20,716
21,716
24,716
25,716
26,716
27,716
28,716
29,537,716
30,716
32,716
35,716
36,716
37,716
40,716
41,716
42,716
43,716
44,716
45,716
51,716
53,190,716
54,716
56,716
59,262,716
60,716
62,716
64,74,716
66,209,464,716
67,88,142,209,238,546,716
68,716
69,716
70,716
71,266,282,389,716
73,716
65,74,716
75,716
78,716
82,716
83,716
84,716
88,448,716
89,716
90,716
92,716
93,716
95,716
96,716
98,716
100,716
103,716
106,645,716
107,716
42,108,716
109,335,716
112,716
113,716
117,716
118,490,716
119,716
120,716
122,375,562,716
42,123,716
128,716
130,716
132,716
135,716
136,716
139,716
78,144,716
150,716
151,716
152,716
155,303,446,504,716
156,716
161,716
166,716
167,716
169,241,655,716
170,716
176,716
178,716
179,716
181,716
182,716
184,716
186,416,716
12,190,716
198,716
66,98,199,716
209,716
210,716
211,716
215,716
221,716
223,408,716
224,716
226,716
228,716
229,716
230,432,716
236,716
238,716
239,490,716
243,716
103,209,244,716
253,588,716
99,255,716
259,716
261,716
262,716
264,581,716
266,716
271,716
274,277,716
112,275,716
277,716
278,716
280,716
282,716
292,716
296,716
297,716
301,716
271,302,716
304,716
305,716
317,716
320,716
322,716
325,716
326,716
328,716
330,716
341,716
266,347,716
349,716
354,716
67,355,716
359,483,716
366,716
367,716
370,716
170,373,551,716
375,716
376,490,716
396,716
399,716
406,716
407,716
408,716
410,579,716
413,716
30,416,716
421,716
422,716
429,716
431,716
432,716
436,716
292,439,716
129,448,483,716
458,716
459,716
464,716
470,716
474,716
483,716
486,711,716
489,716
0,236,490,716
494,716
497,716
506,716
507,716
514,716
414,519,716
520,716
106,524,716
529,716
537,716
544,716
546,716
551,716
558,716
562,716
563,716
564,716
15,567,716
570,716
575,716
579,716
7,567,581,716
582,716
588,716
590,716
592,716
600,716
605,716
611,716
627,716
638,716
640,716
642,716
644,716
575,645,716
650,716
655,716
657,716
662,716
664,716
668,716
671,716
674,716
679,716
579,680,716
682,716
687,716
692,716
697,716
698,716
15,701,716
709,716
28,431,546,710,716
711,716
199,244,712,716
715,716
15,717
36,717
95,396,717
103,717
115,437,717
124,717
144,717
169,717
209,717
5,229,717
303,717
351,480,717
370,717
375,717
431,717
480,717
499,717
504,717
520,717
588,717
612,717
642,717
658,717
662,717
711,717
8,718
11,718
12,718
13,718
16,718
20,718
27,718
31,718
32,718
36,718
14,38,718
29,41,43,130,716,718
42,718
43,718
17,59,141,718
72,718
74,718
77,718
84,718
91,718
92,718
26,93,718
103,718
106,718
108,718
119,718
121,718
123,718
124,718
135,718
7,143,718
144,546,718
147,718
148,718
156,718
169,718
171,718
209,718
199,215,546,718
223,718
229,718
235,375,398,718
8,12,236,718
41,249,718
266,718
280,718
172,282,718
297,718
326,718
330,718
244,367,718
371,718
375,718
396,718
408,718
410,718
432,718
442,718
448,718
458,718
459,718
464,718
489,718
490,718
499,718
506,718
514,718
520,718
534,718
537,718
235,541,718
546,718
148,551,718
558,718
562,718
567,718
103,571,671,718
575,718
526,581,718
78,588,718
12,593,718
655,718
657,718
671,718
123,682,718
692,718
698,718
711,718
712,718
716,718
103,717,718
18,59,345,719
531,719
228,716,720
228,660,720
148,721
268,722
157,723
195,723
533,723
621,723
669,723
212,724
24,725
176,725
223,725
7,726
38,726
93,726
169,726
171,726
330,726
490,726
541,726
718,726
164,388,727
508,728
572,729
118,730
5,29,81,135,282,326,658,730
159,546,730
172,379,546,730
201,711,730
208,730
234,730
309,730
379,730
483,730
579,730
682,730
1,691,711,730
0,731
6,731
8,731
15,731
17,731
20,731
24,731
25,731
26,731
30,731
36,731
42,731
44,731
50,170,731
51,731
56,731
62,731
63,731
64,711,731
66,698,731
70,731
83,731
89,731
98,731
20,28,103,731
113,731
90,115,731
120,731
123,490,731
130,731
9,135,731
143,731
145,731
149,731
152,266,347,429,716,731
158,731
163,731
164,388,712,731
170,731
196,731
199,731
205,731
209,731
211,731
215,731
178,224,546,731
229,731
236,731
253,731
264,731
271,731
282,731
288,731
296,731
314,731
326,731
327,731
330,731
367,731
378,731
390,731
396,416,731
406,731
408,731
413,731
416,731
448,698,731
280,458,731
464,731
474,731
482,731
25,57,75,103,120,236,464,483,546,731
490,731
492,731
494,731
498,546,731
506,731
537,731
88,355,546,731
566,731
567,731
1,575,731
579,731
525,581,731
588,731
600,731
143,620,731
638,731
642,731
650,731
655,731
658,731
662,731
1,671,731
672,731
3,698,731
711,731
716,731
481,732
550,733
74,734
236,734
263,734
25,735
181,735
588,735
260,736
13,737
19,737
103,113,737
119,737
130,737
159,737
161,737
166,737
248,737
266,737
282,737
287,737
349,737
65,367,737
408,737
410,737
22,483,490,737
546,737
396,431,655,737
657,737
698,737
697,738
596,739
11,740
63,741
476,742
507,743
144,744
160,744
144,246,416,744
599,744
22,745
30,745
36,745
118,745
26,135,745
262,745
389,745
424,464,745
469,745
394,746
4,747
7,747
9,17,747
10,747
12,747
14,747
17,747
18,747
24,747
25,747
26,747
27,747
43,747
49,118,747
59,747
62,747
65,130,135,747
42,70,747
74,747
38,89,747
98,747
101,256,747
3,118,747
119,747
120,747
121,747
130,747
161,747
168,747
169,747
209,747
213,747
216,464,747
217,330,638,747
256,319,361,747
110,282,483,747
305,581,588,712,747
315,747
326,330,747
330,747
345,747
361,747
375,747
396,747
397,464,747
400,747
402,747
406,747
416,747
428,747
431,747
440,747
446,747
46,448,747
454,747
464,747
483,747
490,747
181,506,747
514,747
520,747
537,747
546,747
571,747
43,575,747
428,587,747
588,747
15,271,302,490,592,655,682,747
587,627,747
638,747
642,747
172,252,537,682,747
687,747
692,747
698,747
711,747
712,747
716,747
464,731,747
360,748
129,749
63,229,749
8,750
367,750
700,750
705,750
459,751
711,751
714,751
35,752
440,753
747,753
0,65,74,754
1,754
3,754
4,754
5,754
8,474,754
9,546,754
10,754
12,25,754
13,754
1,14,754
15,754
16,244,754
18,754
19,754
25,754
27,754
30,754
31,754
32,754
34,754
35,754
38,754
41,754
42,754
45,754
53,754
55,754
57,754
58,754
59,75,244,754
66,754
70,754
75,716,754
78,575,754
81,754
89,754
98,754
100,754
103,754
105,754
108,754
118,754
119,754
120,754
121,754
123,366,754
130,754
132,416,754
135,754
136,754
140,754
141,754
144,754
155,754
157,754
161,754
163,754
169,754
172,754
174,754
178,754
181,754
182,754
184,754
190,209,408,754
192,441,754
144,199,754
209,754
210,754
213,638,754
120,215,754
224,754
228,716,754
229,754
230,754
236,754
241,754
248,754
43,59,262,345,562,747,754
265,754
266,754
271,754
282,754
299,754
301,754
303,754
312,754
315,754
316,754
320,754
326,754
330,754
340,754
341,754
345,754
367,754
374,754
375,754
396,754
402,754
406,754
408,754
413,754
416,754
422,754
431,754
432,754
435,754
441,754
442,754
446,754
448,754
464,754
475,754
483,754
490,754
6,506,754
514,754
515,754
521,754
531,754
533,754
537,754
130,546,754
551,754
566,754
575,754
579,754
581,754
583,754
1,588,754
592,747,754
593,754
594,754
600,754
10,605,754
630,754
633,754
638,754
640,754
644,754
396,643,655,754
658,754
660,754
662,754
671,754
677,754
692,754
698,754
701,754
711,754
712,754
489,716,754
718,754
723,754
731,754
747,754
242,755
242,270,393,755
344,393,755
393,755
472,755
510,755
0,551,756
1,756
2,756
3,756
4,754,756
5,70,756
6,671,756
7,756
8,756
9,756
1,10,756
11,756
12,756
14,756
15,756
16,756
3,18,756
19,756
20,756
21,756
22,756
24,756
25,612,756
26,756
27,756
29,756
32,756
0,33,126,169,303,435,551,711,756
34,756
35,756
36,756
39,756
40,756
41,756
42,756
43,236,756
44,108,282,756
46,756
49,756
50,756
51,756
52,756
53,756
54,756
55,756
56,756
57,756
58,756
59,756
42,61,181,756
66,756
69,756
70,756
73,756
0,9,74,756
75,756
77,464,756
78,756
81,85,756
83,120,756
84,756
85,756
86,506,756
89,119,756
90,756
92,756
93,756
95,756
96,756
98,756
103,756
106,320,756
109,756
113,756
114,756
115,756
118,756
119,756
41,120,756
123,756
124,756
126,756
127,756
130,756
132,756
134,756
135,756
136,756
137,756
139,756
141,756
143,756
144,756
145,756
149,756
155,756
156,546,756
115,159,756
161,756
165,756
166,756
169,756
170,756
175,756
176,408,546,756
178,756
12,181,282,330,756
182,756
187,756
144,190,756
191,756
192,756
196,756
199,756
201,756
167,209,756
210,756
213,756
215,756
221,756
223,756
224,756
229,756
230,756
235,756
236,756
244,756
248,756
249,756
252,756
253,756
262,756
266,756
268,756
271,756
275,756
282,756
18,291,579,756
295,756
296,756
297,756
299,756
301,756
11,84,103,172,271,282,302,638,756
0,303,551,756
304,756
305,756
307,701,756
312,551,756
315,400,756
320,756
323,756
326,756
330,756
338,756
22,342,756
345,756
349,756
350,756
303,351,754,756
363,756
366,756
367,718,756
368,756
371,756
372,756
374,756
61,375,446,756
378,756
383,756
387,756
389,756
396,756
398,756
399,756
400,756
403,756
404,756
26,157,195,216,408,533,756
11,16,229,410,448,756
413,756
416,756
424,464,756
426,756
431,756
432,756
434,546,756
446,756
448,756
454,756
81,455,756
459,756
461,756
464,756
470,756
480,756
482,756
121,483,756
11,490,698,756
492,756
494,756
495,756
496,756
499,756
504,756
506,756
514,756
519,756
520,756
521,756
522,567,579,756
523,756
524,756
528,756
529,756
530,756
531,756
534,756
537,756
541,756
542,756
546,756
551,756
558,756
562,756
567,756
575,756
29,579,756
581,756
583,756
584,756
73,585,756
588,756
590,756
592,756
593,756
600,756
605,756
617,756
620,756
637,638,756
638,756
640,756
642,756
655,756
656,756
657,756
658,756
662,756
664,756
671,756
378,672,756
673,756
679,756
680,756
681,756
682,756
687,756
692,756
698,756
701,756
709,756
711,756
199,712,756
716,756
717,756
718,756
531,719,756
722,756
725,756
726,756
731,756
745,756
712,747,756
754,756
1,118,176,186,236,238,326,416,521,588,711,757
136,215,408,758
257,759
124,760
380,761
609,761
634,761
6,762
527,763
48,199,764
161,244,765
452,652,766
85,108,506,605,651,767
86,116,711,767
506,767
0,768
1,768
3,768
4,768
5,768
6,768
8,36,416,768
9,768
10,768
11,768
12,768
13,190,768
15,768
16,768
18,144,546,768
19,768
20,768
24,768
25,768
26,768
27,768
30,113,414,464,768
32,135,768
33,768
36,768
40,236,408,768
41,59,89,768
42,768
43,768
48,768
49,326,756,768
51,768
52,768
53,768
54,575,768
56,59,768
58,768
39,59,768
60,768
62,768
63,768
66,768
70,768
72,768
73,768
74,768
75,367,768
77,768
81,768
83,768
87,768
89,768
90,768
93,768
95,768
100,768
101,768
103,768
108,768
113,768
115,768
118,768
119,768
120,768
123,156,768
124,768
127,756,768
130,768
132,768
135,367,768
141,768
144,768
145,768
146,768
155,768
156,768
157,768
158,768
159,768
1,161,483,768
163,608,768
166,768
168,768
169,768
174,768
176,768
181,768
184,236,768
190,768
195,768
199,768
45,130,135,209,768
213,768
215,768
223,768
224,768
228,768
229,768
232,338,506,768
235,768
236,768
241,448,768
244,768
6,60,86,116,245,506,588,768
8,248,768
33,250,598,662,768
256,768
262,768
266,768
271,768
272,273,330,768
273,768
5,64,282,768
287,768
290,768
299,448,768
301,768
303,768
315,768
318,768
326,768
328,768
330,768
229,349,768
351,768
17,54,199,353,494,768
366,768
367,768
375,768
378,768
396,768
399,768
400,768
402,768
406,768
408,768
410,527,763,768
415,768
416,768
428,546,627,768
430,768
434,768
446,546,768
448,768
296,449,658,768
135,451,588,768
4,452,689,768
456,768
459,768
464,768
467,768
471,708,768
474,768
480,768
431,483,768
489,768
490,768
493,768
494,768
495,768
499,768
504,768
506,768
378,514,768
518,768
521,768
533,768
537,768
542,768
546,768
26,551,756,768
575,768
161,396,437,579,768
580,768
581,768
585,768
587,768
236,588,768
592,768
605,768
627,768
632,768
638,768
640,768
224,650,711,731,768
655,768
657,768
658,768
659,689,768
662,768
677,768
679,768
682,768
687,768
689,768
690,768
1,464,692,718,768
698,768
711,768
712,768
716,768
588,717,768
718,768
723,768
725,768
731,768
737,768
747,768
515,754,768
756,768
762,768
752,769
9,770
17,770
0,771
1,771
2,771
3,422,716,771
6,771
7,771
8,771
9,19,118,163,546,583,711,771
10,24,771
11,771
13,771
15,771
16,771
17,135,771
18,771
20,229,771
23,771
24,771
25,612,771
27,771
31,396,771
32,771
33,771
34,711,771
36,771
38,771
40,771
42,771
43,771
45,771
50,771
53,771
55,771
59,771
60,771
62,771
63,771
70,771
74,771
89,562,771
95,771
98,771
100,771
103,771
106,771
118,771
119,771
120,567,771
122,771
128,274,771
133,771
135,483,771
137,771
139,771
119,144,771
146,771
155,771
152,161,771
164,771
169,771
173,771
175,771
176,771
180,771
181,771
197,771
8,199,771
201,771
205,771
208,771
209,771
215,771
223,330,771
225,771
16,229,771
231,771
234,771
236,731,771
258,771
260,771
268,771
281,771
282,771
135,215,300,771
303,771
309,771
313,771
320,771
323,771
244,325,406,771
326,771
330,771
340,771
302,349,771
367,771
368,771
16,374,771
65,375,431,581,717,768,771
7,345,378,771
379,771
396,771
205,397,771
132,401,638,771
409,771
416,771
325,424,771
434,771
442,771
448,771
464,771
474,771
480,771
7,42,302,330,387,490,698,771
504,771
488,506,692,771
509,771
537,771
546,771
554,771
558,771
57,566,771
567,771
575,771
490,579,771
581,771
588,771
598,771
603,771
605,771
614,771
638,771
640,771
655,771
679,771
682,771
687,771
282,698,771
701,771
74,711,771
712,771
93,106,282,605,716,756,771
718,771
731,771
375,747,771
754,771
34,756,771
768,771
164,772
194,772
388,772
589,772
711,772
222,773
286,773
0,774
1,657,774
2,774
3,774
4,774
6,774
7,774
8,774
9,774
10,774
12,774
15,119,774
16,25,605,774
17,774
18,774
19,774
20,774
21,774
22,662,672,774
24,87,774
25,774
26,774
28,774
29,642,774
30,655,716,774
31,774
32,129,448,774
33,774
34,774
35,159,774
36,774
37,774
38,774
40,711,774
41,774
42,774
43,774
44,774
45,774
46,774
49,774
50,774
51,774
52,774
53,716,774
57,774
59,774
61,282,774
62,774
63,103,774
65,774
66,774
70,774
75,774
77,774
78,774
81,774
83,774
84,106,774
85,774
87,774
6,89,258,367,774
91,774
92,774
93,774
98,774
103,774
105,774
106,774
108,774
109,774
113,774
118,711,774
119,464,774
12,120,209,774
123,774
129,774
130,774
132,774
133,774
135,774
139,774
141,774
142,774
144,774
145,774
152,774
154,774
155,774
156,774
158,774
159,774
161,774
163,774
169,671,774
176,774
178,774
181,774
182,774
187,774
188,774
196,774
59,199,774
205,774
208,774
209,774
210,774
215,774
217,774
176,223,774
75,224,774
225,326,389,774
227,774
228,677,774
229,774
230,774
236,774
113,240,551,774
244,521,774
258,537,774
259,774
262,774
266,774
271,774
281,774
282,716,774
284,774
294,774
297,774
301,774
303,774
304,774
312,774
314,774
315,774
318,774
320,774
325,774
326,774
330,774
92,332,774
336,774
338,352,774
345,531,658,774
347,711,774
348,711,774
349,774
351,774
33,356,774
367,774
375,774
379,774
326,389,424,448,774
392,774
396,774
397,774
404,774
406,774
408,774
413,774
414,774
416,774
417,774
424,774
430,774
431,774
432,774
434,774
446,774
448,774
454,774
6,459,774
86,464,774
469,774
475,774
480,774
483,774
448,485,774
489,774
490,774
494,774
498,774
499,774
504,774
506,774
507,774
511,774
514,774
516,774
519,774
521,774
522,774
363,524,774
525,774
529,774
531,774
537,774
540,774
546,774
547,774
199,325,424,464,550,716,774
551,774
552,774
555,774
562,774
566,774
573,774
575,774
579,774
581,774
61,98,323,375,584,588,638,756,774
11,446,588,774
282,387,600,774
605,774
617,774
623,774
624,774
632,768,774
637,774
638,774
640,774
641,774
642,774
644,774
504,637,653,774
655,774
657,774
658,774
660,774
661,774
662,756,774
671,774
677,774
679,774
681,774
682,774
686,774
687,774
688,774
692,774
698,774
704,774
711,774
305,712,774
716,774
717,774
718,774
719,774
720,774
223,725,774
8,120,390,642,731,774
737,774
745,774
747,774
754,774
756,774
757,774
767,774
169,250,768,774
771,774
84,775
557,702,776
507,777
757,778
57,99,779
21,780
110,308,384,422,781
353,782
711,783
12,378,784
32,785
41,785
89,785
107,785
89,118,785
120,785
133,282,711,785
199,244,785
215,785
229,785
239,546,785
264,785
266,785
274,277,785
277,422,785
282,785
347,785
408,785
448,785
464,785
544,785
546,785
563,785
579,785
45,657,785
711,785
18,716,785
24,537,718,785
771,785
774,785
206,786
476,786
615,787
744,788
17,664,789
22,789
26,789
41,789
44,789
54,400,756,789
71,683,789
73,789
103,789
115,789
119,789
135,215,789
144,789
159,789
181,506,789
209,789
223,229,282,789
229,789
266,789
290,789
330,789
373,789
396,671,789
408,789
431,789
448,789
451,789
498,789
50,546,756,789
575,789
588,789
655,789
662,789
664,789
711,789
731,789
169,754,789
768,789
336,790
773,791
276,792
561,792
732,793
483,794
605,794
44,795
46,795
63,795
169,795
15,796
521,796
768,796
55,797
16,798
41,798
70,798
163,798
209,798
228,798
452,798
519,798
608,798
641,798
659,798
452,659,689,768,798
754,798
768,798
774,798
6,799
89,799
386,799
581,799
711,799
109,800
4,98,118,229,679,801
35,120,756,801
122,801
12,130,559,801
30,132,144,801
135,801
199,801
215,801
375,801
396,551,801
506,801
579,801
628,801
716,801
65,802
104,802
135,802
185,803
114,804
546,805
731,805
0,806
74,806
459,806
711,806
714,806
718,806
751,806
795,807
397,808
1,809
10,809
326,809
378,809
605,809
62,682,809
711,809
411,810
21,811
35,811
78,811
84,811
103,811
149,558,811
155,811
159,811
187,811
209,811
304,811
394,811
413,811
446,811
464,811
546,811
774,811
0,812
1,579,812
9,812
10,812
11,812
17,812
18,812
19,812
20,103,812
24,812
25,812
34,812
41,812
42,812
53,812
60,120,242,812
61,812
63,812
64,812
65,812
70,812
74,483,812
79,812
81,812
87,812
97,812
103,812
106,716,718,812
112,812
114,812
118,812
119,812
135,812
141,812
144,812
145,812
146,812
148,812
151,812
158,812
164,812
169,812
172,812
186,812
190,812
206,812
231,812
233,812
236,812
148,257,812
260,812
262,812
268,812
272,812
277,812
282,812
322,812
326,812
330,812
331,812
334,812
347,812
383,638,756,812
401,812
408,812
409,812
410,812
415,812
448,812
459,812
460,812
464,812
476,812
483,812
494,812
495,698,812
509,812
537,812
546,812
551,812
568,812
572,812
575,812
579,812
582,812
588,812
605,812
630,698,754,812
637,812
638,812
640,812
645,812
271,537,661,812
87,666,812
685,812
698,812
11,701,812
711,812
712,812
714,812
716,812
731,812
747,812
751,812
754,812
756,812
416,655,768,812
7,771,812
32,774,812
785,812
802,812
806,812
82,507,813
743,813
774,813
795,814
74,815
45,816
75,816
178,774,816
464,816
466,816
521,816
546,816
655,816
793,817
790,818
209,506,731,819
801,819
4,820
5,820
6,820
37,820
49,820
124,820
367,820
416,820
762,820
768,820
774,820
595,821
616,822
616,622,822
694,822
414,823
727,824
38,825
43,825
141,825
155,825
156,825
231,825
326,825
367,825
448,825
546,825
588,825
199,712,825
771,825
0,826
1,826
2,7,826
3,826
6,826
8,826
9,826
10,826
11,141,399,826
12,826
16,826
18,826
20,826
21,826
26,826
27,826
29,826
36,75,826
38,135,592,754,826
41,826
62,826
64,546,826
67,186,826
72,826
74,826
78,826
80,826
83,826
87,826
89,826
93,826
103,826
114,826
118,826
120,826
121,826
0,122,826
126,826
135,826
141,826
158,826
169,826
172,826
181,826
182,826
190,826
174,192,756,826
44,199,826
209,826
215,826
221,826
236,826
237,826
244,826
252,826
266,826
282,826
311,826
326,826
156,322,334,416,826
340,826
364,826
366,826
375,826
378,826
396,826
408,826
410,711,826
416,826
441,826
448,826
459,826
464,826
483,826
488,826
504,826
506,826
507,826
519,698,826
537,826
546,826
551,826
558,826
579,826
588,826
640,826
645,826
656,826
657,826
671,826
682,826
236,692,826
701,826
711,826
716,826
717,826
490,718,826
731,826
754,826
756,826
768,826
771,826
33,356,774,826
785,826
811,826
812,826
385,827
199,828
353,828
768,828
2,829
8,829
11,829
18,829
41,829
44,829
50,829
55,829
59,829
66,829
67,829
74,829
118,829
122,829
132,829
135,829
144,829
146,829
169,829
173,829
205,829
209,829
229,829
63,236,829
248,829
249,829
260,408,829
266,829
302,367,829
371,829
387,829
396,829
409,829
215,416,829
448,829
464,829
474,829
506,829
534,829
5,330,537,829
562,829
603,829
20,41,95,326,448,638,640,829
655,829
282,711,829
718,829
731,829
736,829
737,829
754,829
524,756,829
768,829
771,829
774,829
801,829
812,829
104,830
153,830
189,830
39,831
94,831
632,832
506,833
461,834
673,834
42,75,835
123,836
444,836
42,51,837
200,289,838
374,839
40,840
24,87,840
230,840
330,840
431,840
774,840
29,841
208,841
470,841
496,841
638,841
90,756,841
0,842
5,842
9,842
12,842
17,18,842
19,842
20,448,464,842
31,842
32,842
33,42,401,842
41,842
43,638,842
45,842
49,842
75,842
95,842
103,842
104,189,395,830,842
119,842
120,842
121,842
135,842
144,842
155,504,842
163,842
164,842
205,711,842
207,338,842
215,842
229,842
72,236,842
253,842
262,842
265,842
271,349,842
282,842
136,296,716,842
304,842
305,842
309,842
326,842
330,842
357,546,842
375,682,842
378,396,408,416,579,842
197,379,537,842
388,842
396,842
399,842
400,842
410,842
416,842
435,842
446,842
450,842
451,842
448,464,842
474,842
493,842
506,521,657,711,842
537,842
546,842
551,842
562,842
563,842
575,842
581,842
583,842
588,842
604,842
215,638,842
646,842
648,842
654,842
655,842
658,842
671,842
698,842
711,842
18,712,842
716,785,842
718,842
731,842
754,842
756,842
768,842
774,842
785,842
789,842
811,842
367,768,820,842
826,842
829,842
332,843
1,844
11,103,221,410,638,844
15,844
18,844
26,136,716,844
29,844
62,844
74,324,844
96,844
135,844
169,844
172,844
12,169,215,844
229,375,844
252,844
282,844
483,844
549,844
575,844
133,579,844
612,701,844
658,844
716,844
768,844
774,844
812,844
840,845
277,846
812,846
451,847
351,848
7,849
143,849
330,849
377,850
236,851
165,852
483,852
579,852
110,463,853
195,467,854
723,854
276,855
51,768,856
3,123,856
448,856
768,856
0,857
22,857
60,857
107,857
117,857
118,857
20,128,132,716,857
144,857
179,857
277,857
333,857
362,857
416,857
427,857
447,857
503,857
519,857
591,857
716,857
812,857
194,858
164,859
194,859
589,859
176,860
0,861
1,861
2,861
3,551,861
6,60,601,771,861
7,861
10,861
11,161,861
13,861
16,861
18,861
19,861
20,861
21,861
22,861
24,223,861
26,861
27,747,861
11,29,698,861
32,861
36,861
37,861
41,861
43,671,861
45,771,861
45,56,330,861
58,326,410,768,861
59,861
61,416,861
62,861
68,861
69,861
75,861
77,861
78,861
83,861
84,861
87,861
89,861
90,861
96,716,844,861
100,144,480,771,785,861
103,861
106,861
113,209,861
115,861
118,861
119,861
120,861
121,861
128,861
130,861
133,861
135,861
139,861
141,861
143,861
84,144,861
155,861
159,229,861
161,562,861
45,169,861
172,282,826,861
178,861
182,861
185,861
192,861
197,861
208,861
209,861
215,861
229,861
234,861
236,861
240,861
248,861
252,861
262,861
264,861
266,861
128,274,716,861
277,812,846,861
282,712,861
284,861
295,448,662,861
303,861
304,861
309,861
316,861
326,330,861
330,861
92,332,861
337,698,861
340,861
351,861
374,771,861
375,861
378,861
379,861
386,861
396,861
399,861
408,861
410,826,861
413,861
414,861
415,861
416,861
432,861
43,434,861
437,861
221,446,638,861
448,861
451,861
464,861
465,861
480,861
483,861
490,861
62,498,861
499,861
504,861
506,861
514,861
519,861
520,861
524,861
525,861
526,861
537,861
546,861
551,861
554,861
50,558,718,861
562,861
567,861
535,579,711,861
156,567,581,861
586,861
588,861
600,861
605,861
623,861
638,861
640,861
642,861
653,861
655,861
658,861
662,861
666,861
671,861
682,861
692,861
698,861
711,861
716,861
717,861
65,103,682,718,747,756,861
132,537,682,730,861
224,731,861
747,861
753,861
754,861
756,861
768,861
771,861
81,774,861
107,266,774,785,861
789,861
799,861
811,861
812,861
366,756,768,826,861
841,861
842,861
846,861
848,861
849,861
427,857,861
559,862
723,863
53,864
48,638,865
440,866
483,866
678,866
0,867
11,867
12,867
13,330,768,867
14,28,236,867
17,867
18,867
29,867
35,867
36,867
38,867
40,867
41,867
42,867
43,867
57,867
89,867
90,867
103,867
63,113,756,867
118,867
119,464,867
120,867
64,135,166,244,330,588,867
145,867
33,149,638,662,867
150,278,564,662,867
159,867
161,867
171,867
184,262,408,754,867
190,867
209,867
229,867
238,867
243,698,867
252,867
16,262,867
264,867
266,867
282,867
199,295,658,867
330,867
347,867
354,867
383,867
388,867
394,867
408,867
420,867
448,867
455,867
459,867
464,867
483,867
490,867
501,867
557,867
562,867
579,867
375,581,867
671,867
537,682,867
26,83,135,711,756,867
10,679,712,867
716,867
718,867
731,768,867
747,867
756,867
770,867
771,867
774,867
811,867
826,867
450,756,842,867
861,867
1,868
98,869
162,869
163,869
209,869
731,867,869
22,870
39,870
94,870
143,870
200,870
224,870
289,543,870
530,870
537,870
543,870
613,870
711,870
718,870
756,870
94,200,831,870
156,871
343,872
1,873
2,873
4,873
5,873
7,873
8,873
9,873
10,108,873
11,740,873
12,873
13,236,873
14,873
15,873
16,873
17,873
19,698,873
21,873
24,873
25,873
28,873
29,873
31,873
32,47,155,686,711,861,873
35,873
39,873
40,873
41,873
13,19,42,59,490,614,711,873
44,873
47,873
54,873
55,679,873
56,873
57,867,873
59,102,118,408,774,873
60,873
62,349,873
68,873
70,873
73,873
78,90,861,873
83,873
84,775,873
89,873
90,873
93,873
94,873
15,98,873
99,873
100,873
103,873
106,873
109,873
114,873
118,873
120,873
123,698,873
124,873
128,873
130,135,169,873
132,873
135,873
136,873
139,873
144,873
145,873
152,873
155,873
161,873
163,873
166,873
167,873
70,126,168,587,768,873
169,873
178,873
181,873
182,873
190,873
194,873
196,873
199,873
200,873
205,397,671,731,873
208,873
210,873
215,756,873
226,873
229,873
236,873
243,564,873
254,293,873
57,255,873
259,873
36,262,873
264,873
271,873
114,272,462,873
282,873
289,873
290,873
295,873
297,873
303,873
305,756,842,873
326,873
264,328,873
330,873
334,873
337,873
349,873
374,873
375,873
378,873
389,873
396,873
397,464,873
404,873
406,687,873
408,873
410,873
413,873
416,873
428,873
431,873
432,873
434,873
448,873
459,873
0,464,873
482,873
483,873
490,873
496,873
498,671,873
155,499,504,873
530,756,873
537,873
543,873
226,545,873
546,873
551,873
553,873
554,873
562,873
567,873
498,571,873
573,774,873
575,873
578,873
579,873
581,873
583,873
587,873
588,873
592,873
605,873
613,873
620,873
623,861,873
627,873
630,873
637,873
638,873
16,27,415,641,768,798,873
642,873
650,873
653,873
655,873
657,718,873
215,658,873
659,873
662,873
282,671,873
681,873
262,682,873
687,873
688,873
698,873
711,873
712,873
716,873
119,718,873
731,873
747,873
754,873
756,873
768,873
771,873
774,873
789,873
70,209,608,798,873
109,800,873
801,873
811,873
812,873
826,873
831,873
838,873
144,378,842,873
588,861,873
770,867,873
870,873
99,506,874
823,875
158,638,876
569,876
854,877
365,878
464,878
0,118,141,879
4,879
5,879
6,130,879
7,879
9,59,879
10,879
1,11,879
15,879
18,638,879
20,879
21,879
8,25,879
26,879
29,879
31,879
33,521,879
42,879
43,879
45,879
48,879
53,879
59,879
60,879
62,879
66,879
68,879
77,879
89,879
98,879
111,879
113,879
119,879
126,135,879
130,879
25,132,879
134,879
135,879
137,879
143,879
145,879
155,879
158,879
166,879
169,879
197,861,879
26,199,768,879
201,879
208,879
7,209,879
218,879
224,879
228,774,879
229,879
234,879
236,237,879
243,564,879
244,506,756,879
247,879
250,879
252,879
259,879
262,879
264,879
265,879
266,367,638,879
278,879
280,879
59,282,879
290,879
296,879
328,879
118,330,879
207,338,879
354,879
367,879
369,879
374,879
375,879
378,873,879
383,879
389,879
396,879
401,879
404,879
408,879
15,428,546,627,747,768,879
431,754,879
448,879
451,879
459,879
464,879
466,879
483,879
485,879
489,879
490,879
494,879
506,879
166,520,718,879
521,754,879
522,879
525,879
531,879
6,537,879
546,785,879
59,62,549,879
551,879
562,879
564,879
567,879
575,879
59,229,579,879
581,879
588,879
592,879
598,879
613,870,879
618,879
628,879
638,879
647,879
658,879
660,879
661,879
662,879
671,879
677,879
414,698,879
701,879
88,716,879
718,879
726,879
19,349,408,737,879
754,879
756,879
764,879
605,768,879
771,879
774,879
812,879
829,879
842,879
844,879
451,847,879
861,879
870,879
873,879
275,390,880
390,602,711,880
17,881
21,881
35,490,756,881
41,881
44,881
49,464,881
61,144,881
65,881
93,282,881
98,881
121,881
0,135,166,490,857,881
156,881
169,881
171,881
199,881
209,881
223,881
224,881
236,881
249,881
278,881
282,682,881
297,881
301,881
322,881
330,881
354,881
366,756,881
123,132,229,375,801,829,873,881
416,881
420,881
429,881
448,881
459,881
490,881
506,881
579,881
581,881
638,881
645,881
655,881
679,881
682,881
698,881
711,881
716,881
731,881
826,881
829,881
842,881
867,881
873,881
718,870,882
873,882
862,883
795,884
75,885
12,886
115,886
372,410,579,756,886
416,886
454,886
56,756,886
195,887
459,887
467,887
768,887
289,888
613,888
879,888
11,889
113,889
268,889
285,889
313,889
369,889
34,397,448,506,889
629,889
658,889
41,701,889
737,889
771,889
879,889
3,890
9,890
22,41,890
35,890
66,890
68,890
103,890
108,890
119,890
155,890
236,890
299,890
349,890
365,890
392,890
464,774,890
540,890
552,890
555,890
600,890
638,890
642,890
717,890
2,89,756,890
768,890
408,774,890
861,890
0,891
1,891
2,891
3,891
6,891
7,891
8,891
9,891
10,891
11,891
12,891
13,891
14,891
15,731,891
16,431,891
17,891
18,891
20,891
21,891
24,891
25,326,490,891
26,891
27,891
30,891
32,155,236,891
35,891
36,891
37,891
40,891
41,891
42,891
43,891
44,891
45,891
48,891
50,891
57,655,873,891
59,891
61,891
62,891
64,716,891
65,891
68,422,891
70,891
75,891
78,891
79,330,891
82,891
83,891
84,103,891
87,891
89,891
92,891
95,891
98,891
100,891
101,891
102,891
103,891
106,891
112,891
118,891
119,891
120,891
121,891
129,891
130,754,891
133,330,891
135,891
137,698,891
141,891
143,891
144,891
149,396,891
150,579,697,891
152,891
155,891
156,891
158,891
159,891
161,891
12,164,330,416,655,891
165,891
166,891
169,891
173,891
174,891
175,891
178,891
181,551,891
182,891
185,891
190,891
192,891
199,891
209,891
211,891
215,891
218,891
219,891
224,891
229,891
230,891
236,891
239,891
243,891
244,891
245,891
255,891
259,698,873,891
261,891
262,891
264,891
266,891
271,891
275,891
259,278,891
282,891
292,891
295,891
304,891
311,891
314,891
316,891
320,716,774,891
323,891
326,891
328,891
330,891
332,891
334,891
336,891
347,891
357,891
360,891
363,891
367,891
368,891
373,891
375,891
376,891
378,891
382,891
390,891
394,891
396,891
408,891
410,891
20,103,413,891
416,891
418,891
421,891
424,891
431,537,891
432,873,891
434,588,891
446,891
448,891
459,891
106,464,640,771,891
466,891
469,891
483,891
489,891
490,891
494,891
501,891
504,891
506,891
507,891
514,716,891
520,891
521,891
106,524,588,891
526,891
396,529,891
537,891
544,891
546,891
551,891
557,891
258,396,558,698,716,891
562,891
563,891
564,891
567,891
570,891
575,891
579,891
581,891
587,891
588,891
592,891
602,891
93,520,605,891
611,891
623,891
627,891
638,891
645,891
650,891
655,891
657,891
658,891
282,303,662,891
664,891
671,891
676,891
682,891
687,891
692,891
698,891
700,891
702,891
700,705,712,891
711,891
712,891
715,716,891
716,891
718,870,891
731,891
20,424,745,891
747,891
750,891
754,891
756,891
768,891
771,891
774,891
84,775,891
776,891
779,891
780,891
41,229,785,891
789,891
811,842,891
605,812,891
816,891
825,891
826,891
829,891
840,891
842,891
843,891
852,891
861,891
867,891
94,873,891
879,891
390,880,891
881,891
310,411,892
36,89,219,711,731,893
517,893
257,759,894
773,895
42,896
271,896
416,896
774,896
37,897
73,898
585,898
59,899
161,899
215,899
181,900
623,774,901
891,901
76,902
88,902
238,902
355,902
416,902
436,902
355,668,716,902
429,903
429,881,904
349,490,624,904
429,903,904
759,905
197,906
597,907
864,908
860,909
762,910
0,911
1,911
2,829,911
3,416,911
5,911
6,911
7,330,849,911
8,135,911
9,911
11,911
12,911
13,911
14,911
15,911
16,911
17,911
18,911
19,911
20,911
21,911
22,911
24,74,537,911
25,911
26,911
27,282,911
28,236,551,911
29,911
30,911
32,911
33,598,911
34,911
35,911
36,911
38,236,911
41,911
42,911
43,911
44,911
45,911
46,911
49,911
50,911
52,546,712,911
53,911
56,911
57,911
59,911
60,911
61,119,911
62,911
63,396,911
66,911
69,911
70,911
71,911
74,911
19,75,911
76,911
83,911
87,911
89,911
92,911
95,911
96,911
98,911
103,911
105,911
110,911
112,911
113,911
115,911
118,911
119,911
120,911
121,911
123,911
126,551,911
130,774,911
132,579,911
133,911
134,911
135,911
140,911
141,911
143,870,911
144,911
146,911
147,282,911
149,911
155,911
156,911
159,911
161,911
164,911
166,911
169,911
170,911
172,911
48,174,508,728,768,911
176,911
181,911
183,911
188,911
62,190,209,483,911
192,911
194,911
197,911
199,911
201,879,911
208,911
209,911
210,911
215,911
218,911
223,911
224,448,911
225,911
229,911
233,911
234,911
235,718,911
236,657,911
237,330,911
241,911
244,911
250,911
252,911
253,731,911
254,911
260,911
262,911
265,911
266,911
132,271,911
278,911
282,911
283,911
26,288,911
11,19,135,290,911
296,911
297,911
303,911
309,911
310,911
311,911
322,911
323,911
326,911
328,911
330,911
334,911
336,389,911
339,911
340,911
342,911
229,347,911
349,537,911
351,911
359,911
367,911
374,911
375,911
378,911
379,911
382,911
386,911
388,911
389,911
396,911
401,911
404,911
406,911
408,911
409,911
410,911
412,911
416,911
421,911
428,911
431,911
434,911
446,911
16,322,448,537,546,562,911
449,911
451,847,911
454,911
455,911
459,911
464,911
465,911
468,911
469,911
470,528,911
233,401,473,483,575,911
474,911
483,575,891,911
489,911
26,103,169,375,490,717,911
493,911
498,911
506,911
507,711,911
508,728,911
509,911
512,911
513,911
181,290,514,768,911
520,911
521,911
522,911
529,911
537,911
538,911
541,911
546,911
549,911
551,911
554,911
558,911
562,911
566,911
567,911
575,911
579,911
581,911
588,911
589,911
590,911
592,911
595,911
598,911
600,911
603,771,911
605,911
612,911
613,911
614,911
618,911
632,768,911
635,911
504,638,911
309,640,911
642,911
651,911
144,655,911
657,911
658,911
662,911
664,911
507,671,911
672,911
677,911
679,911
322,537,680,911
682,911
688,911
690,911
95,375,509,691,711,911
692,911
693,911
698,911
710,911
711,911
90,712,911
716,911
717,911
718,911
725,756,774,911
727,911
730,911
731,911
367,494,737,911
747,911
752,911
754,911
756,911
768,911
35,752,769,911
770,911
771,911
772,911
112,692,774,911
784,911
785,911
789,911
790,911
796,911
89,546,799,911
802,911
809,911
812,911
595,821,911
824,911
118,826,911
737,829,911
842,911
844,911
861,911
867,911
871,911
330,579,873,911
879,911
881,911
886,911
890,911
891,911
313,912
18,913
199,913
229,410,913
690,913
599,744,914
119,915
264,915
332,915
483,915
524,915
546,915
588,915
774,915
843,915
36,208,861,915
891,915
109,916
114,272,917
5,918
10,918
155,918
330,918
551,918
662,918
755,919
189,920
469,921
891,921
353,922
782,922
279,923
216,924
315,924
464,924
428,925
19,926
59,926
123,926
418,490,926
490,926
771,926
904,926
5,927
8,927
36,927
42,927
111,927
42,135,459,927
155,927
199,927
208,927
215,927
218,927
233,483,927
290,927
330,927
332,927
360,927
396,927
59,408,698,927
9,375,448,581,927
483,927
485,927
506,927
551,927
579,927
638,927
661,927
374,754,927
768,927
774,927
879,927
891,927
911,927
918,927
443,928
890,929
3,930
215,588,931
101,932
27,843,891,933
590,934
304,935
604,935
646,842,935
67,709,716,935
0,716,936
1,936
9,936
11,936
16,936
20,936
42,51,492,936
69,936
74,936
78,936
95,936
100,936
103,936
111,936
24,120,936
166,185,638,936
172,936
208,936
214,375,936
24,229,936
235,936
236,936
201,252,936
263,936
282,936
311,936
328,936
364,936
375,936
379,936
399,936
446,936
55,448,936
459,711,756,936
541,718,936
3,546,936
229,551,936
563,936
567,638,936
579,936
150,236,581,936
612,936
42,236,546,638,936
640,936
660,936
662,936
711,936
712,936
120,711,716,756,936
718,936
236,263,734,936
266,737,936
448,672,756,936
41,296,785,842,936
826,936
842,936
844,936
537,861,936
867,936
768,873,936
879,936
911,936
918,936
18,937
42,937
98,937
105,937
215,937
262,937
345,937
375,937
229,431,937
546,937
584,937
688,937
719,937
756,937
774,937
257,938
267,548,938
92,939
363,939
2,940
0,8,454,940
48,940
194,940
209,224,448,940
4,566,940
638,940
703,940
711,940
194,538,589,858,859,940
873,940
74,236,768,941
917,942
770,943
911,943
328,944
233,473,635,944
310,711,911,944
19,945
32,945
42,551,945
130,945
134,945
248,945
341,945
581,945
594,945
716,945
754,945
812,945
875,946
254,947
583,948
163,949
616,950
622,950
694,822,950
822,950
507,951
777,951
904,952
555,953
459,716,954
883,955
890,956
929,956
190,957
199,266,957
208,957
215,957
266,957
309,957
330,957
682,957
730,957
155,290,927,957
55,958
797,958
696,959
414,662,960
823,960
875,960
875,946,960
653,961
0,962
3,962
5,962
7,962
8,962
9,754,962
10,962
11,169,446,811,962
12,962
13,962
15,19,962
16,962
17,962
18,962
19,962
21,962
22,962
25,962
26,731,962
29,962
30,962
31,962
35,531,962
36,962
38,726,962
39,59,282,962
40,962
41,962
42,962
44,962
45,962
46,962
50,56,464,731,962
52,962
55,962
57,962
59,962
61,962
62,962
66,962
67,238,355,962
70,962
71,962
75,962
76,962
78,962
79,506,962
81,962
83,229,655,962
85,86,962
86,962
88,962
89,962
91,962
93,962
94,962
59,95,962
97,962
98,962
103,583,962
105,962
107,962
108,962
111,962
113,962
116,962
118,962
119,161,962
120,962
121,962
0,122,962
123,657,962
124,962
134,962
135,962
138,962
141,962
143,962
144,962
148,962
149,962
150,962
151,460,812,962
155,962
9,156,464,962
158,962
161,962
162,962
163,962
167,962
169,962
170,962
171,962
172,962
174,962
178,962
185,962
186,962
187,962
190,962
196,962
199,962
200,962
201,962
207,962
142,209,962
210,962
213,962
59,215,266,842,962
216,408,962
220,962
221,638,962
224,962
229,962
73,232,768,962
176,236,605,612,962
237,911,962
238,962
240,962
244,962
245,962
134,248,962
208,252,962
262,812,962
259,264,962
59,199,266,962
267,405,962
268,962
275,962
280,328,962
282,962
285,962
11,288,579,962
289,962
290,962
297,962
299,890,962
304,962
309,962
313,962
314,962
315,962
316,962
320,962
322,962
326,962
330,962
333,962
334,962
338,962
345,962
354,962
355,962
366,768,881,962
367,962
369,962
371,962
375,962
8,378,962
379,962
387,962
389,962
392,890,962
396,962
399,962
400,962
402,962
403,962
407,962
408,962
410,962
413,962
416,962
420,962
429,962
431,962
434,962
447,857,962
448,962
455,962
458,962
464,962
470,962
483,962
485,962
12,488,962
489,962
490,962
494,962
366,496,638,756,841,873,962
498,962
410,504,588,962
506,962
50,509,911,962
514,711,962
525,962
526,962
527,962
187,529,962
530,962
531,962
537,962
39,543,962
141,546,962
548,962
551,962
556,962
558,962
562,962
567,962
569,962
571,962
575,962
577,962
579,962
581,962
583,962
588,962
597,962
78,600,962
604,962
605,962
608,962
613,962
614,962
620,962
629,962
638,962
640,711,774,962
642,962
646,962
655,962
135,657,962
658,962
661,962
662,962
668,962
671,962
9,674,716,962
682,962
683,962
688,962
691,962
692,962
697,962
698,962
76,701,962
706,962
709,962
275,711,962
712,962
716,962
69,499,717,911,962
718,962
719,962
726,962
731,962
737,962
747,962
754,962
756,962
760,962
763,962
767,962
768,962
770,962
771,962
774,962
785,962
789,962
519,798,962
97,812,962
816,962
826,962
829,962
831,962
215,842,962
857,962
861,962
120,867,962
870,962
871,962
498,873,962
158,506,876,962
879,962
881,962
873,882,962
771,889,962
392,540,552,555,774,890,962
891,962
902,962
903,962
904,962
911,962
924,962
215,927,962
935,962
936,962
937,962
943,962
130,945,962
948,962
163,768,949,962
927,957,962
254,963
281,964
43,965
132,965
155,965
223,965
290,879,965
657,965
711,965
879,965
911,944,965
426,966
675,966
0,967
1,967
2,711,967
3,967
4,967
5,967
6,967
7,861,967
8,416,967
9,967
11,967
12,967
13,962,967
15,967
16,967
17,967
18,967
19,967
20,967
21,967
22,967
24,967
27,967
28,967
31,967
32,967
34,967
35,967
37,967
38,967
40,406,506,698,967
41,967
42,84,711,967
45,152,967
46,967
48,967
49,756,967
52,967
53,864,967
55,967
56,967
58,967
59,967
60,967
62,967
64,967
69,967
70,967
74,967
77,967
78,967
82,967
84,92,967
89,967
93,967
95,967
101,967
103,967
106,967
107,967
109,967
112,967
115,967
118,967
119,967
120,967
121,967
123,967
125,967
126,967
130,967
61,119,132,967
135,967
140,967
141,967
143,209,967
144,967
146,967
152,967
8,155,967
158,962,967
159,967
42,161,367,967
168,967
169,967
172,967
178,967
180,967
184,967
190,967
191,967
197,967
199,638,967
201,967
208,967
209,236,967
213,967
215,967
216,967
229,967
116,131,230,464,711,962,967
233,967
142,236,967
248,967
252,967
260,967
262,967
265,967
266,967
271,967
278,879,967
5,282,967
294,655,967
299,967
302,967
304,967
305,967
309,967
315,967
316,967
320,967
209,323,967
326,967
329,967
330,967
335,967
340,967
349,967
19,366,967
367,967
368,967
374,967
375,967
378,967
379,967
389,967
396,967
399,967
400,967
33,401,967
402,967
406,967
5,74,330,408,967
409,967
410,911,967
415,967
416,967
418,967
428,967
434,711,967
435,967
437,967
123,444,514,967
446,967
448,967
450,967
461,638,967
464,967
470,967
474,967
479,967
483,967
486,967
490,967
496,967
498,967
506,967
507,671,911,967
509,967
514,967
519,967
520,967
521,546,911,967
525,967
528,967
36,537,967
544,967
546,967
551,967
558,638,861,967
559,967
562,967
566,967
575,967
579,967
581,967
588,967
591,967
60,601,967
521,605,967
620,967
624,967
638,967
640,967
642,967
650,731,967
655,967
657,967
551,658,936,967
660,967
662,967
264,662,671,716,967
673,967
682,967
687,967
691,711,967
657,692,967
698,967
699,967
709,967
711,967
712,967
716,967
458,718,967
726,967
730,967
731,967
400,747,967
754,967
756,967
48,764,967
768,967
771,967
774,967
507,777,967
785,967
789,967
801,967
811,967
812,967
813,967
819,967
826,967
829,967
831,967
368,461,673,834,967
123,836,967
756,841,967
842,967
857,967
295,861,967
862,967
864,908,967
865,967
867,967
873,967
879,967
881,967
889,967
890,967
891,967
42,896,945,967
908,967
911,967
924,967
926,967
911,927,967
929,967
936,967
777,951,967
956,967
962,967
111,968
962,968
872,969
533,970
1,971
9,971
12,971
15,971
45,282,971
65,971
80,971
114,971
144,971
148,721,971
161,971
169,971
178,971
183,971
192,971
226,971
233,971
236,971
283,971
310,971
132,330,522,971
340,971
349,971
396,971
410,971
441,971
448,971
464,971
483,971
499,971
505,971
521,971
545,971
551,971
553,971
558,971
562,971
579,971
301,432,588,971
655,971
657,971
662,971
671,971
155,716,971
718,971
747,971
754,971
92,756,971
30,768,971
771,971
144,812,971
873,971
890,971
891,971
396,412,489,716,911,971
918,971
155,215,861,927,971
32,155,911,967,971
346,972
659,973
174,974
202,974
441,974
37,396,605,974
209,975
850,976
681,977
271,302,829,978
130,633,978
754,978
450,967,979
504,980
200,653,873,980
611,981
396,982
692,982
254,983
896,984
12,44,458,579,697,716,985
410,985
506,985
663,985
303,986
429,987
497,987
581,987
32,988
486,988
481,732,989
116,990
385,827,990
464,990
385,707,990
385,827,990
310,991
499,992
4,452,993
67,994
167,994
167,238,994
355,994
436,994
613,994
668,994
888,994
962,994
873,995
103,113,996
83,396,488,506,520,996
506,996
311,997
411,810,998
372,999
61,1000
231,1000
236,408,1000
331,1000
59,244,588,1000
747,774,1000
812,1000
844,1000
759,1001
838,1002
115,1003
443,1004
686,1004
928,1004
