0,1
1,2
0,3
0,3,4
0,1,5
2,5
0,1,6
1,5,6
3,6
0,4,6
0,3,4,6,7
4,7
6,7
1,8
5,8
6,8
1,9
6,9
7,9
8,9
1,2,5,7,8,9,10
5,11
11,12
0,7,13
4,13
6,13
7,13
2,5,8,14
5,15
5,14,16
0,1,8,17
2,17
5,17
10,17
5,15,17
0,4,18
1,18
3,18
4,18
5,18
6,18
4,7,8,9,18
8,18
9,18
13,18
1,17,18
0,6,19
5,19
6,19
7,19
8,19
13,19
14,19
16,19
5,20
15,20
17,20
13,18,20
0,21
1,9,21
2,17,21
0,3,21
5,21
4,6,21
7,21
8,21
9,21
13,21
17,21
18,21
19,21
3,22
6,13,23
13,23,24
7,25
1,2,5,6,8,10,11,12,13,15,17,18,19,20,21,23,26
13,27
0,28
7,28
12,29
12,30
24,31
5,32
11,32
12,32
14,32
15,17,20,32
19,32
12,29,32
12,30,32
13,21,33
24,34
31,34
2,35
10,35
1,3,4,5,6,7,8,9,15,17,18,20,21,35
21,35
27,36
32,37
5,38
15,39
9,40
35,41
1,6,8,9,42
6,42
7,42
1,4,6,8,9,18,42
9,42
18,42
6,19,42
21,42
9,40,42
30,43
5,15,17,39,44
3,22,45
13,46
5,13,18,46
8,14,19,46
23,46
27,46
29,46
32,46
24,47
24,31,34,47
34,47
31,34,48
17,49
20,49
6,13,50
23,26,51
13,27,36,52
0,53
4,53
6,18,53
18,53
24,34,54
44,55
29,56
13,19,23,24,31,46,57
23,26,51,57
51,57
7,13,46,58
19,58
23,58
24,58
26,58
31,58
34,58
46,58
23,24,34,47,58
51,58
51,57,58
1,59
5,59
6,59
7,59
8,59
9,40,59
13,59
16,59
5,11,17,32,59
3,6,18,53,59
19,32,59
9,21,59
33,59
1,9,19,42,59
46,59
13,50,59
14,16,60
0,61
1,61
7,42,61
9,61
38,62
0,63
1,63
2,63
5,63
7,63
10,17,63
1,17,18,63
21,63
35,63
42,63
18,64
12,65
32,65
7,28,66
10,67
35,67
42,63,67
51,58,68
24,31,34,47,54,58,69
45,70
40,71
15,72
17,72
0,6,7,28,73
13,73
14,73
16,73
19,73
23,73
26,73
46,73
50,73
51,68,73
57,73
13,58,73
1,19,46,59,73
16,60,73
32,74
37,74
17,75
0,1,5,9,12,17,21,32,37,42,59,63,72,76
16,77
19,77
23,77
26,77
46,77
51,77
57,77
58,77
60,73,77
73,77
49,78
44,79
55,79
13,80
17,18,80
46,80
50,80
59,73,80
73,80
7,25,81
27,82
13,18,20,83
5,38,62,84
18,21,84
27,84
13,46,84
25,85
11,86
12,86
65,86
0,28,66,87
14,88
0,89
3,89
5,89
6,21,89
7,25,85,89
9,89
13,89
15,89
18,89
19,89
20,89
5,21,89
25,89
27,89
40,89
40,42,89
46,89
0,13,50,53,73,89
59,89
71,89
73,89
80,89
82,89
27,82,84,89
36,90
88,91
6,92
53,92
0,61,93
1,93
2,93
4,6,93
7,93
8,93
8,9,93
17,93
3,6,18,93
19,93
20,83,93
21,93
40,93
18,42,93
50,59,93
50,59,93
61,93
63,93
67,93
73,93
89,93
0,94
41,95
19,96
30,96
17,32,96
3,97
21,97
25,81,98
25,81,85,98
1,99
1,3,6,18,22,99
4,99
5,99
6,99
7,19,89,99
13,99
14,99
15,99
16,99
17,99
18,99
20,99
3,22,99
23,99
29,99
30,99
32,96,99
15,39,99
40,99
44,99
45,99
46,99
26,57,99
23,24,26,57,58,99
59,99
7,42,63,99
65,99
72,99
73,99
76,99
77,99
86,99
88,99
89,99
93,99
11,100
12,101
54,102
2,103
3,6,18,21,22,103
8,103
13,103
18,103
21,103
33,103
35,103
59,103
64,103
75,104
3,6,39,44,45,55,97,99,105
44,106
44,55,79,106
79,106
99,106
98,107
31,108
47,108
48,108
1,2,5,8,9,10,14,17,19,35,42,63,103,109
63,109
2,10,110
44,111
7,61,112
25,112
81,112
25,85,112
5,89,112
98,112
107,112
57,58,113
45,114
66,115
14,116
88,116
5,117
8,117
10,117
63,117
1,5,6,8,15,21,42,61,117,118
17,118
5,18,19,20,46,118
32,118
20,49,118
49,78,118
99,118
56,119
11,120
86,99,120
100,120
34,54,121
11,122
5,11,100,122
120,122
21,123
3,7,14,16,19,21,97,99,116,124
17,125
9,40,71,89,126
79,127
66,128
0,63,129
28,129
18,130
6,7,131
7,131
15,131
39,131
40,131
42,131
44,55,79,131
71,131
89,131
93,131
99,131
105,131
21,132
123,132
115,133
21,134
24,135
58,135
7,136
21,136
25,82,84,89,136
81,98,112,136
98,136
107,136
112,136
53,92,137
45,138
45,70,138
9,40,99,138
44,105,139
18,23,99,103,139
44,55,111,139
106,140
89,141
99,141
20,142
11,143
79,144
127,144
16,19,58,60,73,77,135,145
32,145
77,145
1,8,99,146
99,146
48,147
6,8,18,19,148
21,148
97,148
5,18,149
15,149
17,149
8,21,59,93,103,117,149
10,35,63,117,149
17,72,149
72,76,149
99,141,149
29,150
140,151
43,152
14,153
26,154
145,155
145,156
28,157
66,115,157
115,157
128,157
10,158
110,158
65,159
31,47,48,147,160
108,160
154,161
26,162
51,162
57,162
58,162
68,162
73,162
77,162
5,163
5,32,89,163
145,163
155,163
0,28,129,164
1,93,164
4,164
0,4,7,164
8,9,164
42,164
63,164
73,77,165
145,155,163,165
164,166
7,167
42,167
59,167
109,167
32,168
20,83,169
33,170
11,171
100,171
120,171
122,171
141,172
100,173
122,173
31,174
23,175
24,175
31,48,175
24,34,175
47,175
54,175
58,175
121,175
24,135,175
137,176
45,70,114,138,177
73,99,178
10,179
10,110,179
158,179
11,180
11,12,180
12,65,86,99,159,180
86,120,122,180
122,180
159,180
120,171,180
5,181
15,17,181
32,181
15,72,181
99,181
118,181
125,181
6,9,14,18,19,21,59,61,132,134,182
10,182
17,42,75,93,182
21,89,182
49,182
78,118,182
10,110,182
158,182
0,183
1,183
2,183
5,19,183
7,63,99,164,183
8,183
9,183
10,110,183
11,183
13,183
14,183
15,183
17,183
18,183
19,183
20,183
21,183
32,65,183
33,183
35,183
39,183
40,183
41,183
42,183
44,183
46,183
17,49,183
50,183
53,183
59,183
63,183
67,183
71,183
72,183
46,73,178,183
76,99,183
78,183
80,183
20,83,183
89,183
93,183
45,99,183
103,183
118,183
131,183
142,183
1,146,183
149,183
20,49,169,183
33,170,183
181,183
182,183
106,140,151,184
0,4,185
1,185
2,185
3,45,185
3,5,59,84,89,145,156,163,185
6,185
7,185
8,185
9,185
10,63,185
11,86,185
13,82,89,185
14,185
15,185
17,185
18,185
19,185
20,185
21,185
22,185
32,145,185
33,183,185
35,185
40,185
42,185
44,99,111,139,185
45,185
49,185
59,185
61,185
63,185
18,33,35,64,103,185
10,35,67,183,185
71,185
73,185
75,185
16,77,185
78,183,185
84,185
88,91,185
89,185
92,185
93,185
29,99,185
103,185
75,104,185
105,185
88,116,185
63,117,185
118,185
3,45,103,124,138,185
105,131,185
149,185
153,185
158,185
163,185
7,93,164,185
170,185
181,185
78,182,185
183,185
55,106,140,151,184,186
31,187
31,47,58,108,187
41,188
41,95,188
29,32,189
99,189
150,189
148,190
115,191
0,192
1,192
2,192
3,192
6,19,192
7,192
8,192
9,192
13,192
16,192
17,192
18,192
19,192
21,192
40,192
42,192
59,192
61,192
0,63,192
72,192
76,192
83,192
89,192
93,192
99,192
117,192
149,192
183,192
21,185,192
71,193
11,12,30,86,120,185,194
102,195
31,196
34,196
47,196
175,196
7,197
112,197
112,198
7,13,21,25,27,46,81,85,89,98,107,112,136,197,198
47,199
13,200
35,200
103,200
107,201
3,202
18,202
40,42,93,99,202
42,202
71,202
3,18,21,45,84,89,99,114,124,185,202
27,82,89,202
103,202
149,202
149,192,202
0,13,203
1,203
3,203
5,203
7,203
9,18,203
11,203
14,203
15,39,203
17,203
18,203
19,203
21,203
23,203
28,203
32,203
46,183,203
61,203
63,203
66,203
72,203
74,203
76,203
77,203
88,203
89,203
91,203
93,203
99,203
115,157,203
116,203
117,203
118,203
125,203
66,128,157,203
129,203
133,203
145,203
149,203
153,203
156,203
28,66,115,128,157,191,203
32,145,163,165,203
164,203
165,203
181,203
183,203
185,203
192,203
202,203
20,204
83,204
6,59,205
18,53,205
92,205
42,131,205
198,206
34,54,58,196,207
54,207
121,175,207
88,208
119,209
105,210
14,211
88,99,203,208,211
99,211
208,211
33,103,212
200,212
57,213
77,213
162,213
203,213
128,214
57,215
58,215
113,215
40,216
33,217
59,217
170,217
99,218
146,218
183,218
119,219
15,220
32,220
72,220
88,220
91,220
149,220
203,220
18,84,221
93,221
130,221
74,222
218,223
11,224
219,225
48,147,160,226
110,227
10,15,17,20,21,35,39,42,63,67,71,93,99,105,117,131,142,183,185,192,228
6,15,39,40,73,83,99,131,183,185,205,220,228
218,228
140,229
98,230
102,195,231
82,89,232
12,30,233
85,234
3,235
45,235
45,114,235
80,236
3,89,202,236
161,237
92,238
79,239
150,240
150,240,241
11,242
32,242
65,242
86,242
100,242
11,86,120,242
11,120,122,173,180,242
0,11,32,65,86,159,180,185,192,203,224,242
171,242
180,242
0,129,243
9,243
10,243
14,243
16,243
17,243
18,243
19,243
20,243
40,243
49,78,118,182,243
59,243
73,243
78,243
80,243
93,203,243
99,243
44,53,92,105,185,205,210,243
10,110,243
118,243
131,243
142,243
158,243
158,182,243
183,243
185,243
192,243
118,203,243
210,243
40,244
183,244
80,236,245
33,246
170,246
58,247
77,247
183,248
83,183,204,218,248
107,201,249
77,145,156,165,203,250
156,250
203,250
32,168,251
154,252
5,99,117,183,253
9,21,253
97,253
89,254
99,254
141,254
172,254
125,255
11,256
12,256
30,256
43,256
65,256
122,256
152,256
11,12,171,180,242,256
12,30,96,180,242,256
20,169,183,257
0,258
5,258
7,40,59,80,185,243,258
10,258
1,63,258
89,258
164,258
15,71,124,185,258
5,13,16,18,32,59,77,163,259
217,259
0,3,185,260
3,18,99,203,260
22,260
24,260
29,40,99,260
31,260
32,260
24,34,54,121,207,260
46,260
47,199,260
48,260
50,260
51,260
58,260
73,260
89,260
93,260
99,260
108,260
135,260
149,260
48,108,160,260
162,260
31,175,260
183,260
185,260
187,260
31,34,47,196,260
202,260
203,260
34,54,196,207,260
247,260
51,77,261
117,262
93,263
0,258,264
1,264
5,264
6,264
8,42,264
13,99,264
17,264
18,264
19,264
17,20,118,264
25,98,136,264
30,264
32,264
5,38,62,264
45,264
49,264
58,135,260,264
59,264
62,264
63,264
68,162,264
71,202,264
73,264
77,264
78,264
18,59,80,264
89,264
8,93,264
99,264
103,264
110,264
118,264
125,264
141,264
142,264
145,156,203,250,264
153,264
145,155,163,264
156,264
0,7,9,28,42,66,87,112,128,157,203,264
158,264
162,213,264
163,264
77,145,165,213,264
172,264
181,264
182,264
183,264
185,264
203,264
221,264
242,264
243,264
250,264
254,264
255,264
256,264
260,264
93,263,264
79,265
127,144,265
144,265
79,239,265
85,266
234,266
103,267
148,268
0,269
7,269
21,269
25,136,269
81,269
25,85,269
89,112,269
98,269
107,269
112,269
136,269
141,269
155,269
197,269
198,206,269
201,269
203,269
264,269
20,270
11,271
23,26,77,154,161,264,272
252,272
24,175,273
31,108,273
34,273
47,273
58,273
93,273
31,47,108,260,273
24,58,175,273
187,273
50,185,260,264,273
33,274
217,274
5,275
23,29,32,99,131,150,183,189,218,260,276
273,277
155,278
4,13,58,279
22,279
40,279
45,279
73,279
89,279
45,138,279
10,183,279
185,279
192,279
202,279
208,280
211,280
0,281
243,281
86,282
194,282
3,18,103,267,283
64,283
67,283
3,5,9,17,18,103,212,283
117,185,283
53,284
92,285
30,286
244,287
202,288
86,99,194,282,289
99,289
58,86,99,194,282,289
36,290
36,52,290
90,290
55,291
235,292
226,293
28,87,294
87,294
20,295
50,296
16,297
257,298
60,299
110,300
20,301
183,301
295,301
63,302
117,302
192,302
90,303
141,172,254,264,304
3,305
5,305
12,305
13,305
14,305
17,305
18,192,305
19,305
23,73,305
24,305
26,51,305
17,29,32,150,305
31,305
32,305
34,305
21,35,305
40,305
42,305
45,305
46,89,305
24,47,305
51,305
56,305
57,162,213,305
58,305
59,305
63,203,305
64,305
70,305
72,305
73,305
77,305
88,305
42,89,305
99,146,211,218,228,305
103,305
113,305
116,305
125,305
70,138,305
17,149,305
150,305
162,305
58,175,305
177,305
181,305
183,305
15,40,46,89,117,183,185,192,243,305
189,305
18,192,305
196,305
200,305
192,202,305
203,305
212,305
213,305
13,58,80,215,264,305
220,305
240,305
243,305
255,305
260,305
185,279,305
288,305
54,306
102,306
7,307
9,307
42,307
63,307
89,307
93,307
99,307
112,197,307
10,18,20,32,89,99,117,146,158,183,192,203,218,276,307
192,307
125,203,220,307
262,307
302,307
108,308
31,48,108,160,226,260,309
70,310
70,138,310
305,310
102,311
284,312
127,313
34,314
54,314
121,314
76,99,315
99,315
201,316
201,249,316
180,317
237,318
115,319
157,319
191,319
47,320
199,320
106,321
107,112,322
31,323
47,323
48,323
58,323
108,323
260,323
31,260,273,323
180,324
261,325
166,326
193,327
79,328
41,329
41,95,188,329
41,188,329
141,330
18,331
64,331
150,332
240,241,305,332
305,332
4,6,164,333
166,333
166,326,333
43,152,256,334
32,37,335
17,336
35,336
305,336
74,222,337
73,338
94,339
8,340
9,340
223,341
5,14,17,20,39,99,185,253,342
11,271,342
86,342
100,342
173,342
224,342
282,342
86,99,289,342
162,213,343
12,32,256,344
29,344
32,203,344
46,344
168,344
171,242,344
242,344
86,282,289,345
44,346
55,346
79,239,346
99,315,346
106,346
139,346
136,347
122,348
247,349
44,350
105,131,350
131,350
5,351
264,351
264,352
32,353
155,353
163,353
264,353
278,353
46,71,80,89,264,354
89,354
100,168,171,344,354
14,355
32,355
60,73,355
25,356
156,357
17,358
336,358
121,359
332,360
10,361
110,361
17,42,59,63,131,150,305,362
67,362
93,362
183,362
221,362
52,363
290,363
146,364
142,183,364
64,365
103,365
201,249,316,366
150,367
240,367
241,367
332,367
150,332,360,367
37,368
74,368
110,300,369
12,101,180,233,370
46,370
12,101,370
125,370
12,29,56,119,150,305,344,367,370
128,371
214,371
94,372
108,373
260,373
273,373
323,373
9,374
14,374
23,374
26,374
40,374
3,45,114,374
58,374
1,6,59,374
73,374
5,8,9,89,93,117,203,305,374
183,374
185,374
9,243,374
279,374
211,375
0,21,376
82,376
89,376
110,377
227,377
190,378
54,102,379
0,380
2,380
5,264,351,380
6,92,137,176,380
7,380
8,380
10,380
14,380
17,125,380
18,380
19,380
21,380
23,380
32,183,380
9,40,93,243,380
42,380
49,380
59,380
63,380
17,18,72,76,380
73,380
77,380
78,380
80,380
50,93,380
99,380
110,380
117,380
118,380
158,380
175,380
1,73,77,178,185,264,380
179,380
17,21,181,203,380
182,380
183,380
42,185,380
192,380
63,117,203,380
210,380
217,380
243,380
262,380
71,126,183,185,264,380
192,302,380
307,380
374,380
46,381
220,382
11,383
224,383
224,342,383
20,384
73,89,384
183,384
295,384
301,384
99,385
138,385
150,385
189,385
305,385
5,386
155,386
163,386
185,386
278,353,386
353,386
327,387
48,388
189,389
285,390
0,391
7,391
9,391
10,391
20,391
49,391
72,391
78,391
110,391
142,391
158,179,380,391
9,182,391
192,391
203,391
10,35,63,105,109,179,183,185,210,243,380,391
218,391
142,183,218,228,243,391
20,44,49,105,192,210,243,380,391
141,254,269,391
300,391
192,380,391
41,392
95,392
188,392
329,392
57,162,393
3,7,25,89,98,185,394
72,76,149,181,183,248,380,394
110,394
142,394
183,394
203,394
218,248,394
110,227,394
218,228,394
260,394
300,394
110,300,369,391,394
377,394
391,394
26,59,374,395
150,396
332,396
360,396
367,396
0,53,397
282,398
3,399
6,399
21,399
3,21,89,97,124,148,185,253,399
148,399
190,399
1,5,21,63,253,399
378,399
79,400
127,400
144,400
239,400
265,400
346,401
24,46,48,58,135,175,260,388,402
263,403
202,288,305,404
38,405
62,405
264,405
145,156,264,406
48,407
160,407
82,376,408
5,15,20,21,39,72,110,158,183,227,300,394,409
293,410
195,231,411
157,412
14,413
144,414
108,415
260,323,373,416
152,417
281,418
21,110,182,227,419
361,419
134,420
157,421
412,421
0,94,339,372,422
11,423
63,423
202,423
76,203,423
87,424
40,425
216,425
192,426
155,386,427
247,428
140,229,429
3,430
5,117,192,431
99,117,262,307,380,431
89,112,302,307,431
307,431
261,432
325,432
79,265,433
93,263,403,434
33,103,435
13,50,436
50,436
80,436
264,436
50,59,80,296,436
409,437
110,179,380,438
300,438
369,394,438
391,438
394,438
306,439
367,440
357,441
1,442
4,99,442
5,442
7,23,145,155,163,203,442
9,442
10,442
13,442
17,305,442
19,442
21,442
34,47,442
49,442
50,442
58,442
59,442
61,442
89,442
93,442
103,442
110,442
131,442
158,442
164,442
182,380,442
183,442
192,442
243,442
0,7,28,33,42,63,73,89,129,167,183,203,207,260,442
264,442
24,273,442
351,442
380,442
391,442
110,419,442
27,36,82,232,443
160,260,444
309,444
253,445
82,446
408,446
367,447
295,448
5,163,386,449
11,342,449
30,286,449
65,449
73,449
86,449
100,449
120,449
122,449
32,65,159,242,449
171,449
173,449
159,180,256,449
224,449
242,449
255,449
256,264,449
289,449
32,40,305,449
342,449
383,449
40,450
71,450
89,202,260,450
99,450
126,450
193,327,450
202,450
264,450
327,450
387,450
54,451
54,452
15,453
17,453
20,453
49,453
72,453
73,453
29,32,99,181,453
72,110,142,227,369,391,394,438,453
183,453
264,453
295,453
301,453
358,453
192,243,454
2,455
4,455
5,455
0,4,7,13,164,197,198,258,269,376,380,455
15,455
21,455
1,9,42,380,455
63,455
93,455
112,455
117,455
164,455
185,455
197,455
198,455
73,125,203,264,370,455
206,455
269,455
307,380,455
333,455
203,394,455
273,456
284,457
312,457
17,458
380,458
150,305,459
188,460
4,13,455,461
15,461
72,181,461
98,112,461
198,461
206,461
453,461
4,164,455,461
337,462
63,463
109,463
0,464
1,2,442,464
7,464
29,464
31,174,464
32,464
34,464
54,175,464
56,464
58,464
61,464
102,464
56,119,209,464
121,464
150,464
175,464
189,389,464
195,464
207,464
209,464
243,464
260,464
264,464
281,464
305,464
102,306,439,464
121,314,464
391,464
418,464
451,464
452,464
345,465
235,292,466
79,467
127,467
144,467
239,467
265,467
400,467
265,433,467
159,468
341,469
217,470
149,471
185,471
0,63,472
53,183,453,472
231,411,473
32,181,242,474
145,264,474
155,474
163,474
353,474
464,474
79,475
106,475
127,265,467,475
127,144,475
239,467,475
265,475
328,475
144,400,475
433,475
79,467,475
10,391,476
110,476
110,300,361,369,394,476
419,476
44,105,346,350,477
92,238,478
79,479
127,239,475,479
344,480
354,480
90,481
303,482
338,483
199,484
278,353,485
184,486
186,486
241,487
240,241,332,367,487
440,487
120,488
189,464,489
46,183,490
381,490
430,491
40,492
93,492
183,492
216,492
279,492
425,492
131,493
205,493
364,494
357,495
14,496
1,110,164,260,442,497
12,497
29,497
5,19,32,56,119,163,386,464,474,497
149,497
181,497
305,497
464,497
142,498
7,499
21,499
107,499
134,420,499
269,499
420,499
403,500
73,501
80,501
155,501
163,501
264,501
89,269,501
278,501
99,243,380,501
427,501
127,502
48,108,260,503
108,160,226,260,293,308,309,407,503
388,503
359,504
90,505
0,3,6,22,28,44,45,67,182,185,192,203,260,302,506
466,507
127,508
502,508
382,509
226,510
293,510
226,293,410,510
24,511
431,512
460,513
74,514
203,514
368,514
12,515
43,515
46,515
65,515
86,515
88,185,515
42,89,185,515
99,515
152,515
159,515
185,515
194,282,515
242,515
256,515
29,99,150,189,242,260,305,344,464,497,515
354,515
152,417,515
344,480,515
124,516
507,517
412,421,518
421,518
187,273,519
130,520
5,351,442,521
394,522
13,523
50,523
18,59,523
183,523
217,259,523
13,524
17,183,524
264,524
504,525
34,526
219,225,527
59,528
99,528
106,184,475,528
346,528
81,529
439,530
203,531
39,532
131,532
524,533
27,534
82,534
20,535
83,535
524,536
152,537
515,537
90,303,538
83,539
204,539
33,103,540
170,540
181,540
185,540
33,170,246,540
14,496,541
81,542
19,543
172,543
254,543
264,543
304,543
13,436,543
245,544
139,545
1,546
17,546
18,546
8,42,546
59,546
57,99,546
189,546
248,547
375,548
377,549
88,550
7,551
89,551
236,551
391,551
54,121,175,207,305,314,359,504,552
93,307,553
27,554
82,554
89,112,554
408,554
82,408,446,534,554
55,79,555
291,555
346,555
339,556
51,162,557
58,73,557
187,557
273,557
77,203,305,557
370,558
188,559
460,559
411,473,560
450,561
0,562
110,394,419,562
142,562
146,562
183,562
210,562
218,562
228,391,562
273,562
17,35,49,93,203,228,391,562
442,562
264,453,563
59,564
99,564
259,564
12,180,565
317,565
324,565
0,566
1,566
2,566
5,386,566
6,566
7,566
8,566
10,566
11,566
17,566
18,42,63,185,203,531,566
19,566
20,566
21,42,566
31,566
5,17,32,181,264,566
34,566
35,566
42,566
29,56,566
59,566
63,117,183,423,566
10,67,566
78,566
80,93,183,243,566
89,566
93,566
103,566
107,566
110,566
117,566
121,359,504,552,566
131,350,566
146,566
155,566
163,566
171,566
172,304,566
175,260,566
181,566
182,566
183,566
185,566
189,546,566
196,566
66,133,164,203,531,566
218,566
223,341,566
236,566
245,566
31,47,93,108,135,160,175,196,260,273,373,456,503,566
117,262,566
264,566
269,566
218,276,566
304,566
305,566
314,566
340,566
341,566
362,566
364,566
374,566
391,566
427,501,566
436,566
442,566
2,455,566
464,566
469,566
149,497,566
499,566
501,566
543,566
89,391,551,566
368,567
440,568
0,281,569
4,53,397,569
6,569
13,569
18,569
53,569
93,569
205,569
284,569
284,312,457,569
455,569
284,457,569
461,569
472,569
142,570
10,17,35,41,305,571
99,571
546,571
30,572
286,572
289,449,572
139,346,573
139,545,573
263,574
434,574
261,575
325,575
77,261,325,432,575
564,576
520,577
59,305,578
211,375,579
548,579
81,542,580
302,506,581
203,582
186,583
572,584
8,585
20,295,586
38,586
260,586
13,89,264,524,586
270,586
38,405,586
25,269,587
443,588
338,483,589
567,590
193,591
450,591
388,503,592
48,260,323,503,592
175,593
159,594
1,595
244,596
287,596
104,597
6,7,8,35,40,103,192,202,598
288,598
305,598
100,599
120,599
122,599
11,180,317,324,565,599
11,43,65,122,180,256,305,449,599
488,599
565,599
455,600
208,211,375,548,601
12,32,65,256,602
29,32,602
32,602
56,602
74,602
150,602
222,337,462,602
278,353,602
497,602
359,552,603
504,603
525,603
200,212,604
74,605
54,121,314,606
102,195,606
113,606
195,606
202,606
215,606
202,288,606
305,606
306,606
102,379,606
288,404,606
439,606
449,606
464,606
474,606
20,83,204,535,607
295,607
14,608
19,608
12,125,370,608
14,153,608
192,608
203,608
213,343,608
264,608
541,608
289,342,449,609
225,610
527,610
203,220,611
121,612
189,385,612
121,359,552,612
464,612
551,612
552,612
566,612
603,612
278,613
32,155,278,353,386,602,613
45,138,310,614
548,615
601,615
90,290,481,505,616
103,215,305,310,617
310,614,617
23,73,618
26,618
154,618
161,618
252,618
272,618
454,619
0,391,562,620
3,620
284,620
312,620
472,620
569,620
542,580,621
12,56,74,150,602,622
65,256,622
159,622
515,622
602,622
125,623
305,623
126,624
12,625
0,63,73,625
149,625
150,367,625
189,625
262,625
305,625
332,625
360,625
367,396,625
396,625
464,625
497,625
566,625
137,626
12,627
30,32,86,96,264,449,627
43,152,627
46,490,627
48,627
86,627
89,627
99,627
101,627
207,627
22,260,442,627
282,289,627
344,627
27,46,354,627
442,627
480,627
515,627
566,627
149,471,628
10,158,179,391,629
67,629
121,207,629
245,629
419,629
476,629
245,544,629
566,629
622,630
146,631
15,39,453,632
7,203,269,632
377,633
394,633
458,634
46,89,99,635
44,105,636
10,17,305,629,637
373,638
7,639
110,639
142,639
227,394,639
243,639
300,639
369,639
377,639
391,639
394,639
142,498,639
499,639
522,639
377,394,633,639
70,640
572,641
584,641
67,642
121,359,552,566,612,642
245,566,642
283,642
359,642
419,642
544,642
18,20,566,607,642
629,642
629,637,642
161,643
15,20,64,83,89,93,185,203,283,354,384,535,644
39,644
44,644
55,644
131,644
183,644
92,205,644
409,644
493,644
532,644
63,203,632,644
160,645
226,645
293,645
309,645
410,645
444,645
510,645
0,646
2,192,646
3,646
4,198,206,455,646
5,646
6,646
7,93,646
9,646
10,646
12,646
13,183,442,646
14,646
16,33,59,185,646
17,646
18,46,646
19,646
20,646
21,646
23,77,646
29,32,646
32,37,335,646
2,35,566,646
40,646
42,546,646
45,235,646
46,646
49,646
50,646
4,6,18,53,92,205,646
57,646
58,557,646
59,646
60,646
61,646
63,646
67,646
73,162,305,393,646
77,203,646
78,646
80,646
82,646
84,646
88,91,646
89,646
92,646
46,84,93,202,260,627,646
97,646
99,646
103,646
108,646
10,110,646
64,88,103,116,185,365,646
124,646
125,646
130,646
131,646
145,646
146,646
148,646
153,646
162,646
163,264,442,646
164,646
145,165,646
166,646
180,646
182,646
183,646
185,646
192,646
200,646
1,203,380,391,442,646
205,646
208,646
88,211,646
212,646
213,646
215,646
221,646
228,646
232,646
233,646
235,646
236,646
0,6,9,18,19,243,646
247,349,646
253,646
259,646
158,185,260,442,646
45,58,264,646
48,260,273,503,646
185,279,646
280,646
243,281,646
284,646
50,73,296,523,646
299,646
305,646
307,646
164,166,333,455,646
17,336,358,646
343,646
344,646
15,358,453,646
362,646
374,646
375,646
376,646
380,646
381,646
386,646
228,391,646
393,646
53,397,646
408,646
436,646
442,646
446,646
30,449,646
454,646
117,455,646
464,646
472,646
474,606,646
489,646
149,497,646
515,646
3,124,516,646
523,646
528,646
82,534,646
14,541,646
551,646
554,646
562,646
566,646
569,646
602,646
606,646
19,608,646
82,89,93,189,314,464,554,566,612,646
620,646
627,646
166,182,326,333,455,646,647
34,648
54,648
175,648
185,648
273,277,648
278,648
353,648
374,648
72,220,380,648
386,648
54,102,195,452,648
278,613,648
292,649
110,650
158,650
10,110,179,182,650
6,49,163,182,183,264,566,650
391,650
461,651
320,652
238,478,653
71,125,182,183,264,654
74,605,655
479,656
279,374,395,657
89,658
39,99,131,442,658
159,622,658
417,658
159,468,658
515,658
594,658
79,106,127,475,659
52,660
455,661
395,657,662
395,657,662
9,663
21,663
8,63,117,663
14,153,183,646,663
192,663
46,402,664
13,27,665
16,297,665
27,665
82,665
89,665
185,665
192,665
23,666
26,666
162,666
192,243,262,307,380,431,667
332,667
367,667
447,667
464,625,667
341,469,668
23,669
327,670
244,287,596,671
71,672
31,175,196,673
195,674
306,449,606,674
238,675
478,653,675
478,653,675
110,676
182,676
300,676
369,676
377,676
391,676
394,676
438,676
549,676
110,377,394,549,633,639,676
639,676
515,646,676
161,237,677
252,677
272,677
618,677
76,678
12,29,65,99,264,497,515,586,678
315,678
260,442,679
545,680
461,651,681
16,60,73,99,682
14,16,59,60,73,99,289,297,665,682
67,683
231,411,473,684
411,684
473,684
560,684
63,685
63,109,167,685
463,685
68,686
224,687
93,688
553,688
204,689
539,689
584,641,690
184,691
186,486,691
543,692
32,145,203,474,646,693
156,693
609,694
274,695
92,696
238,696
478,696
653,696
675,696
345,697
272,698
156,699
156,406,699
278,700
2,701
7,59,380,701
1,121,264,464,702
2,10,103,110,117,258,702
21,702
93,702
103,702
117,702
183,702
192,702
217,702
262,702
302,506,702
307,702
380,702
431,702
512,702
667,702
450,703
20,42,185,704
73,279,704
4,455,704
296,705
203,706
394,706
182,639,676,706
125,608,707
608,707
110,708
49,391,708
476,708
7,110,142,227,228,300,391,394,498,633,639,676,708
212,604,709
10,710
17,18,20,49,295,710
49,710
99,710
110,710
158,710
10,179,710
181,710
182,710
183,702,710
203,710
245,710
300,394,676,710
361,710
380,710
391,464,710
218,394,710
419,710
50,442,710
49,453,710
455,704,710
476,710
544,710
31,364,464,566,710
17,571,710
629,710
642,710
110,300,650,710
676,710
476,708,710
426,711
648,712
345,713
156,714
145,250,693,714
693,714
34,442,715
273,715
108,323,715
622,716
630,716
117,183,262,702,717
228,562,717
40,244,717
287,717
244,287,596,717
671,717
111,718
310,719
614,719
614,617,719
194,720
282,720
342,720
173,342,449,720
334,721
565,722
148,268,723
190,723
378,399,723
399,723
112,724
32,118,181,203,725
0,726
5,726
6,726
7,185,726
14,726
19,726
12,29,32,46,344,726
39,726
46,726
6,59,183,259,523,726
63,726
82,446,726
14,88,726
117,726
121,726
131,726
150,726
1,42,109,167,726
183,374,726
185,726
149,192,726
195,726
202,726
243,726
264,726
81,89,98,107,112,269,726
288,305,726
45,305,726
404,606,726
455,726
464,726
541,726
566,726
598,726
602,726
54,306,474,606,726
608,726
625,726
646,726
103,727
217,728
216,729
681,730
507,517,731
517,731
183,524,732
14,183,524,536,732
47,273,733
5,734
7,734
10,734
13,734
14,73,734
1,10,17,734
19,734
29,734
31,734
34,207,734
40,243,734
42,734
46,734
49,391,734
13,29,50,56,236,259,375,523,566,646,734
56,734
59,734
73,734
77,734
80,734
20,89,734
93,734
99,453,710,734
70,138,734
149,163,203,734
153,734
163,734
182,734
21,149,183,734
33,170,181,183,185,217,246,540,734
202,450,591,734
203,734
26,68,162,203,213,608,646,666,707,734
243,734
260,734
21,262,380,702,734
264,734
279,734
281,734
296,734
138,305,310,734
314,734
380,734
381,734
385,734
391,734
394,734
408,734
436,734
442,734
17,458,734
471,734
501,734
254,543,734
566,734
602,734
608,734
646,734
50,296,705,734
726,734
14,735
244,736
40,244,287,596,736
3,430,491,737
157,738
319,738
412,421,518,738
421,738
518,738
502,739
17,740
32,740
34,740
54,740
19,121,192,566,726,740
175,740
207,740
260,740
314,740
262,380,667,740
385,740
17,458,634,740
464,740
627,740
634,740
734,740
203,741
1,56,63,181,203,497,582,741
64,742
365,742
243,743
32,744
85,266,269,745
0,164,746
1,746
2,746
7,746
10,746
12,65,746
17,183,746
6,18,746
19,746
30,746
35,746
58,746
59,746
61,746
63,746
65,746
67,629,746
93,746
99,746
110,746
112,746
117,746
121,746
148,746
149,746
150,746
170,246,746
182,746
183,746
185,746
217,746
218,746
88,220,746
233,746
243,746
256,264,746
259,746
264,746
40,279,746
288,404,746
302,746
305,746
102,306,746
332,746
336,746
358,746
360,746
361,419,746
332,367,746
369,639,746
374,648,746
380,746
391,746
396,746
419,746
431,746
438,746
442,746
451,746
455,746
464,746
474,746
476,746
501,746
512,702,746
515,746
546,746
551,746
566,746
571,746
595,746
612,746
625,746
629,746
642,746
489,646,746
650,746
332,667,702,746
80,380,701,734,746
702,746
566,710,746
726,746
471,734,746
110,747
227,747
92,748
155,749
278,749
132,750
39,751
409,751
223,752
3,753
6,9,753
12,753
34,753
40,42,753
42,753
47,753
49,753
63,753
65,753
117,753
119,753
120,753
185,753
199,753
119,209,219,225,753
225,753
242,753
243,753
262,753
264,753
189,305,385,546,753
320,753
332,753
163,353,753
332,360,396,625,746,753
367,753
380,753
396,753
431,753
440,753
447,753
450,753
464,753
440,487,753
625,753
726,753
13,22,89,183,192,264,279,374,380,734,746,753
54,740,753
746,753
0,754
11,12,30,754
29,754
30,754
32,754
93,183,260,273,373,754
101,755
341,756
182,264,757
50,758
73,758
80,758
155,278,758
145,163,758
81,269,758
278,386,758
353,386,646,648,758
17,40,183,192,243,380,758
386,758
427,758
436,734,758
278,485,700,758
501,758
551,566,726,758
613,758
646,758
34,648,758
10,42,734,758
749,758
183,301,384,759
243,759
391,759
734,759
689,760
312,761
472,762
128,763
214,763
128,214,371,763
520,764
130,520,577,764
164,166,765
175,766
159,767
159,594,658,767
5,768
183,768
381,768
183,646,768
734,768
6,769
11,769
12,769
13,769
42,63,423,646,769
86,769
88,769
93,769
99,546,769
120,769
194,769
220,769
224,769
282,769
289,769
305,769
342,769
449,769
457,769
18,569,769
599,769
609,769
694,769
601,770
147,771
493,772
64,331,365,773
218,774
181,775
754,776
520,777
577,777
145,163,185,250,714,778
226,779
293,779
645,779
697,780
341,781
756,781
51,260,782
25,112,783
259,784
642,785
653,675,696,786
79,787
127,144,265,400,787
144,414,787
239,475,787
79,127,144,239,265,414,433,467,787
400,787
144,414,475,787
467,787
475,787
479,787
127,502,508,739,787
127,508,787
656,787
426,788
13,789
21,33,103,185,789
734,789
145,693,790
203,790
531,790
27,36,791
52,791
290,791
52,363,660,791
105,792
31,793
79,794
63,99,794
44,106,183,321,346,475,794
140,794
328,794
346,794
401,794
475,794
528,794
5,381,768,795
768,795
104,597,796
426,797
642,798
785,798
699,799
333,800
647,800
780,801
296,802
373,416,803
328,794,804
10,805
13,805
138,305,805
5,59,183,362,566,768,805
185,805
5,185,279,515,805
40,806
42,806
216,806
307,806
40,216,425,492,729,806
68,264,686,807
114,235,808
186,809
184,186,486,583,809
12,602,810
101,810
627,810
755,810
93,811
99,811
221,811
553,811
646,811
688,811
39,812
395,813
395,657,662,813
662,813
56,89,305,464,734,814
464,814
0,12,17,180,233,260,625,646,740,754,776,815
1,815
12,815
26,51,260,815
31,34,196,815
46,89,815
47,815
51,815
54,815
57,215,815
58,815
68,815
73,815
77,815
81,198,269,815
93,815
98,815
107,815
112,307,322,815
117,815
134,815
25,81,136,269,815
145,815
154,815
155,815
158,815
162,815
163,815
165,815
175,815
17,110,182,361,391,453,461,571,642,650,676,710,815
185,815
196,815
201,316,815
99,203,815
230,815
58,247,260,815
203,250,815
260,815
99,264,815
197,269,815
155,278,815
182,300,391,815
305,815
314,815
249,316,815
353,815
101,370,815
380,815
394,815
402,815
420,815
427,815
50,485,758,815
499,815
501,746,815
181,203,531,815
566,815
582,815
613,815
154,161,618,815
646,815
374,648,815
158,182,391,650,710,746,815
673,815
693,815
710,815
693,714,815
726,815
471,734,815
740,815
741,815
112,183,746,815
749,815
758,815
203,790,815
689,816
760,816
51,817
49,118,818
302,818
380,818
245,544,566,629,710,818
515,819
622,819
630,819
8,820
20,169,646,820
21,203,213,305,608,820
40,279,820
93,820
5,99,118,820
260,820
273,820
277,820
380,820
442,820
501,820
566,820
586,820
20,607,820
648,820
758,820
276,821
523,822
499,823
64,365,742,824
202,203,741,825
815,825
428,826
245,629,827
637,827
642,827
630,716,828
429,829
125,830
288,830
305,464,830
623,830
149,831
185,831
32,183,260,305,831
471,831
628,831
734,831
394,832
149,185,202,831,833
377,834
183,394,522,639,834
110,142,227,394,498,639,747,834
164,765,835
59,836
116,185,836
362,836
99,734,836
46,515,537,837
29,838
320,839
144,840
0,164,841
7,841
31,841
32,841
42,841
54,207,841
9,59,93,307,841
73,841
175,841
185,841
45,175,374,380,501,841
380,841
451,841
464,841
648,841
273,380,562,648,712,841
740,841
746,841
820,841
680,842
212,843
220,305,843
59,844
217,844
259,844
60,233,299,646,845
646,845
296,646,846
802,846
541,847
241,848
15,849
103,212,566,850
283,850
8,103,435,850
55,851
291,851
555,851
108,260,852
754,852
754,776,852
20,185,264,853
607,853
302,369,746,854
506,854
741,855
111,856
72,76,453,857
76,857
91,203,220,857
99,857
20,83,183,192,857
220,857
315,857
394,857
20,23,99,678,857
31,48,793,858
303,859
118,860
156,714,860
250,860
264,860
156,406,699,860
693,860
699,860
32,726,860
799,860
610,861
359,464,551,552,612,862
612,862
240,241,367,487,625,753,848,863
276,864
821,864
16,865
77,247,866
183,244,867
287,867
596,867
671,867
717,867
40,89,131,158,183,243,244,287,380,596,671,717,736,867
308,868
112,869
198,869
461,869
428,870
826,870
89,871
183,871
236,871
551,871
566,871
646,871
124,872
318,873
44,874
99,874
102,379,439,474,606,875
58,876
385,877
23,878
57,878
73,878
113,878
175,878
250,878
380,878
646,878
815,878
416,879
803,879
430,491,880
491,737,880
5,20,881
42,59,881
99,881
253,881
171,256,881
305,881
86,342,881
445,881
449,881
103,200,882
18,21,103,212,267,882
105,131,205,792,883
155,884
273,884
278,884
353,884
278,386,646,758,884
613,884
26,260,374,386,613,648,815,884
700,884
726,884
758,884
201,249,815,884
12,885
370,885
497,885
761,886
3,887
45,305,887
625,887
464,474,566,753,887
19,42,109,167,888
670,889
719,890
761,886,891
224,892
66,115,128,763,893
128,214,893
371,893
499,894
499,823,894
102,875,895
464,895
875,895
350,896
598,897
56,898
464,898
489,898
602,898
365,899
426,900
797,900
420,901
27,36,902
36,90,902
290,902
654,903
234,904
723,905
572,641,906
182,907
757,907
276,908
455,909
455,661,909
472,910
762,910
17,911
32,911
118,911
597,796,912
375,913
548,913
579,913
601,913
548,615,913
163,914
427,501,566,815,914
13,50,296,436,543,705,758,915
155,386,646,915
749,915
758,915
255,916
4,917
18,42,331,773,917
25,98,136,917
98,917
99,917
110,917
112,869,917
197,917
198,206,917
206,917
269,917
307,917
438,917
455,917
15,461,917
469,917
566,917
587,917
668,917
710,917
869,917
24,918
291,919
851,919
34,260,920
207,920
278,920
386,920
648,920
814,921
912,922
1,923
4,923
164,923
164,166,326,333,646,923
258,923
326,923
333,923
446,923
546,923
646,923
545,924
55,925
169,926
792,927
584,928
641,928
700,929
0,269,815,930
2,103,192,702,930
5,930
53,284,646,930
84,930
93,391,442,930
117,930
185,930
260,930
284,930
312,930
386,930
455,930
457,930
566,930
569,930
620,930
7,192,442,646,930
182,300,438,633,676,746,930
917,931
524,932
536,932
732,932
814,921,933
313,934
121,464,935
566,935
298,936
830,937
455,938
661,938
112,197,198,269,917,938
16,939
24,939
31,175,939
32,939
34,939
47,305,939
48,939
54,939
58,939
59,939
73,305,939
99,939
175,939
32,185,939
273,939
407,939
34,47,526,939
175,593,939
744,939
766,939
820,939
841,939
878,939
415,940
9,42,391,569,609,646,694,769,941
406,942
416,943
4,944
616,945
5,946
11,946
30,946
32,946
100,449,946
120,946
122,449,946
11,143,180,242,946
171,946
180,946
224,946
242,946
256,946
258,946
86,342,449,946
344,946
383,946
449,946
276,566,946
21,646,946
687,946
725,946
881,946
629,947
312,761,886,948
761,891,948
82,949
232,646,949
443,949
506,950
581,950
163,951
185,951
185,952
263,264,403,434,500,574,953
296,954
436,954
19,32,96,118,353,646,954
199,320,955
42,956
646,956
7,957
377,394,957
549,676,957
639,957
676,957
639,834,957
45,958
235,958
332,958
360,958
396,958
625,958
650,746,958
753,958
887,958
269,499,959
823,959
894,959
164,765,835,960
13,51,57,58,73,82,89,135,187,203,260,323,373,449,557,961
534,961
646,961
54,962
648,962
41,963
95,963
188,963
95,329,963
392,963
853,964
886,965
548,966
280,967
646,967
823,968
576,969
587,970
917,970
131,971
350,971
477,971
16,972
587,973
587,970,973
184,974
125,975
541,975
608,975
310,976
614,976
614,617,976
719,976
154,977
252,977
21,132,750,978
23,26,979
57,979
44,89,99,106,146,528,631,811,980
183,980
146,631,980
680,981
479,982
815,983
381,984
12,622,985
630,716,985
630,828,985
524,986
536,986
536,732,986
932,986
309,444,987
254,264,988
628,989
948,990
73,991
77,991
80,991
19,110,243,639,650,991
261,991
2,56,192,212,305,991
325,991
432,991
438,991
501,991
646,991
21,499,992
21,123,992
123,132,992
750,992
978,992
244,993
962,994
14,88,211,995
163,996
474,996
358,997
638,998
0,999
472,999
620,999
762,999
762,910,999
4,53,397,646,1000
7,1000
40,1000
1,42,61,1000
149,185,1000
197,1000
198,1000
455,1000
198,461,1000
646,1000
269,469,501,668,917,1000
930,1000
690,1001
59,1002
259,1002
844,1002
624,1003
222,1004
