0,1
1,2
0,3
0,3,4
0,1,5
2,5
0,1,6
1,5,6
3,6
0,4,6
0,3,4,6,7
4,7
6,7
1,8
5,8
6,8
1,9
6,9
7,9
8,9
1,2,5,7,8,9,10
5,11
11,12
0,13
4,13
6,13
6,7,13
1,9,13
0,1,5,13,14
0,15
1,8,14,15
3,15
4,15
5,15
6,15
7,15
8,15
9,15
13,15
1,2,16
6,16
7,9,16
13,16
1,14,16
3,6,8,17
11,12,18
12,18
9,19
1,20
6,20
14,20
16,20
17,20
0,21
1,21
3,21
6,21
7,21
9,21
13,21
15,21
17,21
7,22
2,23
7,24
9,25
19,25
0,1,26
15,21,27
11,28
12,28
18,28
25,29
0,6,9,30
7,30
22,30
0,1,3,4,5,6,7,8,9,13,15,16,17,19,21,26,27,30,31
24,32
1,6,15,33
2,33
5,33
10,33
23,33
1,34
3,34
4,34
6,34
14,16,20,34
15,27,34
17,34
14,20,34
24,35
32,35
1,36
2,36
23,36
1,2,5,7,9,10,13,15,16,19,23,33,36
1,37
33,37
2,38
11,39
8,40
0,1,2,10,14,21,31,36,41
20,42
0,6,13,26,43
4,43
13,43
0,1,15,17,21,26,43
1,44
31,44
11,45
12,45
18,45
28,45
2,46
10,46
38,46
41,46
28,47
0,48
1,34,48
0,3,6,15,17,21,34,48
0,4,8,15,43,48
6,48
0,7,48
8,48
13,48
15,48
20,48
15,21,48
22,48
1,6,14,15,34,48
42,48
43,48
26,49
6,50
8,50
9,50
20,50
48,50
1,51
5,51
11,51
28,51
39,51
1,52
8,15,52
13,52
7,8,15,52
20,52
42,52
48,52
1,53
5,53
5,11,28,51,53
12,53
18,53
28,53
45,53
51,53
9,13,54
19,54
25,54
29,54
38,55
3,56
9,19,25,29,57
1,6,7,8,58
2,58
2,10,38,46,58
11,18,28,58
28,58
34,58
41,46,58
45,58
11,12,53,58
0,59
1,4,5,15,33,59
5,8,59
6,59
9,59
11,59
12,59
15,59
18,59
19,59
21,59
25,59
28,53,59
29,59
11,12,18,28,39,45,51,53,58,59
18,45,59
51,59
53,59
54,59
58,59
0,60
6,60
7,60
22,60
30,60
2,23,61
6,14,16,62
37,63
0,64
1,64
3,64
6,7,8,30,64
7,64
8,64
13,64
15,27,52,64
18,64
1,20,64
21,64
22,60,64
28,59,64
31,64
42,64
0,1,3,4,6,7,9,13,21,22,30,48,60,64
53,64
60,64
9,16,25,65
9,66
65,66
12,67
16,62,68
2,69
38,69
10,41,69
41,46,69
1,14,34,70
1,2,58,70
5,70
10,70
18,21,39,59,70
23,70
3,34,70
10,41,70
41,46,70
58,70
15,59,70
69,70
32,71
25,72
9,73
65,73
66,73
1,11,18,28,51,74
46,75
9,76
19,76
25,76
0,77
1,77
2,77
4,13,43,77
8,77
31,77
33,36,77
8,40,77
44,77
48,77
58,77
64,77
16,78
62,78
62,68,78
1,79
5,79
11,79
21,79
1,2,23,33,36,61,79
41,58,69,79
28,45,58,79
3,6,42,48,53,56,64,79
64,79
2,5,23,46,70,79
0,80
18,70,81
77,82
17,83
20,42,83
48,64,83
61,84
12,45,53,85
1,12,53,86
1,87
2,87
36,87
62,88
78,88
81,89
85,90
25,91
57,91
9,76,91
11,12,67,92
1,93
13,93
16,93
62,68,93
68,93
78,93
88,93
3,94
56,94
12,95
0,4,96
0,80,96
92,97
45,98
1,58,98
67,92,99
97,99
1,100
17,101
62,102
93,102
12,103
45,103
67,103
92,103
99,103
1,23,36,87,104
92,105
0,106
1,106
2,106
3,106
4,106
5,106
6,106
7,106
5,8,40,79,106
9,50,106
11,106
12,106
13,106
14,20,106
1,3,6,13,15,42,51,52,106
18,106
20,106
21,106
22,106
28,106
29,59,106
30,106
31,44,64,77,106
34,106
42,106
44,77,106
48,106
8,13,40,48,52,106
53,106
3,56,106
58,106
0,6,13,15,21,33,59,77,79,80,96,106
60,106
64,106
77,106
79,106
85,106
94,106
100,106
55,107
78,108
24,109
32,109
71,109
8,110
11,111
45,111
1,112
6,113
7,113
15,113
22,113
30,113
48,113
60,113
6,7,13,15,22,30,48,58,60,64,77,106,114
24,35,114
7,24,32,35,71,114
9,115
1,6,17,116
20,116
8,117
64,117
113,118
110,119
53,120
86,120
0,121
0,60,122
1,122
2,122
3,122
6,122
7,122
8,122
9,122
13,122
14,122
15,122
18,45,64,122
24,122
27,122
22,30,60,106,122
31,122
33,122
1,36,122
38,122
2,23,41,70,122
46,122
48,122
9,16,25,50,122
55,122
58,70,81,122
60,122
64,122
69,122
10,38,58,69,70,122
77,122
82,122
87,122
104,122
1,3,14,16,20,42,56,106,122
55,107,122
113,122
118,122
67,103,123
85,124
48,125
0,126
1,126
3,126
4,126
5,126
6,126
7,126
6,8,126
13,126
15,126
17,126
21,126
22,126
3,8,9,15,27,94,106,126
28,126
34,126
48,126
59,126
64,126
58,77,126
2,11,106,126
113,126
110,127
48,128
105,129
1,130
0,7,13,28,59,106,130
1,36,130
41,130
46,130
122,130
1,33,131
45,132
106,133
30,134
6,7,30,60,64,113,135
9,50,135
15,135
29,135
94,106,135
106,135
11,136
39,136
59,136
68,137
65,138
34,139
26,43,48,122,139
9,19,140
22,141
113,141
78,142
24,143
32,143
8,33,77,144
110,144
127,144
1,145
2,145
8,145
10,145
11,18,59,111,122,145
12,145
18,145
23,145
28,145
29,145
31,145
33,145
34,145
2,36,87,122,145
39,145
45,145
48,145
52,145
53,145
58,59,145
59,145
23,61,69,70,145
70,145
77,145
79,145
82,145
87,145
28,106,145
45,111,145
122,145
126,145
136,145
49,146
15,147
52,147
76,148
6,9,13,16,20,66,93,115,126,149
93,150
99,151
73,152
33,153
0,6,15,154
62,88,155
93,155
150,155
75,156
78,142,157
46,158
75,158
156,158
49,159
6,20,42,52,160
6,16,17,20,62,68,116,126,161
13,122,162
7,24,163
0,164
20,50,122,165
0,3,60,94,135,166
34,166
1,9,167
2,167
5,167
6,167
7,167
9,167
10,167
11,167
12,167
13,167
14,34,167
15,167
13,16,93,167
18,167
21,167
19,25,76,167
28,167
31,167
33,167
36,79,145,167
37,167
41,70,167
44,167
45,167
46,167
51,167
53,167
54,167
57,167
58,167
59,167
64,167
69,167
70,167
72,167
46,75,167
76,167
77,167
79,167
83,167
85,90,167
86,167
90,167
57,91,167
16,78,88,93,167
4,106,167
117,167
120,167
122,167
106,126,167
130,167
131,167
136,167
106,145,167
0,168
1,168
2,7,83,87,167,168
3,168
4,168
5,168
6,168
7,168
8,110,119,168
9,115,168
10,70,168
11,168
12,85,168
13,168
3,7,15,34,60,106,126,166,168
16,168
18,168
19,168
21,168
5,23,61,70,79,84,122,168
24,168
25,168
26,168
27,59,126,168
28,168
31,168
32,168
33,168
34,70,168
24,35,114,168
36,168
41,168
43,168
44,167,168
11,45,168
38,46,168
48,168
52,168
53,168
54,168
58,168
59,168
60,168
61,168
64,77,168
65,168
66,168
12,28,45,67,103,168
1,70,168
71,168
73,168
76,168
1,44,77,106,168
53,64,79,145,168
85,168
85,90,168
91,168
93,168
98,168
106,168
107,168
32,109,168
111,168
113,168
35,114,168
115,168
118,168
122,168
123,168
126,168
7,135,168
59,136,168
138,168
140,168
126,145,168
76,148,167,168
149,168
154,168
162,168
163,168
79,167,168
94,169
36,104,122,170
53,171
86,171
73,172
152,172
24,173
85,173
24,163,173
168,173
64,79,174
106,174
92,175
111,176
45,177
104,178
18,179
0,180
7,180
8,180
13,180
18,180
21,180
28,180
43,48,180
47,180
29,54,168,180
58,180
59,180
64,180
117,180
145,180
28,167,180
168,180
1,181
36,181
1,100,181
104,181
104,178,181
7,182
22,30,60,168,182
24,182
32,109,182
2,5,23,33,34,41,46,52,61,70,75,79,122,145,167,168,182
66,182
71,182
24,32,71,109,182
113,122,182
2,8,12,40,45,71,77,79,85,95,109,111,136,145,168,173,182
0,183
7,183
22,183
26,183
43,183
60,183
107,122,183
126,183
0,164,183
9,98,168,184
23,185
33,185
70,185
168,185
15,22,60,113,186
164,187
183,187
48,145,188
1,189
0,190
3,190
6,190
34,190
34,191
166,191
67,192
110,193
144,193
60,194
0,80,96,195
96,195
0,190,196
4,196
8,196
13,196
18,196
33,122,196
37,196
79,196
106,168,196
126,196
174,196
28,51,197
86,120,198
167,198
0,199
4,199
6,199
7,24,199
8,199
9,199
10,167,199
13,199
18,199
21,199
26,49,159,164,183,199
2,23,33,36,70,77,122,145,199
36,199
41,199
4,43,196,199
45,199
3,48,199
58,199
25,59,199
66,199
70,199
79,199
85,199
85,90,199
98,199
104,199
106,199
113,199
122,199
123,199
126,199
11,136,199
149,199
153,199
154,199
163,199
167,199
168,199
170,199
174,199
178,199
181,199
196,199
1,200
14,200
14,17,20,38,48,50,64,106,122,200
20,160,200
2,9,13,19,21,25,46,57,66,76,91,106,122,148,167,168,196,199,200
1,201
189,201
98,202
80,96,195,203
2,204
4,204
34,204
77,204
122,204
52,147,205
84,206
8,50,64,117,165,207
58,207
77,207
110,207
122,207
72,208
92,99,151,209
87,210
7,18,66,70,199,211
45,132,199,211
51,211
0,7,18,21,22,28,30,48,59,74,113,118,126,182,211
197,211
43,212
165,213
11,214
12,214
13,214
21,214
24,114,214
12,45,214
0,15,21,33,45,79,106,214
85,214
90,214
98,202,214
67,97,99,103,214
58,106,214
111,214
124,214
145,214
163,214
167,214
168,214
170,214
173,214
10,167,199,214
111,215
31,216
196,217
69,218
48,219
177,220
18,221
46,122,221
157,222
145,223
172,224
69,225
69,93,167,218,225
189,201,226
75,227
156,227
2,46,75,156,158,167,227
58,228
145,228
223,228
0,121,122,229
1,229
6,229
31,229
44,229
21,45,53,79,111,229
0,24,35,59,60,114,122,168,199,229
64,229
77,229
79,229
106,229
167,229
168,229
190,229
60,194,229
200,229
1,51,230
23,230
26,230
33,230
36,87,122,230
49,230
5,59,70,230
79,230
49,146,230
159,230
168,230
183,230
185,230
223,231
3,232
13,232
16,232
9,15,27,232
43,232
45,79,98,153,154,167,199,202,232
1,2,31,38,106,232
15,122,232
126,232
13,162,168,232
168,232
1,233
88,233
93,233
102,233
65,66,73,104,149,163,168,170,173,199,234
7,24,60,135,214,234
34,235
3,48,126,219,235
139,235
145,214,236
188,236
13,43,168,237
180,237
98,238
184,238
7,24,239
24,114,239
47,240
180,240
93,241
1,242
3,242
5,242
9,242
2,10,12,23,33,58,70,95,154,168,230,242
11,242
16,242
17,242
20,34,242
21,242
25,54,168,242
28,242
34,242
15,48,242
51,242
53,242
56,242
59,242
62,242
64,242
70,242
76,242
77,242
21,79,126,242
17,83,167,242
86,242
4,13,16,48,78,88,93,106,108,155,167,233,242
93,242
94,242
1,106,145,242
45,111,242
120,242
122,242
136,242
148,242
117,167,242
168,242
171,242
198,242
44,243
0,1,7,60,64,122,126,130,196,244
1,244
4,244
5,244
6,244
7,244
8,244
9,93,167,244
11,244
13,244
15,244
17,244
20,244
0,21,180,244
26,244
27,244
18,28,64,244
39,244
42,244
0,43,244
48,64,77,168,244
39,51,244
53,59,244
54,180,244
57,244
58,244
59,244
64,244
65,244
66,244
77,244
79,244
82,244
85,244
106,244
110,244
113,244
122,244
124,214,244
126,244
136,244
34,145,166,188,236,244
149,244
167,244
168,244
174,244
58,167,180,237,244
164,183,244
196,244
198,244
199,244
122,207,244
0,6,7,43,77,96,113,126,212,244
214,244
229,244
232,244
237,244
5,20,21,53,86,88,93,242,244
3,245
4,13,48,245
6,245
15,245
16,245
20,64,160,200,245
31,167,216,245
30,56,106,242,245
59,245
62,245
70,245
78,245
1,93,155,167,245
94,245
106,245
107,245
108,245
6,122,245
142,245
28,54,59,162,168,232,245
3,166,245
167,245
169,245
190,245
229,245
232,245
244,245
201,246
53,247
241,248
89,249
4,250
7,250
1,9,250
13,250
15,250
16,250
25,250
22,60,122,183,194,229,250
11,244,250
245,250
152,251
73,252
168,252
64,253
11,111,145,253
168,253
180,253
83,254
197,255
109,256
60,257
110,258
35,259
168,259
1,260
8,260
117,260
180,260
49,146,261
0,262
1,262
2,262
3,262
4,262
5,262
6,7,113,262
7,262
8,262
9,50,59,262
11,262
12,262
13,262
15,167,262
16,78,262
19,262
20,262
21,262
22,262
23,262
24,262
25,29,262
26,262
27,262
28,262
29,262
32,109,262
33,262
34,262
35,262
23,33,36,45,98,104,122,170,199,214,232,262
38,69,262
39,262
15,42,64,244,262
43,262
44,262
45,132,262
7,48,262
51,262
52,262
53,244,262
54,262
38,55,69,167,262
56,262
57,262
59,262
60,262
61,262
62,262
64,262
68,262
2,69,262
70,262
24,71,109,114,214,262
18,28,74,262
76,262
77,82,262
78,262
84,262
85,124,262
86,262
87,262
88,262
91,262
93,262
94,262
98,262
102,262
104,262
106,214,262
107,262
108,262
114,262
86,120,262
43,122,180,183,237,244,262
126,262
48,128,262
130,262
106,135,262
136,262
19,140,168,262
145,262
147,262
153,262
20,160,262
162,262
163,199,214,262
166,262
167,262
168,262
171,262
173,262
174,262
177,262
180,262
182,262
183,262
33,185,262
3,34,166,191,245,262
33,196,262
198,242,262
199,262
200,262
206,262
211,262
214,262
220,262
221,262
230,262
232,262
233,262
237,262
239,262
242,262
243,262
244,262
245,262
250,262
259,262
56,263
108,263
245,263
261,264
166,265
193,266
79,267
12,268
12,95,145,262,268
251,269
18,270
64,270
47,271
180,271
47,180,240,271
54,272
12,45,273
98,273
111,273
168,273
211,273
214,273
35,274
114,274
262,274
157,222,275
73,276
94,277
135,277
1,278
2,5,15,51,70,278
48,64,85,168,199,278
181,278
265,279
34,280
106,280
126,280
166,280
7,167,180,280
191,280
33,36,262,280
20,198,242,281
195,282
195,203,282
183,283
201,284
201,226,284
44,285
76,168,285
91,285
168,285
229,285
114,262,285
136,286
122,287
247,288
92,289
105,129,289
129,289
261,290
264,290
264,291
62,292
78,292
88,292
93,292
150,292
155,292
159,293
65,294
73,294
152,294
13,168,294
244,294
152,172,251,269,294
269,294
190,295
1,79,296
220,297
121,298
3,166,299
26,244,300
36,300
43,300
48,106,300
60,300
183,300
19,33,44,140,168,229,230,300
232,300
48,278,301
22,302
30,302
64,302
1,260,303
4,304
204,304
195,305
203,305
1,306
3,306
11,306
21,306
25,306
2,33,37,306
34,306
42,306
45,306
52,306
59,306
64,306
13,93,167,306
98,184,238,306
0,3,106,166,262,306
55,107,245,306
45,111,306
136,244,306
140,306
167,306
168,306
185,306
198,242,306
199,306
98,202,306
214,306
215,306
230,306
242,306
245,306
5,106,242,262,306
28,45,47,53,211,240,271,273,306
166,307
18,308
221,308
206,309
242,310
45,311
58,98,311
199,311
92,312
97,312
99,312
92,175,312
127,313
12,103,314
85,314
124,314
8,315
32,315
143,315
182,315
244,262,315
0,43,180,260,316
237,316
48,317
128,317
262,317
315,317
12,318
24,85,124,163,168,173,214,234,262,318
314,318
110,319
71,320
24,109,182,320
256,320
13,321
162,321
4,322
5,322
6,322
7,30,322
13,322
15,52,322
18,322
19,322
22,322
24,322
25,322
30,322
36,322
59,322
60,322
60,64,322
76,322
77,322
83,242,322
106,322
114,322
0,15,80,96,126,195,203,322
145,322
22,48,106,126,167,322
168,322
178,322
186,322
196,322
199,322
1,229,322
9,18,21,48,58,59,168,180,240,242,322
244,322
250,322
83,254,322
262,322
285,322
22,30,64,180,302,322
285,323
0,3,229,324
15,324
16,324
20,262,324
28,145,324
52,324
60,257,300,324
78,324
28,56,86,106,107,122,171,242,245,262,274,324
108,324
78,142,157,222,245,262,275,324
142,157,222,245,324
162,324
167,324
168,324
190,324
200,324
222,324
229,324
245,324
262,324
322,324
12,325
95,325
268,325
70,81,89,249,326
81,89,326
249,326
9,327
92,99,328
175,328
95,329
208,330
317,331
220,332
110,333
8,110,127,144,207,333
193,333
12,268,334
85,334
314,334
318,334
0,335
18,335
43,335
53,335
59,335
120,335
167,335
229,335
242,335
247,335
288,335
107,122,336
220,336
262,336
68,262,337
18,52,53,179,262,338
178,338
196,338
199,338
335,338
166,339
265,339
279,339
11,136,214,286,340
254,341
216,342
33,199,242,306,338,343
24,32,109,344
182,344
217,345
195,346
195,203,305,346
96,195,305,346
63,347
0,348
4,245,348
26,348
48,348
339,349
25,54,242,350
58,311,350
72,350
53,120,167,214,250,262,335,350
208,350
16,93,262,351
306,351
30,352
134,352
58,70,77,353
79,353
13,106,168,273,353
253,353
5,168,354
8,355
28,45,355
47,355
180,355
180,240,355
244,355
271,355
31,356
216,356
342,356
70,357
70,81,89,357
230,357
249,326,357
3,358
20,359
48,359
153,160,191,262,359
200,359
114,262,359
1,360
5,360
11,360
49,360
79,360
49,146,360
230,360
146,261,264,360
264,290,360
290,360
291,360
222,361
106,362
198,362
242,310,362
17,85,244,322,362
175,363
56,364
265,365
339,365
349,365
8,366
145,366
1,367
2,367
4,6,367
8,367
10,367
23,168,367
26,367
12,28,367
33,367
5,15,26,36,49,87,146,185,214,230,244,261,300,360,367
43,367
45,367
49,367
58,367
59,367
61,367
64,367
34,70,367
77,367
84,367
87,367
98,367
111,367
122,367
3,34,126,367
45,132,367
61,145,367
146,230,367
159,367
4,7,34,126,145,167,367
168,367
7,20,21,29,43,57,106,180,244,367
181,367
185,367
79,149,196,199,367
123,199,367
230,367
262,367
300,367
306,367
322,367
324,367
357,367
360,367
22,26,43,70,183,230,368
222,369
0,180,262,370
2,122,370
7,370
4,13,43,370
22,30,370
30,370
38,370
55,107,168,370
6,64,370
77,370
0,80,195,370
110,333,370
15,113,126,141,370
119,370
122,370
134,370
144,370
110,193,370
199,244,370
250,370
262,370
7,22,30,126,199,302,352,370
106,322,370
131,371
80,372
115,373
0,121,298,374
0,375
1,375
3,375
4,375
7,375
10,375
15,375
16,375
17,375
20,375
21,126,375
23,375
24,375
26,375
33,131,375
34,375
35,375
36,375
41,375
46,167,375
49,375
52,375
56,94,375
60,375
62,375
64,375
68,375
69,375
70,199,375
77,375
78,375
33,79,375
93,375
106,375
107,375
122,375
126,375
130,375
139,375
142,375
145,375
146,375
150,375
155,375
157,162,222,324,375
159,375
166,375
1,7,15,22,126,167,322,375
168,375
178,375
181,375
182,375
183,375
33,185,375
191,375
194,375
199,375
222,275,324,375
230,375
3,232,375
233,375
242,375
245,375
250,262,375
262,375
222,275,375
126,280,375
292,375
198,262,306,375
4,49,146,168,196,322,367,375
324,375
337,375
70,353,375
360,375
364,375
367,375
1,376
10,376
36,376
53,335,376
88,376
106,376
130,262,376
109,182,344,376
189,376
1,189,201,284,376
230,376
233,376
242,376
201,226,246,376
375,376
242,377
230,378
368,378
198,379
53,79,167,380
296,380
97,381
326,382
45,383
70,383
79,383
311,383
75,384
156,384
158,384
227,384
377,385
110,127,319,386
90,387
6,154,388
17,34,388
59,388
126,388
183,388
7,15,389
89,249,326,382,390
29,391
65,392
62,242,393
85,334,393
136,393
173,393
77,140,262,393
318,393
5,394
90,395
214,395
306,395
199,396
1,278,397
22,398
186,398
322,398
217,399
28,53,324,400
64,400
90,401
196,402
1,403
7,403
11,403
20,403
21,26,168,403
23,403
28,403
45,403
47,240,403
48,403
53,403
59,403
60,403
61,84,403
74,262,403
79,403
90,403
98,403
85,106,214,403
111,403
113,403
116,403
136,403
167,403
8,32,71,109,168,403
171,403
176,403
180,403
18,51,211,403
85,214,403
215,403
173,234,403
21,242,376,403
106,245,403
262,403
12,45,95,111,214,273,325,329,403
1,2,278,403
306,403
367,403
375,403
1,404
2,404
5,404
6,404
1,9,404
10,404
15,244,324,404
16,404
23,404
33,37,404
36,232,375,404
41,122,204,404
48,404
52,404
58,404
59,404
66,404
70,404
73,404
21,70,79,98,168,404
85,404
110,404
111,404
112,404
113,404
119,404
122,404
130,404
144,404
145,404
52,147,404
167,404
168,353,404
173,404
180,404
182,404
193,404
204,404
205,404
214,404
215,404
48,106,229,404
234,403,404
244,404
9,70,130,262,404
287,404
306,404
333,404
357,404
7,80,110,370,404
376,404
403,404
350,405
98,406
184,406
238,406
129,407
22,408
186,398,408
322,408
398,408
250,409
380,410
12,59,411
95,411
325,411
68,412
137,412
103,413
34,414
272,415
8,416
45,145,322,366,416
223,416
228,416
231,416
315,416
366,416
29,417
152,418
172,418
182,419
344,419
82,420
244,420
64,421
83,421
272,422
53,423
171,423
262,423
377,424
385,424
4,425
204,425
1,426
6,426
1,201,426
201,246,376,426
376,426
14,122,427
81,428
73,429
152,251,429
172,429
224,429
251,429
73,244,251,294,429
418,429
139,430
10,431
168,182,431
189,431
201,376,431
230,431
376,431
426,431
102,432
317,433
6,434
30,434
31,434
5,44,98,106,194,220,229,242,262,434
60,375,434
64,434
106,434
167,434
168,434
216,342,434
31,216,232,245,342,356,434
31,356,434
200,435
20,359,435
264,436
290,436
264,291,436
360,436
29,437
308,438
116,439
272,440
272,422,440
431,441
130,376,442
4,250,442
375,442
28,443
43,443
48,145,443
61,443
84,443
168,306,443
180,443
242,443
262,443
26,232,300,443
316,443
180,403,443
21,444
242,444
57,445
69,446
414,447
99,448
151,448
209,448
16,56,168,229,245,324,403,449
20,449
250,449
167,324,449
65,73,168,252,276,294,404,429,450
82,451
420,451
1,36,44,452
9,54,452
15,21,452
8,13,21,122,180,452
27,452
34,452
42,106,452
13,48,452
28,51,211,242,452
54,452
106,452
107,168,452
139,452
147,205,452
235,452
250,452
272,452
300,452
375,452
415,452
422,452
440,452
250,375,442,452
442,453
323,454
18,455
320,456
134,457
79,458
353,458
403,458
56,364,375,459
323,460
454,460
275,461
62,78,88,93,150,155,292,375,461
375,461
51,462
7,182,463
64,464
421,464
142,465
385,424,466
42,467
38,46,158,262,370,468
55,468
70,468
56,107,108,245,263,468
0,13,14,18,122,167,168,322,468
168,468
245,468
262,468
306,468
317,433,469
245,470
109,256,471
46,472
158,472
75,156,158,227,472
384,472
229,473
200,474
9,475
15,475
9,19,475
23,475
24,475
25,322,475
29,475
1,44,77,167,200,229,475
54,475
59,211,475
61,475
65,475
73,168,475
79,475
104,178,199,335,338,475
126,475
135,277,475
145,475
148,475
152,475
28,167,168,475
170,475
173,475
178,475
199,475
214,475
234,475
15,244,475
251,475
26,183,244,262,348,375,475
269,475
152,251,269,294,429,475
391,475
403,475
1,287,404,475
29,417,475
294,418,429,475
429,475
29,437,475
43,300,443,475
1,13,16,64,476
4,476
5,476
6,476
7,476
8,40,50,77,476
9,476
11,476
13,476
15,476
16,476
20,476
21,476
28,476
29,476
34,204,304,476
39,476
43,476
45,145,476
47,476
48,64,476
50,476
51,476
8,52,476
53,59,64,222,375,476
53,58,145,476
53,59,476
60,183,476
0,64,476
77,476
111,476
62,106,122,292,375,476
85,124,214,244,314,476
126,476
35,130,375,476
135,476
136,476
139,476
145,476
147,476
152,429,476
165,476
167,476
53,171,262,423,476
180,476
189,431,476
191,476
197,476
200,476
204,476
205,476
197,211,255,476
229,324,476
237,476
242,476
244,476
247,476
250,476
19,25,54,262,476
272,476
273,476
280,476
287,476
45,311,476
316,476
335,476
355,476
8,145,262,366,476
79,375,476
376,476
403,476
59,145,404,476
421,476
53,423,476
429,476
342,356,434,476
442,476
21,59,180,214,244,403,444,476
452,476
453,476
462,476
200,474,476
475,476
1,278,477
278,397,477
30,478
119,478
134,478
352,478
370,478
457,478
448,479
142,245,480
64,107,178,324,336,375,481
9,76,199,482
285,482
221,483
26,484
206,485
8,486
442,487
247,488
476,488
203,282,489
6,17,490
20,490
21,490
83,490
116,490
161,490
93,245,490
403,490
116,439,490
82,491
244,491
18,492
455,492
148,493
107,494
93,107,306,351,468,481,494
13,495
46,495
59,495
66,495
82,495
122,495
5,8,48,126,359,495
122,145,223,495
149,495
75,158,227,495
180,237,244,495
199,495
244,495
77,196,367,495
375,495
420,495
420,451,495
491,495
72,496
208,496
330,496
350,496
73,152,429,497
172,418,497
224,497
429,497
0,498
1,498
2,262,498
3,498
4,498
5,498
6,498
7,498
11,498
13,498
15,498
17,498
17,20,126,244,388,498
21,498
23,498
3,15,26,31,44,45,56,91,94,167,168,169,183,229,242,244,245,262,263,285,322,324,360,367,375,498
31,122,498
33,498
36,498
39,498
41,498
7,43,180,498
38,41,46,222,375,498
48,498
49,146,159,498
51,498
58,228,311,367,498
59,498
60,498
62,498
1,8,18,33,45,52,64,77,79,120,167,168,174,196,229,230,242,262,270,306,338,353,360,498
69,498
70,122,498
77,498
68,78,375,498
79,498
83,498
88,498
93,241,498
1,100,181,498
104,475,498
106,498
68,78,108,498
113,118,122,498
122,498
130,498
85,136,262,498
20,142,245,498
145,498
146,498
167,498
168,262,498
178,322,498
180,498
181,498
183,498
185,498
4,26,199,244,498
211,498
212,498
214,498
216,498
38,69,218,225,498
46,69,225,375,498
230,498
232,498
237,498
244,498
108,245,262,263,498
247,498
262,498
263,498
45,273,498
0,3,5,15,20,45,48,53,66,77,99,103,120,122,149,162,163,167,168,183,199,214,242,244,247,262,288,306,335,367,403,476,488,495,498
292,375,498
300,498
306,498
4,11,45,70,79,145,168,199,229,311,322,383,475,498
316,498
13,162,214,321,498
5,254,322,498
1,3,14,16,45,48,52,58,106,135,262,324,375,404,449,498
335,498
338,498
342,356,498
4,348,375,498
208,350,498
342,356,498
264,360,498
367,498
375,498
376,498
389,498
262,403,443,498
404,498
434,498
436,498
442,476,498
69,446,498
452,498
475,498
476,498
130,442,453,487,498
455,499
492,499
476,500
71,501
320,501
370,502
245,503
306,503
468,503
25,504
6,505
9,505
17,20,34,505
21,452,505
24,505
32,505
51,505
51,59,505
60,505
65,505
71,505
79,505
7,106,322,505
109,505
113,505
122,287,505
136,505
168,505
182,505
197,211,505
211,498,505
85,90,214,387,505
237,505
244,505
256,471,505
24,114,239,262,505
315,505
109,320,501,505
109,344,505
370,505
403,505
456,505
180,189,476,498,505
320,501,505
341,506
