0,1
1,2
0,3
0,3,4
0,1,5
2,5
0,1,6
1,5,6
3,6
0,4,6
0,3,4,6,7
4,7
6,7
1,8
5,8
6,8
1,9
6,9
7,9
8,9
1,2,5,7,8,9,10
5,11
11,12
0,13
4,13
6,13
6,7,13
1,9,13
0,1,5,13,14
0,15
1,8,14,15
3,15
4,15
5,15
6,15
7,15
8,15
9,15
13,15
1,2,16
6,16
7,9,16
13,16
1,14,16
3,6,8,17
11,12,18
12,18
9,19
1,20
6,20
14,20
16,20
17,20
0,21
1,21
3,21
6,21
7,21
9,21
13,21
15,21
17,21
7,22
2,23
7,24
9,25
19,25
0,1,26
15,21,27
11,28
12,28
18,28
25,29
0,6,9,30
7,30
22,30
0,1,3,4,5,6,7,8,9,13,15,16,17,19,21,26,27,30,31
24,32
1,6,15,33
2,33
5,33
10,33
23,33
1,34
3,34
4,34
6,34
14,16,20,34
15,27,34
17,34
14,20,34
24,35
32,35
1,36
2,36
23,36
1,2,5,7,9,10,13,15,16,19,23,33,36
1,37
33,37
2,38
11,39
8,40
0,1,2,10,14,21,31,36,41
20,42
0,6,13,26,43
4,43
13,43
0,1,15,17,21,26,43
1,44
31,44
11,45
12,45
18,45
28,45
2,46
10,46
38,46
41,46
28,47
0,48
1,34,48
0,3,6,15,17,21,34,48
0,4,8,15,43,48
6,48
0,7,48
8,48
13,48
15,48
20,48
15,21,48
22,48
1,6,14,15,34,48
42,48
43,48
26,49
6,50
8,50
9,50
20,50
48,50
1,51
5,51
11,51
28,51
39,51
1,52
8,15,52
13,52
7,8,15,52
20,52
42,52
48,52
1,53
5,53
5,11,28,51,53
12,53
18,53
28,53
45,53
51,53
9,13,54
19,54
25,54
29,54
38,55
3,56
9,19,25,29,57
1,6,7,8,58
2,58
2,10,38,46,58
11,18,28,58
28,58
34,58
41,46,58
45,58
11,12,53,58
0,59
1,4,5,15,33,59
5,8,59
6,59
9,59
11,59
12,59
15,59
18,59
19,59
21,59
25,59
28,53,59
29,59
11,12,18,28,39,45,51,53,58,59
18,45,59
51,59
53,59
54,59
58,59
0,60
6,60
7,60
22,60
30,60
2,23,61
6,14,16,62
37,63
0,64
1,64
3,64
6,7,8,30,64
7,64
8,64
13,64
15,27,52,64
18,64
1,20,64
21,64
22,60,64
28,59,64
31,64
42,64
0,1,3,4,6,7,9,13,21,22,30,48,60,64
53,64
60,64
9,16,25,65
9,66
65,66
12,67
16,62,68
2,69
38,69
10,41,69
41,46,69
1,14,34,70
1,2,58,70
5,70
10,70
18,21,39,59,70
23,70
3,34,70
10,41,70
41,46,70
58,70
15,59,70
69,70
32,71
25,72
9,73
65,73
66,73
1,11,18,28,51,74
46,75
9,76
19,76
25,76
0,77
1,77
2,77
4,13,43,77
8,77
31,77
33,36,77
8,40,77
44,77
48,77
58,77
64,77
16,78
62,78
62,68,78
1,79
5,79
11,79
21,79
1,2,23,33,36,61,79
41,58,69,79
28,45,58,79
3,6,42,48,53,56,64,79
64,79
2,5,23,46,70,79
0,80
18,70,81
77,82
17,83
20,42,83
48,64,83
61,84
12,45,53,85
1,12,53,86
1,87
2,87
36,87
62,88
78,88
81,89
85,90
25,91
57,91
9,76,91
11,12,67,92
1,93
13,93
16,93
62,68,93
68,93
78,93
88,93
3,94
56,94
12,95
0,4,96
0,80,96
92,97
45,98
1,58,98
67,92,99
97,99
1,100
17,101
62,102
93,102
12,103
45,103
67,103
92,103
99,103
1,23,36,87,104
92,105
0,106
1,106
2,106
3,106
4,106
5,106
6,106
7,106
5,8,40,79,106
9,50,106
11,106
12,106
13,106
14,20,106
1,3,6,13,15,42,51,52,106
18,106
20,106
21,106
22,106
28,106
29,59,106
30,106
31,44,64,77,106
34,106
42,106
44,77,106
48,106
8,13,40,48,52,106
53,106
3,56,106
58,106
0,6,13,15,21,33,59,77,79,80,96,106
60,106
64,106
77,106
79,106
85,106
94,106
100,106
55,107
78,108
24,109
32,109
71,109
8,110
11,111
45,111
1,112
6,113
7,113
15,113
22,113
30,113
48,113
60,113
6,7,13,15,22,30,48,58,60,64,77,106,114
24,35,114
7,24,32,35,71,114
9,115
1,6,17,116
20,116
8,117
64,117
113,118
110,119
53,120
86,120
0,121
0,60,122
1,122
2,122
3,122
6,122
7,122
8,122
9,122
13,122
14,122
15,122
18,45,64,122
24,122
27,122
22,30,60,106,122
31,122
33,122
1,36,122
38,122
2,23,41,70,122
46,122
48,122
9,16,25,50,122
55,122
58,70,81,122
60,122
64,122
69,122
10,38,58,69,70,122
77,122
82,122
87,122
104,122
1,3,14,16,20,42,56,106,122
55,107,122
113,122
118,122
67,103,123
85,124
48,125
0,126
1,126
3,126
4,126
5,126
6,126
7,126
6,8,126
13,126
15,126
17,126
21,126
22,126
3,8,9,15,27,94,106,126
28,126
34,126
48,126
59,126
64,126
58,77,126
2,11,106,126
113,126
110,127
48,128
105,129
1,130
0,7,13,28,59,106,130
1,36,130
41,130
46,130
122,130
1,33,131
45,132
106,133
30,134
6,7,30,60,64,113,135
9,50,135
15,135
29,135
94,106,135
106,135
11,136
39,136
59,136
68,137
65,138
34,139
26,43,48,122,139
9,19,140
22,141
113,141
78,142
24,143
32,143
8,33,77,144
110,144
127,144
1,145
2,145
8,145
10,145
11,18,59,111,122,145
12,145
18,145
23,145
28,145
29,145
31,145
33,145
34,145
2,36,87,122,145
39,145
45,145
48,145
52,145
53,145
58,59,145
59,145
23,61,69,70,145
70,145
77,145
79,145
82,145
87,145
28,106,145
45,111,145
122,145
126,145
136,145
49,146
15,147
52,147
76,148
6,9,13,16,20,66,93,115,126,149
93,150
99,151
73,152
33,153
0,6,15,154
62,88,155
93,155
150,155
75,156
78,142,157
46,158
75,158
156,158
49,159
6,20,42,52,160
6,16,17,20,62,68,116,126,161
13,122,162
7,24,163
0,164
20,50,122,165
0,3,60,94,135,166
34,166
1,9,167
2,167
5,167
6,167
7,167
9,167
10,167
11,167
12,167
13,167
14,34,167
15,167
13,16,93,167
18,167
21,167
19,25,76,167
28,167
31,167
33,167
36,79,145,167
37,167
41,70,167
44,167
45,167
46,167
51,167
53,167
54,167
57,167
58,167
59,167
64,167
69,167
70,167
72,167
46,75,167
76,167
77,167
79,167
83,167
85,90,167
86,167
90,167
57,91,167
16,78,88,93,167
4,106,167
117,167
120,167
122,167
106,126,167
130,167
131,167
136,167
106,145,167
0,168
1,168
2,7,83,87,167,168
3,168
4,168
5,168
6,168
7,168
8,110,119,168
9,115,168
10,70,168
11,168
12,85,168
13,168
3,7,15,34,60,106,126,166,168
16,168
18,168
19,168
21,168
5,23,61,70,79,84,122,168
24,168
25,168
26,168
27,59,126,168
28,168
31,168
32,168
33,168
34,70,168
24,35,114,168
36,168
41,168
43,168
44,167,168
11,45,168
38,46,168
48,168
52,168
53,168
54,168
58,168
59,168
60,168
61,168
64,77,168
65,168
66,168
12,28,45,67,103,168
1,70,168
71,168
73,168
76,168
1,44,77,106,168
53,64,79,145,168
85,168
85,90,168
91,168
93,168
98,168
106,168
107,168
32,109,168
111,168
113,168
35,114,168
115,168
118,168
122,168
123,168
126,168
7,135,168
59,136,168
138,168
140,168
126,145,168
76,148,167,168
149,168
154,168
162,168
163,168
79,167,168
94,169
36,104,122,170
53,171
86,171
73,172
152,172
24,173
85,173
24,163,173
168,173
64,79,174
106,174
92,175
111,176
45,177
104,178
18,179
0,180
7,180
8,180
13,180
18,180
21,180
28,180
43,48,180
47,180
29,54,168,180
58,180
59,180
64,180
117,180
145,180
28,167,180
168,180
1,181
36,181
1,100,181
104,181
104,178,181
7,182
22,30,60,168,182
24,182
32,109,182
2,5,23,33,34,41,46,52,61,70,75,79,122,145,167,168,182
66,182
71,182
24,32,71,109,182
113,122,182
2,8,12,40,45,71,77,79,85,95,109,111,136,145,168,173,182
0,183
7,183
22,183
26,183
43,183
60,183
107,122,183
126,183
0,164,183
9,98,168,184
23,185
33,185
70,185
168,185
15,22,60,113,186
164,187
183,187
48,145,188
1,189
0,190
3,190
6,190
34,190
34,191
166,191
67,192
110,193
144,193
60,194
0,80,96,195
96,195
0,190,196
4,196
8,196
13,196
18,196
33,122,196
37,196
79,196
106,168,196
126,196
174,196
28,51,197
86,120,198
167,198
0,199
4,199
6,199
7,24,199
8,199
9,199
10,167,199
13,199
18,199
21,199
26,49,159,164,183,199
2,23,33,36,70,77,122,145,199
36,199
41,199
4,43,196,199
45,199
3,48,199
58,199
25,59,199
66,199
70,199
79,199
85,199
85,90,199
98,199
104,199
106,199
113,199
122,199
123,199
126,199
11,136,199
149,199
153,199
154,199
163,199
167,199
168,199
170,199
174,199
178,199
181,199
196,199
1,200
14,200
14,17,20,38,48,50,64,106,122,200
20,160,200
2,9,13,19,21,25,46,57,66,76,91,106,122,148,167,168,196,199,200
1,201
189,201
98,202
80,96,195,203
2,204
4,204
34,204
77,204
122,204
52,147,205
84,206
8,50,64,117,165,207
58,207
77,207
110,207
122,207
72,208
92,99,151,209
87,210
7,18,66,70,199,211
45,132,199,211
51,211
0,7,18,21,22,28,30,48,59,74,113,118,126,182,211
197,211
43,212
165,213
11,214
12,214
13,214
21,214
24,114,214
12,45,214
0,15,21,33,45,79,106,214
85,214
90,214
98,202,214
67,97,99,103,214
58,106,214
111,214
124,214
145,214
163,214
167,214
168,214
170,214
173,214
10,167,199,214
111,215
31,216
196,217
69,218
48,219
177,220
18,221
46,122,221
157,222
145,223
172,224
69,225
69,93,167,218,225
189,201,226
75,227
156,227
2,46,75,156,158,167,227
58,228
145,228
223,228
0,121,122,229
1,229
6,229
31,229
44,229
21,45,53,79,111,229
0,24,35,59,60,114,122,168,199,229
64,229
77,229
79,229
106,229
167,229
168,229
190,229
60,194,229
200,229
1,51,230
23,230
26,230
33,230
36,87,122,230
49,230
5,59,70,230
79,230
49,146,230
159,230
168,230
183,230
185,230
223,231
3,232
13,232
16,232
9,15,27,232
43,232
45,79,98,153,154,167,199,202,232
1,2,31,38,106,232
15,122,232
126,232
13,162,168,232
168,232
1,233
88,233
93,233
102,233
65,66,73,104,149,163,168,170,173,199,234
7,24,60,135,214,234
34,235
3,48,126,219,235
139,235
145,214,236
188,236
13,43,168,237
180,237
98,238
184,238
7,24,239
24,114,239
47,240
180,240
93,241
1,242
3,242
5,242
9,242
2,10,12,23,33,58,70,95,154,168,230,242
11,242
16,242
17,242
20,34,242
21,242
25,54,168,242
28,242
34,242
15,48,242
51,242
53,242
56,242
59,242
62,242
64,242
70,242
76,242
77,242
21,79,126,242
17,83,167,242
86,242
4,13,16,48,78,88,93,106,108,155,167,233,242
93,242
94,242
1,106,145,242
45,111,242
120,242
122,242
136,242
148,242
117,167,242
168,242
171,242
198,242
44,243
0,1,7,60,64,122,126,130,196,244
1,244
4,244
5,244
6,244
7,244
8,244
9,93,167,244
11,244
13,244
15,244
17,244
20,244
0,21,180,244
26,244
27,244
18,28,64,244
39,244
42,244
0,43,244
48,64,77,168,244
39,51,244
53,59,244
54,180,244
57,244
58,244
59,244
64,244
65,244
66,244
77,244
79,244
82,244
85,244
106,244
110,244
113,244
122,244
124,214,244
126,244
136,244
34,145,166,188,236,244
149,244
167,244
168,244
174,244
58,167,180,237,244
164,183,244
196,244
198,244
199,244
122,207,244
0,6,7,43,77,96,113,126,212,244
214,244
229,244
232,244
237,244
5,20,21,53,86,88,93,242,244
3,245
4,13,48,245
6,245
15,245
16,245
20,64,160,200,245
31,167,216,245
30,56,106,242,245
59,245
62,245
70,245
78,245
1,93,155,167,245
94,245
106,245
107,245
108,245
6,122,245
142,245
28,54,59,162,168,232,245
3,166,245
167,245
169,245
190,245
229,245
232,245
244,245
201,246
53,247
241,248
89,249
4,250
7,250
1,9,250
13,250
15,250
16,250
25,250
22,60,122,183,194,229,250
11,244,250
245,250
152,251
73,252
168,252
64,253
11,111,145,253
168,253
180,253
83,254
197,255
109,256
60,257
110,258
35,259
168,259
1,260
8,260
117,260
180,260
49,146,261
0,262
1,262
2,262
3,262
4,262
5,262
6,7,113,262
7,262
8,262
9,50,59,262
11,262
12,262
13,262
15,167,262
16,78,262
19,262
20,262
21,262
22,262
23,262
24,262
25,29,262
26,262
27,262
28,262
29,262
32,109,262
33,262
34,262
35,262
23,33,36,45,98,104,122,170,199,214,232,262
38,69,262
39,262
15,42,64,244,262
43,262
44,262
45,132,262
7,48,262
51,262
52,262
53,244,262
54,262
38,55,69,167,262
56,262
57,262
59,262
60,262
61,262
62,262
64,262
68,262
2,69,262
70,262
24,71,109,114,214,262
18,28,74,262
76,262
77,82,262
78,262
84,262
85,124,262
86,262
87,262
88,262
91,262
93,262
94,262
98,262
102,262
104,262
106,214,262
107,262
108,262
114,262
86,120,262
43,122,180,183,237,244,262
126,262
48,128,262
130,262
106,135,262
136,262
19,140,168,262
145,262
147,262
153,262
20,160,262
162,262
163,199,214,262
166,262
167,262
168,262
171,262
173,262
174,262
177,262
180,262
182,262
183,262
33,185,262
3,34,166,191,245,262
33,196,262
198,242,262
199,262
200,262
206,262
211,262
214,262
220,262
221,262
230,262
232,262
233,262
237,262
239,262
242,262
243,262
244,262
245,262
250,262
259,262
56,263
108,263
245,263
261,264
166,265
193,266
79,267
12,268
12,95,145,262,268
251,269
18,270
64,270
47,271
180,271
47,180,240,271
54,272
12,45,273
98,273
111,273
168,273
211,273
214,273
35,274
114,274
262,274
157,222,275
73,276
94,277
135,277
1,278
2,5,15,51,70,278
48,64,85,168,199,278
181,278
265,279
34,280
106,280
126,280
166,280
7,167,180,280
191,280
33,36,262,280
20,198,242,281
195,282
195,203,282
183,283
201,284
201,226,284
44,285
76,168,285
91,285
168,285
229,285
114,262,285
136,286
122,287
247,288
92,289
105,129,289
129,289
261,290
264,290
264,291
62,292
78,292
88,292
93,292
150,292
155,292
159,293
65,294
73,294
152,294
13,168,294
244,294
152,172,251,269,294
269,294
190,295
1,79,296
220,297
121,298
3,166,299
26,244,300
36,300
43,300
48,106,300
60,300
183,300
19,33,44,140,168,229,230,300
232,300
48,278,301
22,302
30,302
64,302
1,260,303
4,304
204,304
195,305
203,305
1,306
3,306
11,306
21,306
25,306
2,33,37,306
34,306
42,306
45,306
52,306
59,306
64,306
13,93,167,306
98,184,238,306
0,3,106,166,262,306
55,107,245,306
45,111,306
136,244,306
140,306
167,306
168,306
185,306
198,242,306
199,306
98,202,306
214,306
215,306
230,306
242,306
245,306
5,106,242,262,306
28,45,47,53,211,240,271,273,306
166,307
18,308
221,308
206,309
242,310
45,311
58,98,311
199,311
92,312
97,312
99,312
92,175,312
127,313
12,103,314
85,314
124,314
8,315
32,315
143,315
182,315
244,262,315
0,43,180,260,316
237,316
48,317
128,317
262,317
315,317
12,318
24,85,124,163,168,173,214,234,262,318
314,318
110,319
71,320
24,109,182,320
256,320
13,321
162,321
4,322
5,322
6,322
7,30,322
13,322
15,52,322
18,322
19,322
22,322
24,322
25,322
30,322
36,322
59,322
60,322
60,64,322
76,322
77,322
83,242,322
106,322
114,322
0,15,80,96,126,195,203,322
145,322
22,48,106,126,167,322
168,322
178,322
186,322
196,322
199,322
1,229,322
9,18,21,48,58,59,168,180,240,242,322
244,322
250,322
83,254,322
262,322
285,322
22,30,64,180,302,322
285,323
0,3,229,324
15,324
16,324
20,262,324
28,145,324
52,324
60,257,300,324
78,324
28,56,86,106,107,122,171,242,245,262,274,324
108,324
78,142,157,222,245,262,275,324
142,157,222,245,324
162,324
167,324
168,324
190,324
200,324
222,324
229,324
245,324
262,324
322,324
12,325
95,325
268,325
70,81,89,249,326
81,89,326
249,326
9,327
92,99,328
175,328
95,329
208,330
317,331
220,332
110,333
8,110,127,144,207,333
193,333
12,268,334
85,334
314,334
318,334
0,335
18,335
43,335
53,335
59,335
120,335
167,335
229,335
242,335
247,335
288,335
107,122,336
220,336
262,336
68,262,337
18,52,53,179,262,338
178,338
196,338
199,338
335,338
166,339
265,339
279,339
11,136,214,286,340
254,341
216,342
33,199,242,306,338,343
24,32,109,344
182,344
217,345
195,346
195,203,305,346
96,195,305,346
63,347
0,348
4,245,348
26,348
48,348
339,349
25,54,242,350
58,311,350
72,350
53,120,167,214,250,262,335,350
208,350
16,93,262,351
306,351
30,352
134,352
58,70,77,353
79,353
13,106,168,273,353
253,353
5,168,354
8,355
28,45,355
47,355
180,355
180,240,355
244,355
271,355
31,356
216,356
342,356
70,357
70,81,89,357
230,357
249,326,357
3,358
20,359
48,359
153,160,191,262,359
200,359
114,262,359
1,360
5,360
11,360
49,360
79,360
49,146,360
230,360
146,261,264,360
264,290,360
290,360
291,360
222,361
106,362
198,362
242,310,362
17,85,244,322,362
175,363
56,364
265,365
339,365
349,365
8,366
145,366
1,367
2,367
4,6,367
8,367
10,367
23,168,367
26,367
12,28,367
33,367
5,15,26,36,49,87,146,185,214,230,244,261,300,360,367
43,367
45,367
49,367
58,367
59,367
61,367
64,367
34,70,367
77,367
84,367
87,367
98,367
111,367
122,367
3,34,126,367
45,132,367
61,145,367
146,230,367
159,367
4,7,34,126,145,167,367
168,367
7,20,21,29,43,57,106,180,244,367
181,367
185,367
79,149,196,199,367
123,199,367
230,367
262,367
300,367
306,367
322,367
324,367
357,367
360,367
22,26,43,70,183,230,368
222,369
0,180,262,370
2,122,370
7,370
4,13,43,370
22,30,370
30,370
38,370
55,107,168,370
6,64,370
77,370
0,80,195,370
110,333,370
15,113,126,141,370
119,370
122,370
134,370
144,370
110,193,370
199,244,370
250,370
262,370
7,22,30,126,199,302,352,370
106,322,370
131,371
80,372
115,373
0,121,298,374
0,375
1,375
3,375
4,375
7,375
10,375
15,375
16,375
17,375
20,375
21,126,375
23,375
24,375
26,375
33,131,375
34,375
35,375
36,375
41,375
46,167,375
49,375
52,375
56,94,375
60,375
62,375
64,375
68,375
69,375
70,199,375
77,375
78,375
33,79,375
93,375
106,375
107,375
122,375
126,375
130,375
139,375
142,375
145,375
146,375
150,375
155,375
157,162,222,324,375
159,375
166,375
1,7,15,22,126,167,322,375
168,375
178,375
181,375
182,375
183,375
33,185,375
191,375
194,375
199,375
222,275,324,375
230,375
3,232,375
233,375
242,375
245,375
250,262,375
262,375
222,275,375
126,280,375
292,375
198,262,306,375
4,49,146,168,196,322,367,375
324,375
337,375
70,353,375
360,375
364,375
367,375
1,376
10,376
36,376
53,335,376
88,376
106,376
130,262,376
109,182,344,376
189,376
1,189,201,284,376
230,376
233,376
242,376
201,226,246,376
375,376
242,377
230,378
368,378
198,379
53,79,167,380
296,380
97,381
326,382
45,383
70,383
79,383
311,383
75,384
156,384
158,384
227,384
377,385
110,127,319,386
90,387
6,154,388
17,34,388
59,388
126,388
183,388
7,15,389
89,249,326,382,390
29,391
65,392
62,242,393
85,334,393
136,393
173,393
77,140,262,393
318,393
5,394
90,395
214,395
306,395
199,396
1,278,397
22,398
186,398
322,398
217,399
28,53,324,400
64,400
90,401
196,402
1,403
7,403
11,403
20,403
21,26,168,403
23,403
28,403
45,403
47,240,403
48,403
53,403
59,403
60,403
61,84,403
74,262,403
79,403
90,403
98,403
85,106,214,403
111,403
113,403
116,403
136,403
167,403
8,32,71,109,168,403
171,403
176,403
180,403
18,51,211,403
85,214,403
215,403
173,234,403
21,242,376,403
106,245,403
262,403
12,45,95,111,214,273,325,329,403
1,2,278,403
306,403
367,403
375,403
1,404
2,404
5,404
6,404
1,9,404
10,404
15,244,324,404
16,404
23,404
33,37,404
36,232,375,404
41,122,204,404
48,404
52,404
58,404
59,404
66,404
70,404
73,404
21,70,79,98,168,404
85,404
110,404
111,404
112,404
113,404
119,404
122,404
130,404
144,404
145,404
52,147,404
167,404
168,353,404
173,404
180,404
182,404
193,404
204,404
205,404
214,404
215,404
48,106,229,404
234,403,404
244,404
9,70,130,262,404
287,404
306,404
333,404
357,404
7,80,110,370,404
376,404
403,404
350,405
98,406
184,406
238,406
129,407
22,408
186,398,408
322,408
398,408
250,409
380,410
12,59,411
95,411
325,411
68,412
137,412
103,413
34,414
272,415
8,416
45,145,322,366,416
223,416
228,416
231,416
315,416
366,416
29,417
152,418
172,418
182,419
344,419
82,420
244,420
64,421
83,421
272,422
53,423
171,423
262,423
377,424
385,424
4,425
204,425
1,426
6,426
1,201,426
201,246,376,426
376,426
14,122,427
81,428
73,429
152,251,429
172,429
224,429
251,429
73,244,251,294,429
418,429
139,430
10,431
168,182,431
189,431
201,376,431
230,431
376,431
426,431
102,432
317,433
6,434
30,434
31,434
5,44,98,106,194,220,229,242,262,434
60,375,434
64,434
106,434
167,434
168,434
216,342,434
31,216,232,245,342,356,434
31,356,434
200,435
20,359,435
264,436
290,436
264,291,436
360,436
29,437
308,438
116,439
272,440
272,422,440
431,441
130,376,442
4,250,442
375,442
28,443
43,443
48,145,443
61,443
84,443
168,306,443
180,443
242,443
262,443
26,232,300,443
316,443
180,403,443
21,444
242,444
57,445
69,446
414,447
99,448
151,448
209,448
16,56,168,229,245,324,403,449
20,449
250,449
167,324,449
65,73,168,252,276,294,404,429,450
82,451
420,451
1,36,44,452
9,54,452
15,21,452
8,13,21,122,180,452
27,452
34,452
42,106,452
13,48,452
28,51,211,242,452
54,452
106,452
107,168,452
139,452
147,205,452
235,452
250,452
272,452
300,452
375,452
415,452
422,452
440,452
250,375,442,452
442,453
323,454
18,455
320,456
134,457
79,458
353,458
403,458
56,364,375,459
323,460
454,460
275,461
62,78,88,93,150,155,292,375,461
375,461
51,462
7,182,463
64,464
421,464
142,465
385,424,466
42,467
38,46,158,262,370,468
55,468
70,468
56,107,108,245,263,468
0,13,14,18,122,167,168,322,468
168,468
245,468
262,468
306,468
317,433,469
245,470
109,256,471
46,472
158,472
75,156,158,227,472
384,472
229,473
200,474
9,475
15,475
9,19,475
23,475
24,475
25,322,475
29,475
1,44,77,167,200,229,475
54,475
59,211,475
61,475
65,475
73,168,475
79,475
104,178,199,335,338,475
126,475
135,277,475
145,475
148,475
152,475
28,167,168,475
170,475
173,475
178,475
199,475
214,475
234,475
15,244,475
251,475
26,183,244,262,348,375,475
269,475
152,251,269,294,429,475
391,475
403,475
1,287,404,475
29,417,475
294,418,429,475
429,475
29,437,475
43,300,443,475
1,13,16,64,476
4,476
5,476
6,476
7,476
8,40,50,77,476
9,476
11,476
13,476
15,476
16,476
20,476
21,476
28,476
29,476
34,204,304,476
39,476
43,476
45,145,476
47,476
48,64,476
50,476
51,476
8,52,476
53,59,64,222,375,476
53,58,145,476
53,59,476
60,183,476
0,64,476
77,476
111,476
62,106,122,292,375,476
85,124,214,244,314,476
126,476
35,130,375,476
135,476
136,476
139,476
145,476
147,476
152,429,476
165,476
167,476
53,171,262,423,476
180,476
189,431,476
191,476
197,476
200,476
204,476
205,476
197,211,255,476
229,324,476
237,476
242,476
244,476
247,476
250,476
19,25,54,262,476
272,476
273,476
280,476
287,476
45,311,476
316,476
335,476
355,476
8,145,262,366,476
79,375,476
376,476
403,476
59,145,404,476
421,476
53,423,476
429,476
342,356,434,476
442,476
21,59,180,214,244,403,444,476
452,476
453,476
462,476
200,474,476
475,476
1,278,477
278,397,477
30,478
119,478
134,478
352,478
370,478
457,478
448,479
142,245,480
64,107,178,324,336,375,481
9,76,199,482
285,482
221,483
26,484
206,485
8,486
442,487
247,488
476,488
203,282,489
6,17,490
20,490
21,490
83,490
116,490
161,490
93,245,490
403,490
116,439,490
82,491
244,491
18,492
455,492
148,493
107,494
93,107,306,351,468,481,494
13,495
46,495
59,495
66,495
82,495
122,495
5,8,48,126,359,495
122,145,223,495
149,495
75,158,227,495
180,237,244,495
199,495
244,495
77,196,367,495
375,495
420,495
420,451,495
491,495
72,496
208,496
330,496
350,496
73,152,429,497
172,418,497
224,497
429,497
0,498
1,498
2,262,498
3,498
4,498
5,498
6,498
7,498
11,498
13,498
15,498
17,498
17,20,126,244,388,498
21,498
23,498
3,15,26,31,44,45,56,91,94,167,168,169,183,229,242,244,245,262,263,285,322,324,360,367,375,498
31,122,498
33,498
36,498
39,498
41,498
7,43,180,498
38,41,46,222,375,498
48,498
49,146,159,498
51,498
58,228,311,367,498
59,498
60,498
62,498
1,8,18,33,45,52,64,77,79,120,167,168,174,196,229,230,242,262,270,306,338,353,360,498
69,498
70,122,498
77,498
68,78,375,498
79,498
83,498
88,498
93,241,498
1,100,181,498
104,475,498
106,498
68,78,108,498
113,118,122,498
122,498
130,498
85,136,262,498
20,142,245,498
145,498
146,498
167,498
168,262,498
178,322,498
180,498
181,498
183,498
185,498
4,26,199,244,498
211,498
212,498
214,498
216,498
38,69,218,225,498
46,69,225,375,498
230,498
232,498
237,498
244,498
108,245,262,263,498
247,498
262,498
263,498
45,273,498
0,3,5,15,20,45,48,53,66,77,99,103,120,122,149,162,163,167,168,183,199,214,242,244,247,262,288,306,335,367,403,476,488,495,498
292,375,498
300,498
306,498
4,11,45,70,79,145,168,199,229,311,322,383,475,498
316,498
13,162,214,321,498
5,254,322,498
1,3,14,16,45,48,52,58,106,135,262,324,375,404,449,498
335,498
338,498
342,356,498
4,348,375,498
208,350,498
342,356,498
264,360,498
367,498
375,498
376,498
389,498
262,403,443,498
404,498
434,498
436,498
442,476,498
69,446,498
452,498
475,498
476,498
130,442,453,487,498
455,499
492,499
476,500
71,501
320,501
370,502
245,503
306,503
468,503
25,504
6,505
9,505
17,20,34,505
21,452,505
24,505
32,505
51,505
51,59,505
60,505
65,505
71,505
79,505
7,106,322,505
109,505
113,505
122,287,505
136,505
168,505
182,505
197,211,505
211,498,505
85,90,214,387,505
237,505
244,505
256,471,505
24,114,239,262,505
315,505
109,320,501,505
109,344,505
370,505
403,505
456,505
180,189,476,498,505
320,501,505
341,506
19,507
54,507
140,507
51,167,507
168,375,507
230,507
262,507
306,507
333,508
3,79,106,229,244,294,475,509
343,510
156,227,511
227,511
9,512
25,512
242,512
244,512
310,512
12,85,513
95,513
268,513
325,513
95,329,513
12,95,268,318,325,411,513
145,514
21,244,476,515
28,516
43,516
8,47,126,180,240,516
180,516
403,516
385,517
92,97,99,103,312,381,518
105,129,518
175,518
8,9,110,144,315,333,519
9,520
20,520
51,520
54,64,167,520
9,66,73,252,520
70,520
77,520
136,520
168,520
48,242,520
262,520
45,111,273,306,520
70,353,520
498,520
0,521
2,521
1,14,521
15,521
33,521
6,34,168,204,229,375,521
46,521
52,79,145,404,514,521
106,521
131,521
157,375,521
167,168,521
262,521
199,306,521
322,521
324,521
36,180,271,367,521
371,521
79,375,521
476,521
73,294,522
152,523
172,224,523
251,523
269,523
294,429,475,523
251,269,429,523
475,523
73,152,168,252,418,475,497,523
522,523
49,524
146,524
360,524
367,524
4,126,204,322,425,525
55,526
511,527
296,380,410,528
26,529
43,529
300,529
25,57,530
167,335,530
369,531
12,532
95,532
325,532
411,532
513,532
23,533
327,534
82,535
153,535
199,535
244,535
357,367,535
82,244,495,535
277,536
9,537
13,537
65,537
66,537
65,73,537
82,244,512,537
122,199,537
145,537
148,537
149,199,537
162,324,537
168,537
36,104,178,181,199,375,537
199,537
242,537
82,244,537
280,537
294,537
375,537
65,73,145,148,173,392,475,537
475,537
491,537
149,367,495,537
535,537
333,404,538
333,519,538
5,539
13,539
17,539
18,539
20,539
21,64,199,322,476,539
25,539
51,539
52,539
53,539
56,539
59,389,498,539
64,539
65,539
70,539
83,539
85,539
90,167,539
116,539
145,539
157,539
20,116,161,490,539
168,539
174,539
196,539
197,255,476,539
199,262,535,539
211,539
214,539
242,539
244,539
245,539
247,539
254,539
262,539
5,106,211,247,288,476,498,539
306,503,539
322,539
334,539
335,539
364,539
370,539
26,375,539
388,539
106,403,539
36,81,230,249,326,357,367,404,539
421,539
439,539
464,539
476,539
488,539
490,539
498,539
9,65,315,505,539
310,512,539
200,540
2,5,6,13,33,36,122,145,163,230,262,322,398,540
324,540
308,541
438,541
44,542
116,403,490,543
48,544
48,125,544
8,106,110,126,127,144,205,244,258,313,333,404,545
144,545
193,545
319,386,545
404,545
528,546
58,77,107,122,204,207,244,304,420,547
5,33,548
9,548
15,548
33,548
65,548
94,548
115,548
9,135,548
168,548
244,548
373,548
7,8,15,549
62,549
71,549
93,549
88,155,549
168,294,549
182,549
51,211,549
214,549
262,273,498,549
292,549
320,505,549
461,549
505,549
350,405,550
256,320,501,551
61,552
84,181,367,552
206,552
4,553
15,553
136,244,250,553
285,323,554
323,454,554
460,554
1,555
5,555
9,168,475,555
15,555
15,34,555
48,555
54,555
61,555
79,555
1,36,61,84,100,104,106,117,167,178,181,183,185,199,206,242,278,322,367,375,498,555
126,555
88,128,262,555
148,555
178,555
181,555
85,106,199,404,555
242,555
106,280,476,555
322,555
376,555
452,555
23,24,168,391,404,475,555
476,555
493,555
306,404,498,555
537,555
47,180,476,556
75,557
298,558
374,558
341,559
341,506,559
97,381,560
52,561
71,109,182,562
376,562
431,562
441,562
549,562
58,228,416,563
6,126,564
17,126,564
357,565
0,566
3,566
6,566
17,566
34,566
41,46,566
43,566
48,443,566
59,566
65,566
90,566
107,566
2,122,566
126,566
148,566
190,566
194,566
199,566
202,306,566
229,566
242,566
247,498,539,566
262,566
306,566
126,367,566
375,566
376,566
388,566
395,566
29,54,170,437,475,566
39,51,273,476,566
488,566
109,262,505,566
539,566
555,566
380,567
380,410,567
532,568
149,168,495,569
566,570
18,58,455,571
54,168,572
196,217,573
237,573
232,262,573
280,573
1,574
5,354,574
7,549,574
30,574
35,574
36,574
49,367,375,574
59,60,82,113,122,194,229,476,495,566,574
64,574
77,574
79,574
106,574
119,574
122,574
126,375,388,574
134,574
146,367,524,574
159,574
167,574
25,57,91,98,167,168,262,273,306,574
261,574
287,574
290,574
30,302,370,574
352,574
360,574
367,574
370,574
375,574
85,404,574
434,574
457,574
476,574
478,574
498,574
524,574
22,575
186,322,575
322,575
22,186,322,398,575
186,408,575
82,491,495,537,555,576
90,577
21,59,70,168,539,577
109,578
155,579
44,580
285,580
285,323,580
454,580
460,580
323,454,460,554,580
167,581
455,571,582
499,582
511,583
511,527,583
1,17,20,46,116,167,180,242,584
10,584
11,584
136,584
242,584
136,173,393,584
60,585
168,585
324,585
434,585
12,214,314,411,586
123,587
234,404,588
260,589
73,590
21,168,180,375,403,590
259,591
5,592
75,592
156,592
158,592
64,167,592
227,592
384,592
472,592
511,592
527,583,592
75,557,592
583,592
172,251,269,294,475,509,523,593
51,594
65,138,595
512,596
431,597
441,597
182,562,597
152,172,224,418,497,522,523,598
104,599
60,375,600
242,377,601
385,424,601
424,601
385,466,601
54,272,602
415,602
442,602
34,126,452,602
453,602
92,99,603
312,603
392,604
82,537,604
234,403,605
168,606
66,149,607
495,607
241,608
379,609
102,610
8,611
32,611
143,611
315,611
48,317,611
416,611
482,612
308,438,613
438,613
541,613
258,614
148,493,555,615
1,616
2,11,58,106,171,199,244,263,476,498,574,616
4,616
8,616
7,9,250,370,616
15,245,616
16,616
26,616
25,29,59,135,475,616
33,616
34,616
43,616
1,31,44,106,167,616
54,616
58,616
59,616
65,616
77,145,616
78,616
106,616
9,115,168,373,548,616
126,616
135,616
136,244,616
145,616
166,616
167,616
168,616
173,616
178,616
180,616
191,242,444,476,616
199,616
77,204,304,547,616
232,616
237,616
250,616
253,616
260,616
262,616
272,616
280,616
300,616
304,616
45,311,616
87,367,616
130,375,616
189,375,376,476,616
383,616
392,616
262,393,584,616
403,616
404,616
415,616
437,616
452,616
11,476,616
484,616
495,616
535,616
537,616
539,616
547,616
555,616
566,616
584,616
604,616
86,171,242,262,476,617
171,617
14,16,20,118,122,167,262,375,427,449,618
1,619
8,619
60,505,619
65,619
66,182,520,619
77,619
106,619
113,619
13,126,619
152,619
183,619
232,619
244,619
294,619
375,619
59,388,619
59,505,619
616,619
325,620
539,621
90,488,539,577,621
292,622
208,623
317,624
440,625
622,626
142,627
214,395,628
306,628
13,629
1,31,201,629
8,60,229,619,629
77,629
88,629
102,629
122,629
29,145,629
155,629
164,183,629
183,629
194,629
222,629
233,629
244,629
275,629
324,629
337,629
342,498,629
350,629
356,629
360,629
361,629
375,629
376,629
432,629
498,629
539,629
585,629
102,262,610,629
234,630
264,631
473,632
341,559,633
155,292,461,549,562,634
179,635
48,219,636
11,12,45,53,637
45,637
53,59,637
31,64,229,637
92,637
12,45,67,85,92,97,99,103,214,312,413,448,603,637
167,637
168,637
6,64,190,637
90,214,637
229,637
190,295,637
314,637
12,325,411,637
329,637
413,637
513,637
0,262,638
3,638
5,59,79,638
8,638
22,638
27,638
30,302,638
51,638
53,638
64,638
66,73,638
46,69,130,638
70,638
77,82,638
79,638
106,498,638
122,638
148,638
167,638
168,638
196,638
1,59,90,163,199,555,638
244,638
262,638
65,294,638
302,638
311,638
322,638
370,638
70,383,638
475,638
493,638
537,638
539,638
555,638
574,638
541,639
239,640
154,641
195,642
92,643
99,643
105,643
175,312,518,643
175,328,363,518,643
518,643
452,644
62,262,645
93,645
102,645
164,645
262,645
610,645
629,645
88,646
198,646
262,646
30,647
60,113,370,505,619,647
24,109,168,344,648
109,648
182,648
201,648
226,648
262,648
201,284,376,648
376,648
431,648
441,648
4,43,183,230,476,648
505,648
93,549,648
562,648
597,648
370,649
502,649
382,390,650
61,84,552,651
0,48,145,154,168,180,199,260,443,516,555,638,651
82,652
420,652
82,451,652
535,652
301,653
8,654
14,654
22,654
30,654
32,654
35,262,654
106,654
117,654
126,654
134,654
167,654
182,654
186,654
367,654
370,654
574,654
575,654
181,655
185,655
211,655
273,655
46,48,94,122,130,245,367,375,480,490,498,503,655
498,655
396,656
591,657
371,521,658
1,659
10,659
18,659
31,167,659
41,659
46,659
55,659
62,659
64,659
68,659
70,659
70,81,659
89,659
113,659
122,659
145,659
149,659
168,616,659
185,655,659
199,495,659
242,659
245,659
249,659
262,659
326,357,382,659
357,404,659
375,659
326,382,659
428,659
480,659
82,145,491,659
199,495,539,659
292,498,659
145,537,555,659
539,659
357,565,659
8,660
23,660
28,660
71,660
117,660
60,168,574,660
180,660
232,660
242,660
271,660
355,660
654,660
508,661
93,662
549,662
98,663
202,663
98,184,238,406,663
48,476,664
476,500,664
120,665
44,666
3,60,190,324,585,666
77,145,168,666
94,666
106,666
30,113,666
122,666
9,135,475,666
168,666
229,666
232,666
242,666
245,666
277,666
294,666
82,244,370,491,666
237,505,666
619,666
638,666
660,666
66,667
263,668
17,311,498,668
629,668
167,669
190,669
325,669
45,637,669
178,670
537,670
288,671
442,671
487,671
93,498,671
109,672
256,672
471,672
543,673
43,237,674
36,167,214,300,674
1,675
14,20,34,566,675
167,675
260,675
1,676
3,676
5,676
8,676
9,676
10,676
11,676
15,64,83,676
1,15,37,167,196,262,676
39,676
3,48,676
53,676
59,676
60,676
63,676
1,64,130,676
9,65,676
66,676
69,676
70,676
2,87,676
62,88,292,549,676
58,106,168,676
45,67,103,111,676
120,676
122,676
126,555,676
135,676
145,676
149,676
93,150,676
167,676
168,676
196,676
198,676
149,163,199,676
211,676
214,676
230,676
232,676
122,242,676
27,244,676
261,676
262,676
273,655,676
280,676
287,676
290,676
292,676
322,676
324,676
360,676
362,676
45,367,476,676
375,676
376,676
403,676
1,52,112,242,404,676
10,431,676
290,436,498,676
441,676
475,676
53,262,423,476,676
491,676
495,676
180,498,676
537,676
548,676
88,376,562,676
573,676
574,676
585,676
597,676
619,676
622,676
622,626,676
60,585,629,676
646,676
98,262,406,549,648,676
659,676
77,83,229,322,666,676
546,677
11,678
12,678
39,678
45,98,273,678
65,678
12,24,67,95,103,123,168,192,268,325,329,411,513,532,568,678
109,678
21,163,214,306,678
411,678
8,9,16,17,20,24,106,136,163,168,199,214,262,359,393,403,416,475,505,539,638,678
306,628,678
139,679
70,680
79,680
262,680
306,680
353,680
468,680
18,681
145,681
188,681
236,681
308,681
438,681
124,682
318,683
99,684
312,684
53,102,239,262,610,685
58,686
385,687
9,688
57,688
59,688
167,688
244,688
250,688
262,688
498,688
530,688
42,242,262,375,689
247,335,689
660,689
26,690
43,690
48,690
153,199,690
300,690
367,375,690
375,690
300,674,690
231,691
79,229,692
15,79,196,267,555,692
34,166,693
80,694
568,695
16,696
375,696
476,696
133,697
0,1,77,181,278,348,397,403,476,696,698
301,698
301,653,698
6,699
82,700
491,700
535,700
616,700
689,701
126,702
493,702
61,262,475,555,702
1,703
6,30,703
8,703
3,7,15,59,703
50,703
70,703
77,122,703
53,106,505,703
152,703
172,497,703
189,703
145,244,703
261,703
360,498,703
491,703
497,703
619,703
676,703
0,704
4,704
9,704
199,704
688,704
391,705
519,706
420,707
70,520,708
290,708
230,676,708
167,709
654,709
7,710
185,659,710
375,710
3,56,60,94,106,183,375,539,619,676,711
232,711
262,711
118,712
168,712
244,712
597,648,713
88,714
155,714
549,714
579,714
648,715
326,716
326,357,382,716
382,650,716
659,716
365,717
64,83,254,322,341,718
304,547,616,719
0,720
5,720
6,720
0,8,126,676,720
4,8,13,180,720
36,720
59,720
22,64,182,315,322,720
2,70,367,720
77,720
79,720
106,720
16,120,262,720
126,720
167,720
198,720
199,396,656,720
207,720
242,720
244,720
287,720
292,720
11,120,242,306,628,720
360,720
362,720
111,367,720
375,720
404,720
476,720
498,720
520,720
574,720
676,720
647,721
136,722
1,28,167,709,723
404,724
244,404,545,724
280,725
115,726
335,727
82,728
244,728
244,420,728
451,495,728
495,728
700,728
696,729
624,730
500,731
519,732
247,733
36,734
145,734
228,734
59,122,367,666,734
65,735
294,735
475,735
476,735
12,167,638,735
448,736
502,737
649,737
158,738
8,739
24,739
32,256,505,739
48,739
109,739
143,739
32,182,739
231,416,691,739
262,739
315,739
317,739
344,739
416,739
419,739
505,739
611,739
624,730,739
241,740
93,182,241,248,344,461,549,608,740
608,740
595,741
173,742
12,318,742
393,742
318,683,742
726,743
131,744
3,64,94,745
8,745
15,745
17,745
18,745
21,745
22,745
26,745
30,745
38,745
43,262,745
45,745
52,404,745
53,745
3,56,245,324,745
106,362,745
110,745
113,745
116,745
119,574,745
134,745
11,59,116,161,199,439,490,539,745
167,745
196,745
199,745
207,745
263,745
288,745
300,745
30,302,434,745
352,745
364,459,745
20,159,367,403,745
370,745
375,745
403,745
404,745
439,745
459,745
457,478,745
161,490,539,745
21,515,745
539,745
543,673,745
30,49,122,478,524,574,745
581,745
370,649,745
673,745
674,690,745
676,745
690,745
3,746
6,746
20,242,746
5,747
13,747
19,76,747
47,747
70,747
79,404,747
122,747
126,367,747
167,747
168,434,747
43,180,232,747
234,747
322,747
403,490,747
54,475,747
495,747
161,322,539,747
588,747
630,747
327,748
534,748
442,749
453,749
4,6,750
22,322,398,408,540,575,750
64,750
93,750
186,750
262,750
64,302,574,750
311,750
322,362,750
398,750
408,750
434,750
64,464,750
575,750
196,638,750
654,750
683,742,751
72,752
110,753
33,754
16,755
8,50,756
48,756
123,756
168,756
587,756
198,757
1,758
11,360,574,758
16,758
79,758
242,758
250,758
310,758
310,512,758
584,758
616,758
87,759
111,759
145,759
176,759
106,111,214,215,403,404,759
242,759
306,759
367,759
376,759
377,759
403,759
404,759
98,202,476,566,759
516,759
584,759
585,676,759
231,760
444,476,761
254,539,762
628,763
7,764
59,764
60,764
33,54,70,131,167,764
36,104,170,214,475,764
199,764
214,764
257,764
364,745,764
654,764
709,764
723,764
745,764
1,765
4,765
33,765
34,765
43,765
9,21,139,452,765
272,440,765
440,765
616,765
154,766
641,766
8,739,767
311,768
24,769
671,770
5,771
7,771
51,771
60,771
77,771
167,771
185,771
51,197,771
45,211,273,678,771
167,229,771
250,771
255,771
20,375,771
64,168,421,771
464,771
273,476,771
505,771
539,771
574,771
676,771
710,771
7,43,476,772
6,200,229,772
59,229,335,772
367,772
689,701,772
651,773
577,774
748,775
344,505,776
45,678,776
467,777
26,778
25,29,191,262,375,778
49,778
26,230,778
360,778
367,778
376,778
498,778
574,778
173,262,547,616,778
25,779
350,779
6,498,779
12,780
53,780
85,780
95,329,513,637,780
12,314,780
318,683,780
334,780
532,780
45,214,411,678,780
2,781
26,348,781
58,781
70,781
98,781
145,781
306,781
393,616,781
616,781
770,782
0,783
1,783
4,783
7,22,783
9,783
11,168,783
14,783
18,221,308,783
20,783
23,783
24,168,214,262,306,783
25,350,783
26,783
28,783
30,783
32,71,109,262,505,739,783
33,783
34,414,447,783
35,783
4,43,783
45,783
8,48,783
49,783
51,783
57,783
59,783
62,783
20,64,783
70,783
77,783
79,783
85,783
90,395,539,577,783
106,783
109,739,783
110,783
111,783
114,783
110,119,783
124,314,783
136,783
143,315,783
146,261,703,783
167,783
168,783
85,173,783
180,783
109,182,783
185,783
211,783
214,783
215,404,759,783
239,783
242,783
244,783
250,783
256,783
262,783
272,602,616,783
273,783
274,783
247,288,733,783
292,783
306,783
315,783
317,783
320,456,783
322,783
348,783
353,783
367,783
370,783
375,783
233,376,783
403,783
404,783
426,783
431,783
441,783
130,442,498,783
440,452,783
453,783
468,783
71,109,256,471,672,783
9,126,178,376,475,498,537,555,566,616,783
122,287,476,783
478,783
487,783
136,142,244,306,311,498,638,783
168,404,520,783
524,783
529,783
530,783
335,498,539,783
549,783
256,551,783
562,783
566,783
261,574,783
597,783
602,783
611,783
616,783
640,783
648,783
654,783
662,783
671,783
672,783
674,690,783
53,376,676,783
680,783
688,783
690,783
704,783
126,720,783
739,783
745,783
749,783
759,783
778,783
56,784
10,18,70,376,784
98,784
184,784
262,784
306,784
142,168,367,375,784
375,784
468,784
495,784
646,784
44,785
229,785
44,53,168,229,243,262,666,785
76,285,785
69,106,126,262,306,322,493,555,638,785
285,323,785
285,482,612,785
612,785
1,49,159,244,367,375,574,786
3,786
5,786
33,786
34,786
37,786
64,786
5,70,786
79,375,786
0,122,786
126,786
131,786
11,45,111,168,229,786
20,21,199,214,244,786
245,786
59,202,306,475,786
371,786
373,786
126,375,786
414,786
245,324,480,786
498,786
521,786
548,786
659,786
131,744,786
581,745,786
306,783,786
163,787
602,788
31,789
46,789
70,789
168,789
245,789
357,789
783,789
25,790
504,790
163,214,791
565,792
104,793
199,793
1,5,794
24,794
33,794
36,794
113,794
153,199,794
168,794
171,794
178,794
199,794
230,794
239,794
11,42,262,794
367,794
375,794
535,794
555,794
581,794
239,640,794
674,690,783,794
690,794
26,745,794
30,783,794
638,795
711,796
143,317,611,739,797
488,539,798
13,162,799
249,659,800
326,357,800
426,801
91,285,802
69,122,167,375,802
24,769,803
532,568,695,804
448,805
736,805
5,806
59,806
154,807
434,808
585,808
231,809
366,416,739,809
138,810
595,810
741,810
631,811
306,812
214,628,812
678,812
763,812
696,813
696,729,813
298,814
454,815
460,554,815
3,166,262,745,816
339,816
349,816
18,817
43,817
53,817
13,46,59,158,335,495,817
476,817
61,818
263,819
500,664,820
160,821
375,822
461,822
166,693,823
77,824
377,825
385,825
424,825
424,601,825
0,183,826
1,826
3,826
4,826
6,388,826
8,826
13,826
15,826
18,826
26,826
27,826
28,74,826
43,826
48,826
51,439,539,621,826
53,826
59,826
66,826
70,826
71,109,826
73,826
77,207,826
79,826
82,826
30,87,122,262,826
93,826
3,94,106,826
100,126,476,493,555,702,826
106,826
120,826
126,244,322,826
15,135,826
145,826
148,826
93,150,826
152,826
155,826
167,826
168,375,549,826
172,826
173,826
174,826
181,826
183,826
0,4,6,106,190,826
193,826
196,826
198,757,826
59,199,720,826
214,234,783,826
229,826
232,826
237,826
244,826
16,245,263,659,786,826
250,826
261,264,290,360,676,826
262,826
304,826
316,826
335,826
342,826
360,703,826
36,59,145,366,367,476,826
80,370,826
375,826
413,826
443,826
461,826
135,476,826
491,826
28,47,495,747,826
498,826
82,367,535,826
537,826
539,826
547,616,719,826
548,826
553,826
242,555,826
566,826
573,826
491,576,826
585,826
615,826
616,826
629,826
637,826
638,826
652,826
654,826
71,117,660,826
120,665,676,826
626,676,826
688,826
689,826
700,826
703,826
727,826
728,826
745,826
3,6,41,45,58,145,566,746,826
771,826
173,739,783,826
794,826
822,826
1,44,58,77,189,229,703,824,827
432,828
126,829
174,829
196,829
196,217,399,829
237,244,498,505,829
345,829
573,829
826,829
1,830
48,830
53,830
58,830
59,830
70,830
87,830
145,830
152,830
178,830
65,87,145,210,616,830
223,830
228,830
231,830
350,830
416,563,739,830
498,830
624,830
739,830
760,830
826,830
223,231,831
830,831
28,832
28,47,832
74,832
355,832
90,403,832
369,531,833
236,834
168,434,585,835
8,58,66,106,113,126,163,168,182,199,232,434,836
457,837
10,168,838
70,838
304,547,616,719,826,839
539,840
161,841
403,841
458,841
539,841
616,841
745,841
747,841
19,842
25,842
83,843
322,843
59,539,676,843
382,844
650,844
805,845
0,846
7,846
9,846
3,13,106,126,182,245,262,746,846
21,126,846
32,846
45,846
59,846
65,846
71,846
82,826,846
93,846
106,846
109,846
111,273,846
122,846
167,846
177,846
182,376,549,562,783,846
196,846
199,846
117,214,273,498,654,783,846
256,846
84,262,846
315,846
320,783,846
338,846
375,846
112,404,539,846
495,846
501,846
214,505,846
157,539,846
549,846
551,846
190,199,324,566,846
654,846
549,662,846
1,14,16,20,120,167,200,359,435,675,846
678,846
745,846
771,846
334,780,846
783,846
826,846
128,847
420,848
0,849
1,31,849
2,849
6,849
7,60,764,849
8,849
9,849
10,376,616,759,849
15,849
22,849
30,849
32,849
33,849
36,167,849
44,849
48,125,219,849
15,52,826,849
70,849
88,849
106,849
142,849
145,849
147,849
157,849
167,849
183,300,338,498,849
18,196,638,745,849
199,849
205,849
207,849
222,849
234,403,849
243,849
246,849
250,849
260,616,849
262,849
275,375,629,849
88,292,375,676,849
315,849
324,849
367,849
375,849
376,849
404,849
452,849
461,849
476,849
77,498,849
521,849
539,849
93,155,167,214,306,395,442,453,487,530,549,749,783,849
574,849
32,315,611,849
616,849
634,849
644,849
676,849
709,723,849
745,826,849
764,849
765,849
616,781,849
783,849
229,785,849
822,849
826,849
614,850
1,851
4,13,242,783,851
6,851
13,851
15,851
20,851
47,271,851
64,104,498,851
70,676,851
126,851
160,851
57,130,136,167,445,592,851
190,851
200,851
262,851
355,851
359,851
435,851
540,851
745,851
747,851
849,851
827,852
519,853
168,259,262,854
168,262,507,854
591,854
657,854
422,855
190,856
324,856
190,851,856
375,452,857
683,858
72,208,859
208,623,859
3,860
9,860
11,61,106,136,403,860
15,860
19,860
21,64,539,860
24,860
25,860
31,860
42,860
48,860
52,860
54,860
56,860
59,860
60,860
62,860
64,860
66,860
94,860
106,860
109,860
122,860
126,375,860
9,135,860
147,860
163,860
3,34,106,168,232,860
178,537,670,860
3,21,167,180,245,860
88,182,376,562,860
205,860
214,860
239,783,860
242,860
106,244,860
229,250,860
262,860
272,860
300,367,529,860
306,860
315,860
322,860
344,860
353,783,860
375,860
395,860
403,860
376,404,860
416,860
419,860
437,860
321,452,498,539,860
42,467,860
475,860
476,860
498,860
504,860
505,860
512,860
77,520,860
535,860
581,860
242,393,584,860
611,860
92,229,637,860
638,860
239,640,860
678,860
64,720,860
344,739,860
745,860
758,860
777,860
783,860
790,860
794,860
849,860
90,861
70,539,861
272,862
440,862
172,418,703,863
273,864
403,864
126,865
167,865
36,237,262,367,865
790,865
860,865
512,866
461,549,867
822,867
120,868
262,868
265,339,365,869
53,870
58,870
817,870
119,871
44,872
323,872
454,872
460,872
554,872
580,872
815,872
348,873
778,783,873
82,874
728,874
45,375,846,874
411,875
355,876
228,877
734,877
88,93,150,155,292,498,549,555,634,878
750,878
1,879
13,879
22,879
48,879
125,879
178,879
181,879
223,231,809,831,879
242,879
498,879
535,537,879
48,125,544,879
555,879
670,879
720,879
830,879
5,880
8,196,486,739,880
6,17,20,64,126,244,880
34,880
53,880
62,168,292,549,880
68,880
78,880
70,79,880
90,880
93,880
102,432,880
126,199,404,498,846,880
137,880
162,880
164,880
44,167,880
168,880
233,375,453,688,783,880
250,880
262,880
306,880
324,880
68,337,880
354,880
370,880
375,880
201,376,880
16,449,880
498,880
539,880
577,880
610,880
194,566,629,880
638,880
62,102,145,233,244,629,645,880
64,180,659,860,880
669,880
207,720,880
786,880
391,705,881
15,882
805,845,883
2,119,370,745,871,884
785,885
834,886
616,887
189,888
75,227,511,889
527,889
357,890
278,891
397,891
477,891
15,892
59,892
78,88,892
155,892
320,892
456,892
505,892
549,892
579,892
714,892
846,892
678,812,893
359,435,851,894
24,122,895
173,895
182,895
375,895
370,822,826,867,895
8,896
13,896
196,302,322,575,896
196,402,896
64,66,229,638,750,896
860,896
522,897
0,898
364,459,745,899
556,900
35,901
238,902
28,903
45,903
53,903
311,903
408,903
575,903
22,750,903
768,903
109,672,904
577,905
172,906
224,906
148,907
504,790,865,908
124,909
82,145,244,535,909
310,909
512,909
242,512,758,866,909
1,5,278,698,910
397,910
403,910
477,910
891,910
96,911
259,912
657,912
854,912
79,267,692,913
3,914
6,914
22,914
34,914
113,914
22,141,914
333,508,661,914
306,404,914
519,914
538,914
545,914
706,914
732,914
745,914
853,914
199,311,915
768,903,915
57,262,916
469,917
571,918
28,919
618,920
33,921
59,921
126,921
167,921
211,921
214,921
273,921
185,375,655,921
680,783,921
846,921
98,922
784,922
522,923
711,924
796,924
689,925
701,925
790,926
31,927
64,122,168,676,928
292,929
622,929
778,930
651,931
300,932
439,932
490,932
745,932
92,105,129,289,518,933
289,933
651,934
1,935
6,935
14,935
24,182,239,935
30,119,478,935
84,935
88,646,935
1,112,306,353,404,680,786,860,935
8,32,42,64,122,250,849,935
130,375,442,935
142,935
233,935
20,262,935
367,935
56,375,935
376,935
0,122,404,935
64,434,935
443,935
495,935
498,935
59,250,449,688,935
81,936
16,937
50,938
122,938
198,281,938
367,938
247,476,488,498,798,938
375,565,659,938
261,703,938
720,938
822,938
826,938
186,939
74,940
469,941
917,941
554,942
50,58,70,375,476,655,703,943
75,944
158,944
44,76,148,168,285,666,676,945
77,945
122,207,945
66,946
70,404,946
383,946
493,946
638,946
667,946
461,826,946
201,226,947
122,232,284,648,676,947
648,947
44,106,452,948
207,948
44,77,476,945,948
124,949
12,59,950
85,124,950
95,950
244,619,950
250,950
12,39,262,268,678,950
314,950
325,950
411,950
513,950
12,325,532,568,950
568,695,950
637,950
678,950
695,950
678,780,950
783,950
804,950
606,951
100,952
555,952
334,539,953
5,954
27,122,954
5,6,54,59,126,198,232,244,375,495,576,676,826,921,954
168,954
185,954
354,954
771,954
79,230,367,378,758,794,954
168,880,954
406,955
902,956
64,957
476,817,957
159,367,524,574,759,957
11,360,958
45,958
111,145,958
176,958
242,958
273,958
377,958
385,958
759,958
659,959
350,960
550,960
104,475,961
199,961
104,793,961
921,962
128,317,433,963
555,963
847,963
265,964
916,965
647,966
242,444,967
761,967
31,968
102,968
245,968
342,968
356,968
403,968
432,968
629,968
104,969
961,969
80,370,539,970
195,970
305,970
346,970
166,262,971
166,299,971
307,971
78,142,324,972
222,972
275,461,629,867,972
324,972
369,972
245,375,566,972
369,531,972
629,972
9,205,849,972
55,107,973
73,974
152,974
172,418,523,974
224,974
251,974
269,974
135,294,638,666,974
418,974
475,497,522,523,974
523,974
593,974
703,974
906,974
0,975
1,975
3,975
4,348,975
6,17,34,190,498,555,564,765,880,975
7,30,975
9,975
13,975
15,975
16,78,375,403,975
20,48,200,359,975
21,975
24,32,975
25,975
27,975
29,262,975
33,199,230,975
36,975
43,975
48,975
51,975
52,745,975
56,975
60,106,975
62,393,975
64,975
66,73,199,667,975
68,975
72,975
90,975
93,975
94,975
102,975
104,975
106,975
113,975
122,367,676,975
134,975
150,975
155,975
160,975
164,975
167,975
34,168,783,975
178,975
183,975
164,187,975
126,199,975
202,306,975
208,975
87,210,975
214,975
232,262,498,975
233,975
242,975
244,975
108,245,975
250,975
262,975
292,975
300,975
1,68,70,306,360,659,975
310,975
1,13,28,48,106,126,168,196,198,199,229,245,262,322,324,362,540,720,880,975
324,975
249,326,800,975
72,167,208,330,350,496,830,975
350,975
351,975
359,975
360,975
367,975
30,134,370,975
375,975
382,975
395,975
403,975
110,193,214,215,266,370,403,404,753,826,975
409,975
432,975
437,975
442,975
452,975
457,837,975
475,975
476,488,975
478,975
350,496,975
106,498,720,860,975
505,648,975
512,975
520,975
539,975
549,975
566,975
404,574,849,975
610,975
616,975
208,623,859,975
629,975
645,975
659,975
663,975
678,975
685,975
690,975
4,9,199,250,367,704,851,975
711,975
155,714,975
0,720,898,938,975
79,745,826,975
746,975
72,752,975
758,975
180,516,759,975
25,350,498,539,779,975
783,975
23,36,122,375,574,794,975
796,975
20,160,821,975
826,975
830,975
849,975
851,975
208,623,859,975
678,860,975
880,975
402,896,975
909,975
711,796,924,975
18,455,499,582,826,976
58,145,976
188,976
211,976
221,976
236,976
308,976
438,976
541,976
613,976
681,976
3,977
673,977
56,745,977
425,978
73,149,168,252,450,979
385,517,980
466,980
601,980
687,980
136,981
722,981
481,982
815,872,983
118,984
265,869,985
298,986
311,616,915,987
311,768,903,987
247,733,988
377,989
0,990
5,990
16,990
25,29,168,990
28,106,990
29,990
33,990
41,990
54,990
59,990
62,990
69,990
72,990
78,88,375,990
106,990
111,990
7,8,126,486,990
164,375,629,990
167,990
183,990
164,187,990
29,34,189,211,476,521,786,990
199,990
211,990
214,629,826,990
136,242,286,537,990
245,990
262,990
273,990
168,306,990
367,990
324,375,990
376,990
7,21,403,475,968,990
404,990
446,990
475,990
476,990
82,145,172,491,826,846,990
180,495,990
20,48,498,975,990
504,990
537,990
655,990
676,990
689,701,990
720,990
516,759,990
778,990
779,990
551,783,990
826,990
864,990
25,504,790,908,990
921,990
937,990
958,990
975,990
28,56,70,262,306,367,468,494,495,784,991
69,991
170,991
214,991
404,991
245,498,991
745,991
764,991
914,991
67,992
539,993
539,840,993
96,994
33,153,548,995
122,995
33,65,145,244,498,734,754,995
650,996
512,997
72,975,998
650,999
996,999
115,1000
373,1000
726,743,1000
726,743,1000
20,41,83,122,322,375,376,849,1001
232,1002
619,1003
76,148,1004
114,1004
168,1004
322,1004
747,1004
