0,1
1,2
0,3
0,3,4
1,5
2,5
0,1,3,6
1,6
3,6
4,6
2,7
0,8
1,8
2,8
1,5,8
6,8
7,8
0,9
1,5,9
2,9
0,1,3,9
4,9
5,9
6,9
7,8,9
8,9
0,8,10
1,10
2,10
1,5,10
7,10
8,10
0,11
1,11
2,11
4,11
5,11
1,6,11
7,11
8,11
9,11
10,11
0,6,12
0,9,13
12,13
13,14
2,8,11,15
5,15
10,15
0,16
1,16
2,16
3,16
4,16
5,16
0,1,6,16
7,16
5,8,16
9,16
10,16
11,16
10,15,16
10,17
0,18
1,10,18
2,18
5,18
6,18
7,18
8,18
9,18
10,18
11,18
15,18
16,18
17,18
5,19
18,19
9,20
11,20
4,16,21
0,4,6,22
1,22
2,9,22
3,22
4,22
5,22
6,22
7,22
8,22
9,22
10,11,16,22
11,22
15,22
16,22
18,22
19,22
11,20,22
21,22
17,23
7,24
8,24
8,18,24
11,25
20,22,25
2,26
3,9,27
10,28
11,20,22,25,29
25,29
0,30
12,30
0,13,30
20,31
25,31
20,25,29,31
15,32
9,33
1,34
5,34
6,34
8,34
10,34
5,9,11,34
15,34
16,34
16,21,22,34
22,34
32,34
17,23,35
30,36
32,37
20,38
3,16,18,39
14,40
25,41
28,42
0,10,43
1,43
2,18,43
3,43
5,43
6,43
9,43
0,10,43
11,43
16,43
22,43
2,26,43
8,34,43
2,26,44
0,30,36,45
0,46
4,11,46
8,46
16,46
22,34,47
44,48
29,49
22,50
0,51
3,51
6,51
9,51
39,51
26,52
43,52
44,52
48,52
2,53
10,53
15,53
17,53
43,53
30,54
0,55
3,55
5,55
8,55
16,55
22,55
39,55
43,55
3,6,16,39,51,55
44,56
48,52,56
0,1,6,57
4,58
2,59
26,59
2,26,44,59
53,59
32,60
3,61
6,22,61
8,61
9,61
43,61
0,18,55,61
31,62
10,16,63
31,64
62,64
29,65
20,31,64,65
49,65
11,66
25,67
31,67
62,67
64,67
28,42,68
31,69
65,69
67,69
12,13,14,40,70
7,8,10,24,71
45,72
40,73
17,74
53,74
17,75
23,75
35,75
3,76
39,76
0,43,55,76
61,77
11,78
40,79
29,80
65,80
5,81
8,81
9,81
10,81
16,81
16,21,81
22,81
34,81
47,81
63,81
62,82
71,83
20,84
4,11,85
4,58,85
17,86
0,87
1,88
2,88
8,88
10,34,88
8,18,89
11,20,89
34,90
0,91
4,91
10,91
11,91
22,91
34,91
46,91
78,91
5,10,92
49,93
0,94
12,94
13,95
0,13,30,54,95
32,96
25,97
49,98
65,98
93,98
28,42,99
12,100
12,101
8,102
11,102
89,102
52,103
2,104
4,105
4,58,105
85,105
32,60,106
73,107
83,108
35,109
44,110
29,111
49,111
0,87,112
29,113
65,80,113
80,113
1,114
5,114
11,114
5,9,18,19,114
22,114
57,114
35,115
109,115
0,116
1,116
7,22,116
8,116
9,116
10,116
11,116
15,18,116
16,116
19,22,116
20,116
22,116
25,116
31,116
34,116
10,43,116
62,116
64,116
67,116
69,116
82,116
97,116
7,22,117
3,118
55,118
39,119
99,120
69,121
116,121
3,122
27,122
0,123
1,123
2,123
5,123
9,123
10,123
11,123
15,123
18,123
20,123
3,22,43,123
25,123
16,25,29,31,116,123
31,123
34,123
43,123
29,49,65,111,123
55,123
57,123
65,123
67,123
69,123
11,20,78,123
81,123
91,123
93,123
98,123
104,123
114,123
116,123
87,124
112,124
0,125
1,125
2,125
3,51,118,125
4,85,125
6,11,125
7,125
8,125
9,125
10,125
11,125
15,125
16,125
17,23,125
18,125
22,125
7,18,24,125
34,125
43,125
0,1,3,51,125
53,125
71,125
17,35,74,75,109,115,125
83,125
116,125
123,125
90,126
0,127
72,128
98,129
99,130
116,131
87,132
2,133
5,133
15,133
16,133
18,133
19,133
22,133
34,133
53,74,125,133
116,133
11,125,133
131,133
0,127,134
82,135
57,114,136
129,137
2,138
5,138
6,138
15,138
16,138
22,138
53,138
7,139
8,18,139
24,139
11,140
15,140
20,140
20,38,140
11,78,140
116,140
0,123,140
3,141
8,141
24,141
61,141
139,141
99,142
120,142
17,143
86,143
1,144
3,43,51,55,144
5,18,144
7,144
8,144
10,144
11,144
21,22,144
22,133,144
27,144
43,144
29,49,144
55,144
81,144
93,144
98,144
118,144
122,144
123,144
43,145
7,146
8,146
10,146
10,53,116,147
9,148
16,148
65,148
123,148
0,127,149
3,43,149
39,149
83,149
125,149
73,150
72,151
2,152
10,153
5,17,18,75,153
10,17,86,143,153
143,153
17,154
17,23,154
35,154
35,75,154
86,154
86,143,154
153,154
106,155
99,156
130,156
20,157
11,158
0,159
127,159
5,160
18,160
8,19,116,160
99,161
120,161
99,130,161
142,161
112,162
125,163
5,164
0,87,124,165
8,165
16,165
46,165
81,166
111,167
5,18,114,168
80,113,169
9,33,170
169,171
82,172
12,173
13,30,173
101,173
0,174
1,8,61,174
2,174
5,174
11,174
15,174
18,174
20,174
24,174
53,174
66,174
78,174
91,174
114,174
116,174
123,174
125,174
133,174
140,174
154,175
7,176
102,177
156,178
156,178,179
6,180
55,180
61,180
1,181
2,181
57,181
114,181
123,181
57,136,181
44,56,182
1,183
43,183
53,184
127,185
17,186
23,186
35,186
75,186
86,186
109,186
115,186
154,186
7,187
156,178,188
11,189
123,189
60,190
141,191
122,192
144,192
31,193
20,194
20,31,194
38,194
49,65,194
65,194
69,194
113,194
123,194
140,194
190,195
2,10,196
26,196
43,53,123,196
44,196
48,196
52,196
53,196
56,196
59,196
74,196
110,196
20,123,196
88,197
99,198
120,198
142,198
142,198,199
23,200
75,200
86,200
186,200
20,84,116,201
7,202
24,202
40,203
73,203
79,203
73,150,203
77,204
37,205
125,206
5,144,207
77,208
64,209
64,67,209
83,210
60,190,211
195,211
32,212
96,212
12,100,213
125,214
28,215
42,215
68,215
28,68,99,142,215
89,216
1,2,88,217
0,159,218
0,219
4,219
4,6,219
138,219
18,220
110,221
197,222
36,223
8,224
11,224
22,224
116,224
121,224
7,144,224
30,225
128,226
116,227
3,228
16,228
55,228
26,44,229
43,229
44,59,229
48,229
52,229
55,229
44,59,229
103,229
196,229
5,230
207,230
184,231
91,232
114,233
174,233
49,111,234
228,235
2,236
5,236
7,11,236
11,34,236
18,236
2,26,229,236
43,236
44,236
48,236
6,9,26,43,44,52,103,116,123,125,236
53,236
56,196,236
59,236
52,103,236
110,236
116,236
9,125,236
133,236
138,236
140,236
174,236
182,236
196,236
221,236
229,236
28,237
99,237
120,237
130,237
142,237
156,237
161,237
198,237
199,237
56,238
87,239
132,239
35,109,115,186,240
75,240
109,186,240
12,30,36,45,72,151,241
151,241
176,242
115,243
2,244
138,244
6,138,219,244
1,245
3,245
8,245
24,245
55,245
6,61,245
77,208,245
118,245
139,245
141,191,245
22,144,245
62,246
87,247
112,247
124,247
132,247
162,247
164,248
32,249
37,249
60,249
96,249
212,249
11,250
25,250
30,251
225,251
103,252
13,253
197,222,254
25,41,255
31,67,255
69,116,255
123,255
0,256
4,256
6,256
7,256
8,256
9,256
10,11,256
11,256
20,256
22,256
43,256
89,256
123,256
140,256
153,256
174,256
189,256
219,256
224,256
65,113,194,257
125,258
214,258
17,35,86,115,154,186,259
49,260
57,260
65,260
123,260
125,260
136,260
206,261
232,262
92,263
0,264
1,264
2,264
3,264
4,264
5,264
6,264
7,264
7,8,176,264
9,264
10,264
11,264
15,264
16,264
18,264
19,264
20,264
22,264
24,264
25,264
27,264
29,264
31,264
34,264
38,264
39,264
43,264
46,264
9,51,264
2,53,264
55,264
61,264
62,246,264
31,64,123,264
65,69,264
66,264
67,264
69,264
74,264
76,264
80,264
91,264
92,264
97,264
113,264
114,264
116,264
119,264
121,264
122,264
123,264
125,264
133,264
2,6,22,44,53,59,138,219,264
140,264
141,264
144,264
146,264
160,264
165,264
169,264
174,264
114,181,264
183,264
192,264
193,264
194,264
24,202,264
206,264
209,264
224,264
232,264
236,264
255,264
256,264
261,264
262,264
263,264
83,265
125,265
48,266
229,266
184,231,267
263,268
70,269
30,270
54,270
77,271
208,271
26,272
212,273
200,274
116,275
227,275
200,276
71,277
83,149,277
265,277
115,278
65,279
4,280
11,280
224,280
72,241,281
59,282
80,283
113,283
169,283
43,284
66,285
119,286
73,287
107,287
150,287
28,288
42,288
99,142,215,288
7,289
72,290
151,290
218,291
11,292
56,293
238,293
9,294
42,215,295
68,295
42,215,288,295
87,112,296
87,239,296
87,297
87,124,239,296,297
132,239,296,297
23,298
200,298
274,298
123,299
140,300
117,301
4,302
11,302
52,302
174,302
224,302
236,302
224,280,302
26,52,303
56,303
238,303
293,303
243,304
92,305
79,306
304,307
60,308
106,155,308
155,308
197,309
222,309
3,9,310
2,10,11,310
16,310
34,310
47,310
61,310
63,310
81,310
292,310
1,311
2,311
6,9,311
8,311
16,311
24,311
88,311
119,311
180,311
264,311
28,312
42,288,312
99,312
99,130,312
161,312
215,312
288,312
295,312
232,313
109,314
36,223,315
99,316
120,237,316
8,16,228,235,317
273,318
135,319
72,320
241,320
3,321
83,322
40,323
203,323
236,324
48,196,325
83,326
277,326
285,327
251,328
41,329
267,330
241,281,331
68,332
267,333
1,334
10,334
16,334
92,334
114,334
264,334
0,335
12,335
13,335
14,335
30,335
101,335
173,335
219,335
23,336
35,336
75,336
154,336
240,336
298,336
182,337
236,337
69,338
43,339
145,339
80,113,169,264,283,340
31,341
193,341
264,341
25,342
185,343
139,344
141,344
297,345
338,346
337,347
60,106,348
155,308,348
51,349
162,350
72,151,290,351
17,352
23,352
35,352
53,352
75,186,352
86,352
109,352
115,352
143,352
154,352
186,352
200,352
240,352
243,352
86,200,274,298,352
276,352
278,352
298,352
336,352
22,353
117,353
301,353
232,354
232,313,354
9,355
89,355
256,355
0,4,356
8,356
12,356
13,356
14,70,356
30,356
55,356
101,356
123,356
4,219,356
225,356
251,356
255,356
264,356
328,356
335,356
82,357
135,319,357
319,357
214,358
281,359
331,359
28,360
42,360
215,360
288,360
295,360
312,360
32,361
60,361
212,361
32,37,96,212,249,361
2,15,104,123,189,362
80,283,363
321,364
144,365
25,366
250,366
250,366,367
247,368
270,369
122,370
28,371
42,371
68,371
130,371
142,371
156,188,371
161,371
178,371
215,371
288,371
295,371
312,371
360,371
248,372
145,373
32,96,212,374
212,374
212,249,361,374
153,375
44,376
48,376
52,376
110,376
110,221,377
62,378
64,378
229,379
89,102,380
177,380
373,381
0,382
43,382
127,159,382
134,382
159,382
185,382
218,382
343,382
151,383
0,384
2,384
7,384
9,18,384
10,384
11,384
16,384
18,384
22,384
34,384
47,384
81,384
91,384
116,384
131,133,384
133,384
160,384
81,166,384
224,384
227,275,384
264,384
275,384
310,384
65,98,129,137,385
32,386
37,386
60,386
106,386
155,386
205,386
249,386
308,386
3,387
7,387
27,387
122,387
43,144,387
192,387
53,61,264,387
7,289,387
370,387
223,388
112,162,389
11,390
20,22,117,301,353,390
25,390
41,390
67,390
97,264,390
116,390
11,250,390
255,390
329,390
366,390
367,390
255,391
181,392
48,393
196,393
195,394
211,394
374,395
391,396
236,324,397
197,398
2,5,22,59,88,217,311,399
385,400
197,401
197,222,401
309,401
26,402
391,403
396,403
330,404
136,181,405
3,406
7,406
19,406
39,406
176,242,406
242,406
264,406
4,407
52,407
69,407
105,407
116,407
224,407
7,264,407
302,407
338,407
145,373,381,408
248,409
372,409
16,410
257,411
1,412
3,412
39,412
55,412
76,412
77,412
118,412
119,264,412
1,24,77,118,245,412
264,412
286,412
311,412
62,64,67,82,116,135,202,246,264,378,413
33,414
0,415
4,415
6,415
7,187,415
11,415
16,34,415
34,415
4,224,280,415
250,415
4,280,415
302,415
81,384,415
407,415
207,416
344,417
59,418
196,418
36,419
45,419
36,223,315,388,419
315,419
388,419
48,420
196,420
325,420
393,420
39,421
119,421
232,262,421
262,421
264,421
286,421
354,421
412,421
260,422
201,423
19,424
22,424
133,424
384,424
72,425
232,426
209,264,426
421,426
58,427
85,427
239,428
40,203,429
79,429
0,430
7,430
9,430
16,430
139,430
141,430
148,430
245,430
344,430
417,430
4,431
7,432
71,432
83,432
264,432
265,432
277,432
326,432
387,432
406,432
2,433
2,152,433
124,434
0,435
127,159,435
420,436
311,437
1,438
2,152,433,438
3,438
5,438
6,438
10,438
15,438
16,22,438
21,438
22,438
34,438
43,438
47,438
57,438
81,438
88,438
91,384,438
92,438
114,438
123,438
125,438
133,438
136,438
144,438
174,438
250,438
256,438
260,438
31,264,438
11,302,438
10,334,438
34,415,438
99,215,439
120,439
130,156,439
156,439
188,439
99,215,312,439
237,439
316,439
284,440
28,441
42,441
130,441
130,161,441
288,441
312,441
360,441
360,371,441
273,318,442
212,273,318,442
9,443
18,443
61,443
384,443
373,381,444
75,445
240,352,445
352,445
0,446
87,446
112,446
124,446
132,446
162,446
239,446
247,446
87,296,446
297,446
345,446
428,446
434,446
151,447
383,447
409,448
270,449
284,450
440,450
89,216,451
130,452
188,452
439,452
55,328,356,453
144,365,454
217,455
100,456
213,456
236,457
1,22,458
2,458
3,118,458
10,458
22,458
3,27,144,458
1,114,458
116,133,458
123,458
144,458
114,168,458
174,458
181,458
38,123,140,194,458
219,458
233,458
244,458
334,458
176,406,458
438,458
267,459
333,459
74,460
264,460
264,461
60,462
106,462
155,462
249,462
308,462
386,462
159,463
14,101,335,356,464
40,464
70,464
79,464
203,464
269,464
16,465
19,465
133,465
174,465
264,465
263,268,466
169,467
340,467
285,327,468
0,469
6,469
7,8,469
10,469
11,469
12,469
18,469
30,469
46,469
5,53,138,469
55,469
61,469
89,469
123,469
153,469
180,469
256,469
119,311,469
355,469
356,469
71,432,470
460,471
66,472
285,468,472
285,468,472
212,361,473
249,473
273,473
374,473
40,474
73,474
79,203,474
107,150,287,474
203,474
287,474
306,474
429,474
464,474
38,475
455,476
251,477
460,478
471,478
366,479
265,480
115,481
28,99,198,215,371,482
215,482
288,295,312,482
28,360,371,482
77,483
208,483
271,483
125,484
214,484
214,258,484
358,484
356,485
36,486
242,487
45,488
72,488
419,488
13,30,356,485,489
36,489
45,489
72,489
223,489
315,489
388,489
45,388,419,489
486,489
45,419,488,489
291,490
111,491
313,492
354,492
12,493
100,213,456,493
213,493
456,493
356,494
212,249,361,374,395,495
79,496
150,496
287,496
464,496
474,496
10,497
11,497
25,497
224,497
250,497
280,497
342,497
390,497
218,291,490,498
147,499
192,500
326,501
3,502
7,502
19,502
22,502
116,502
125,133,502
144,502
289,502
384,502
387,502
406,502
22,133,138,384,424,502
432,502
470,502
219,503
34,504
273,505
3,506
7,506
15,53,123,260,506
22,506
5,141,264,506
176,506
7,139,202,506
242,406,506
174,458,506
254,507
55,228,508
77,204,509
75,510
143,511
296,512
189,513
285,514
0,3,16,144,515
1,515
10,515
11,515
12,515
17,515
102,515
114,515
123,515
143,515
153,515
23,35,53,75,86,115,154,200,274,298,336,352,515
189,515
256,515
264,515
17,153,375,515
469,515
189,513,515
251,516
356,516
477,516
494,516
71,517
83,517
125,517
83,125,149,265,517
322,517
1,518
145,519
87,520
112,520
124,520
162,520
239,520
297,520
428,520
446,520
317,521
236,522
457,522
125,214,358,523
148,430,524
11,22,43,525
127,525
127,159,525
185,525
343,525
382,525
22,526
117,526
301,526
353,526
424,526
106,308,527
155,308,527
348,527
32,528
200,529
30,54,270,530
36,530
45,530
72,530
223,530
241,530
290,530
315,530
72,320,425,530
388,530
419,530
486,530
488,530
489,530
8,531
31,531
49,531
55,531
65,531
25,67,531
76,531
93,531
116,121,531
123,531
144,531
49,234,531
264,531
76,412,531
334,458,531
2,532
0,3,532
5,22,532
7,532
9,532
10,532
15,133,532
18,532
22,532
24,532
32,532
34,310,532
43,532
83,532
125,532
144,532
164,532
174,532
202,532
248,532
264,532
265,532
277,532
302,532
310,532
387,532
406,532
432,470,532
438,532
502,532
34,504,532
506,532
517,532
183,533
361,534
192,535
503,536
395,537
64,67,538
127,134,539
185,539
159,525,539
264,540
41,250,390,541
390,541
292,542
48,543
325,420,543
393,543
420,543
40,73,544
323,544
76,545
242,546
487,546
410,547
55,548
189,549
256,549
139,550
141,550
344,550
417,550
430,550
391,551
40,552
79,552
429,552
464,552
474,552
468,553
16,554
148,554
248,555
372,409,555
409,555
403,556
17,557
23,557
75,557
154,186,557
200,557
200,274,557
276,557
298,557
352,557
41,558
1,559
517,560
166,561
3,16,264,321,465,562
7,563
277,563
406,563
432,563
151,564
132,565
239,565
297,565
105,566
92,567
305,567
356,568
165,569
278,570
9,430,571
294,571
53,572
147,572
499,572
22,50,573
248,532,574
409,574
555,574
1,575
24,245,575
311,575
334,575
2,458,575
97,576
390,576
574,577
399,578
48,579
266,579
558,580
207,581
11,582
25,123,582
31,582
41,390,582
67,582
123,582
138,582
144,582
174,582
219,256,335,582
2,244,582
245,582
264,582
438,582
458,582
503,582
531,582
503,536,582
538,582
26,236,583
44,583
48,583
52,56,303,583
56,583
196,583
236,583
238,583
272,583
293,583
303,583
3,584
4,584
263,584
25,67,264,584
268,584
466,584
243,304,585
1,586
5,586
7,586
8,586
11,586
15,32,138,438,586
16,586
22,586
50,586
102,586
116,586
140,586
5,164,532,586
174,586
207,586
224,586
248,409,586
256,586
264,586
300,586
236,302,586
248,372,555,586
384,586
409,574,586
415,586
438,586
515,586
532,586
555,586
574,586
486,587
200,588
529,588
56,589
140,589
43,56,182,236,589
236,589
583,589
160,590
420,591
212,374,473,495,592
395,592
537,592
76,264,545,593
0,594
87,594
112,594
124,594
239,594
219,335,594
239,296,428,446,594
446,594
276,595
248,596
555,596
574,596
577,596
25,597
97,597
116,597
255,390,597
20,598
263,599
268,599
1,600
11,600
43,600
57,136,260,600
92,600
114,600
125,600
136,600
116,183,264,600
233,600
260,600
264,600
334,600
438,600
458,600
533,600
45,601
488,601
0,602
4,11,602
16,602
0,46,602
105,602
123,602
257,411,603
33,604
414,604
194,458,605
23,606
186,606
479,607
270,449,608
82,135,319,609
602,610
75,200,611
529,611
588,611
242,612
546,612
519,613
271,614
66,472,615
29,616
65,617
267,618
330,404,618
459,618
79,619
464,496,619
467,620
188,621
439,621
370,622
387,622
9,623
116,623
58,624
85,624
105,624
407,624
192,535,625
115,626
243,626
352,626
481,626
196,627
20,628
25,628
29,49,144,628
49,628
29,49,111,628
113,628
111,167,628
194,628
491,628
497,628
110,629
291,490,630
490,630
498,630
523,631
526,632
44,633
376,633
2,634
11,634
15,634
18,634
19,634
22,256,634
43,634
49,634
53,634
93,634
116,634
133,438,634
138,634
144,634
160,634
164,634
202,634
248,634
264,634
284,634
384,634
424,634
387,424,502,634
526,634
532,634
586,634
159,218,635
291,498,630,635
490,635
498,635
630,635
334,636
359,637
90,638
407,639
174,250,415,438,639
251,640
94,641
284,642
284,440,450,642
450,642
382,643
72,644
128,644
226,644
125,645
258,645
358,645
484,645
109,646
314,646
149,647
517,648
42,649
14,650
40,203,429,464,544,552,650
73,650
79,496,650
101,650
150,474,650
203,650
269,650
287,650
323,650
335,650
464,650
474,650
496,650
428,594,651
143,652
511,652
517,653
435,654
104,655
362,655
42,656
121,657
7,187,658
130,659
151,351,660
270,661
449,661
449,608,661
3,662
242,662
406,662
612,662
69,663
338,346,663
649,664
155,665
504,666
34,667
9,668
9,116,623,668
194,669
224,264,582,669
330,670
503,671
536,671
203,672
39,673
412,673
524,674
82,675
116,675
83,676
277,676
524,677
114,678
515,678
303,679
302,680
77,681
204,681
62,682
246,682
121,683
17,684
67,685
231,686
10,687
28,687
31,688
62,682,688
82,688
116,597,623,688
135,688
172,688
135,319,609,688
357,688
169,689
340,689
467,689
110,221,690
16,691
562,691
589,692
182,693
543,694
377,695
88,696
56,697
182,697
236,697
337,697
241,281,331,359,637,698
541,699
93,700
154,701
175,701
515,701
190,702
195,702
211,702
211,394,702
291,630,703
490,703
498,703
630,703
541,704
84,705
276,706
595,706
188,707
431,708
164,709
236,710
583,710
65,711
98,711
123,711
129,711
137,711
7,49,144,711
260,711
385,711
582,711
229,712
322,713
5,15,32,438,714
28,715
99,715
120,715
142,715
295,715
371,715
99,716
215,716
439,716
324,717
397,717
232,313,718
232,313,354,492,718
441,719
52,103,229,236,252,720
139,721
197,398,401,722
222,722
254,722
401,722
2,723
10,723
15,723
16,723
18,723
53,723
116,723
131,723
125,133,723
384,723
8,144,724
14,724
225,724
356,724
568,724
420,725
578,726
116,727
15,123,144,727
329,727
390,727
502,727
723,727
587,728
346,729
510,730
17,684,731
44,229,732
17,733
35,154,186,240,733
75,733
154,733
352,733
261,734
206,735
411,736
603,736
7,737
10,737
11,737
122,737
144,737
122,192,500,737
116,227,737
264,737
289,737
384,737
387,737
502,737
532,737
535,737
563,737
625,737
44,738
110,738
236,738
629,738
70,269,739
4,740
9,294,430,532,571,740
16,740
18,19,740
20,740
43,740
125,740
133,740
148,740
214,740
256,740
258,740
260,422,740
264,740
358,740
438,740
484,740
3,502,740
523,740
554,740
631,740
19,424,634,740
258,645,740
527,741
620,742
194,743
605,743
92,744
334,744
12,100,745
112,162,746
435,747
654,747
232,748
313,748
354,421,748
492,748
718,748
168,749
239,750
124,520,750
0,751
4,751
6,751
12,751
13,751
46,751
53,751
61,751
153,751
46,165,569,751
173,751
219,256,751
251,751
253,751
328,751
8,356,724,751
469,751
477,751
516,751
8,752
54,270,753
369,753
0,754
2,16,754
3,754
5,22,114,230,515,754
6,754
8,754
9,754
10,754
11,754
16,754
17,754
18,384,754
22,754
24,754
29,754
46,469,754
51,754
59,754
61,754
117,754
123,754
125,754
139,430,754
141,754
152,754
160,754
164,754
219,754
220,754
245,754
264,754
301,754
1,180,311,754
344,754
384,754
415,754
417,550,754
430,754
438,754
502,754
532,754
550,754
294,571,754
586,754
29,111,616,754
634,754
684,731,754
723,754
731,754
740,754
118,755
187,756
658,756
370,387,757
289,387,737,757
622,757
281,758
64,759
209,759
8,760
81,760
144,760
289,760
502,760
535,760
625,737,760
737,760
14,761
225,761
255,761
356,761
11,469,761
724,761
583,589,710,762
16,562,763
194,764
15,765
55,61,765
123,765
140,263,264,765
174,765
469,765
586,765
53,766
31,767
143,768
81,769
92,769
305,769
10,17,334,769
438,769
567,769
744,769
220,754,770
40,771
79,771
79,306,474,552,771
323,771
429,771
464,771
40,474,771
544,771
552,771
650,771
285,772
472,772
65,773
194,773
711,773
181,774
26,59,775
52,56,583,775
59,775
116,775
119,775
140,775
146,775
224,775
256,775
264,775
280,775
293,775
302,775
311,775
342,497,775
387,775
407,775
119,412,421,775
497,775
583,775
182,236,589,775
762,775
14,40,776
73,776
79,474,776
73,107,776
150,776
203,776
287,776
306,776
323,776
335,776
79,429,776
464,776
40,73,429,474,496,776
496,776
552,776
650,776
771,776
169,777
171,777
185,778
382,778
643,778
43,779
284,779
284,440,450,642,779
450,779
634,779
642,779
50,780
573,780
1,781
2,781
7,781
15,32,781
16,781
10,18,781
19,781
20,628,781
24,781
25,781
31,781
41,781
43,781
47,781
53,781
62,781
29,31,65,711,781
67,781
31,69,781
80,169,781
81,310,781
97,781
116,781
123,781
133,781
135,319,781
138,781
140,781
144,781
38,113,194,669,781
219,781
224,781
245,781
25,250,781
57,260,422,438,781
264,781
329,781
341,781
366,367,781
367,781
25,366,390,781
406,781
275,384,424,781
438,781
458,781
479,781
503,781
531,781
541,699,781
558,781
576,781
582,781
586,781
589,781
479,607,781
11,114,384,634,781
172,319,688,781
699,781
541,704,781
93,98,144,711,781
727,781
737,781
767,781
11,782
89,782
102,782
153,782
17,143,515,782
363,783
560,784
253,785
281,786
516,787
35,109,788
115,788
186,788
243,788
304,788
352,788
481,788
585,788
626,788
733,788
596,789
33,790
120,791
198,791
0,13,792
1,792
2,792
4,16,334,792
5,792
7,792
8,792
10,792
11,792
15,792
16,792
18,792
19,792
20,792
21,144,532,792
22,792
24,792
25,792
20,29,792
31,792
34,792
41,792
43,792
44,792
46,792
47,384,792
49,792
50,780,792
53,792
55,792
57,792
59,792
61,792
65,792
67,792
71,792
78,792
81,792
83,792
84,792
88,792
22,91,384,792
92,792
93,792
111,792
113,792
114,792
116,792
121,224,792
122,792
123,792
9,125,792
133,792
136,792
141,264,754,792
144,792
146,792
160,792
164,792
166,792
167,792
174,792
144,192,264,792
194,792
202,792
219,792
224,792
227,792
236,792
244,792
245,792
260,792
264,792
277,792
282,792
289,792
310,792
88,311,792
334,744,792
356,792
366,792
370,792
382,643,792
384,792
387,792
390,792
399,792
424,792
432,792
438,792
1,458,792
53,469,792
491,792
494,516,792
497,792
192,500,792
502,792
504,666,792
523,792
525,792
531,792
532,792
535,792
538,792
541,792
563,792
50,573,780,792
575,792
578,792
582,792
555,586,792
590,792
183,600,792
622,792
625,792
628,792
53,634,751,792
657,792
699,792
705,792
723,792
329,727,781,792
737,792
740,792
18,754,792
757,792
760,792
781,792
195,211,394,793
190,211,793
394,793
702,793
81,144,794
532,794
49,234,795
232,796
262,796
313,796
313,354,796
492,718,748,796
313,354,492,718,748,796
748,796
28,797
42,797
130,797
288,797
312,797
371,797
441,797
659,797
414,798
668,799
519,800
613,800
20,140,598,801
604,802
33,803
9,33,790,803
67,804
42,805
656,805
12,806
100,806
213,456,806
456,493,806
493,806
745,806
86,807
259,807
276,807
352,807
557,807
595,807
706,807
446,808
436,809
267,618,810
330,810
670,810
66,811
285,811
285,327,811
468,811
66,472,615,811
553,811
64,812
121,812
264,812
378,812
406,812
460,478,813
182,814
86,815
595,816
390,817
576,817
607,818
1,819
7,819
8,819
9,819
18,819
19,819
20,819
22,819
82,172,819
116,819
133,174,819
172,819
407,819
430,819
586,819
125,645,819
82,116,675,819
740,819
25,820
29,820
356,820
438,820
430,616,754,820
754,820
264,737,792,820
66,472,811,821
14,335,822
225,822
356,822
724,822
14,761,822
3,228,823
83,823
149,823
647,823
362,824
53,825
59,825
236,825
203,826
474,826
771,826
18,469,827
23,828
327,829
219,244,830
23,831
828,831
197,832
222,832
197,222,309,832
398,832
6,833
11,833
22,833
104,833
116,833
123,833
81,144,224,833
11,280,497,833
781,833
193,834
9,116,256,835
625,836
760,836
542,837
56,838
303,838
583,838
679,838
212,839
589,775,840
51,841
3,76,842
34,842
51,842
55,842
71,842
83,842
6,83,125,322,842
11,144,497,842
149,842
265,842
277,842
83,322,842
83,210,432,842
194,458,506,743,842
502,842
517,842
560,842
648,842
713,842
727,842
19,792,842
206,843
783,844
408,845
468,846
553,846
811,846
17,847
584,848
395,849
206,850
843,850
11,43,851
250,851
415,438,851
144,532,794,852
274,853
40,854
73,854
107,776,854
203,854
323,854
544,854
650,854
323,771,854
776,854
89,355,855
2,856
88,856
417,857
612,858
778,859
281,860
281,758,860
26,861
44,861
52,861
56,861
238,861
293,303,861
303,861
583,861
11,26,43,229,862
712,862
779,863
28,864
156,864
237,864
185,778,865
343,865
525,865
734,866
200,867
5,230,868
624,869
12,870
12,871
100,745,871
213,871
456,871
12,100,173,213,456,493,745,806,871
806,871
376,872
510,873
730,873
190,874
370,387,875
3,27,387,622,757,875
232,421,876
313,876
354,876
421,876
232,354,492,748,876
718,876
748,876
796,876
551,877
469,878
827,878
189,879
256,879
515,879
549,879
652,880
64,67,116,881
378,881
413,881
812,881
321,882
321,364,882
69,883
796,884
690,885
263,886
70,887
739,887
682,888
426,889
648,890
345,891
863,892
578,893
792,893
109,894
40,895
323,895
650,895
273,896
318,896
208,897
1,898
5,898
10,898
15,898
1,22,898
116,898
227,898
248,898
256,898
275,898
372,898
384,898
409,898
415,898
555,898
574,898
586,765,898
596,898
792,898
819,898
167,899
0,900
12,900
100,900
213,900
456,900
456,493,900
745,900
806,900
456,871,900
301,901
353,901
184,902
231,686,902
267,902
330,902
333,459,902
459,902
618,902
670,902
686,902
810,902
56,838,903
236,903
457,903
225,904
293,905
188,906
188,707,906
4,907
431,907
708,907
868,908
144,909
794,909
5,910
10,153,256,375,910
27,387,910
34,910
122,910
206,910
264,910
370,910
387,910
737,910
792,910
743,911
87,124,296,297,520,912
434,912
215,913
295,913
780,914
822,915
68,916
295,916
332,916
371,916
836,917
32,918
247,919
327,829,920
148,921
524,677,921
16,554,781,921
674,921
677,921
915,922
76,923
545,923
1,559,924
753,925
745,926
413,927
15,53,116,792,898,928
143,928
186,928
200,928
274,928
276,928
352,928
515,928
529,928
588,928
595,928
611,928
678,928
706,928
86,557,807,928
595,816,928
112,929
124,446,929
335,929
434,912,929
446,520,750,929
594,929
124,912,929
48,930
266,930
579,930
229,931
229,712,862,931
440,932
98,933
112,162,428,520,746,934
446,934
254,935
507,935
3,936
22,936
25,937
52,938
56,938
238,938
293,938
303,938
583,938
679,938
838,938
861,938
215,939
75,940
510,940
730,940
873,940
689,941
297,942
565,942
268,943
268,466,584,943
584,943
263,599,943
848,943
4,219,944
244,944
710,945
25,946
34,946
82,819,946
116,623,946
82,135,357,946
264,946
319,609,946
357,688,946
432,532,946
470,946
532,946
560,946
688,946
781,946
792,946
842,946
42,947
797,947
44,948
48,948
229,948
266,948
266,579,930,948
930,948
5,898,949
34,949
53,949
63,949
71,949
81,949
49,111,949
166,949
310,949
352,949
384,949
561,949
264,517,634,740,781,792,842,946,949
792,949
886,950
242,951
176,242,487,612,951
858,951
648,952
910,953
11,954
20,954
66,174,954
174,954
264,954
285,954
438,954
468,954
472,954
615,954
772,954
289,792,954
846,954
585,955
213,956
406,957
22,506,957
541,704,957
781,957
25,958
29,958
41,958
61,958
390,958
438,958
536,958
541,958
582,958
754,958
781,958
792,958
756,959
376,960
633,960
872,960
236,961
710,961
945,961
79,962
429,962
243,963
304,963
307,963
58,964
729,965
620,966
587,728,967
728,967
301,968
255,969
391,969
909,970
816,971
928,971
114,972
181,972
181,392,972
17,973
18,973
143,973
754,973
768,973
367,974
390,974
832,975
455,976
35,977
109,977
336,977
943,978
485,979
968,980
49,981
57,114,123,981
114,515,981
123,981
189,549,981
256,981
209,264,981
200,276,981
352,981
1,10,515,981
595,981
678,981
706,807,981
807,981
879,981
928,981
190,982
355,983
797,984
947,984
242,985
546,985
612,985
662,985
858,985
951,985
69,986
123,986
455,987
976,987
267,988
330,988
267,333,988
459,988
618,988
902,988
905,989
13,990
251,990
253,990
356,990
477,990
494,990
53,516,751,990
328,356,751,990
253,785,990
787,990
792,990
543,991
694,991
50,992
586,992
866,993
224,302,994
65,995
279,995
196,996
274,997
274,853,997
74,998
20,999
84,999
182,1000
158,1001
202,1002
406,1002
458,1002
506,1002
812,1002
188,1003
374,1004
592,1004
