0,1
1,2
0,3
0,3,4
0,1,5
2,5
0,1,6
1,5,6
3,6
0,4,6
0,3,4,6,7
4,7
6,7
1,8
1,2,5,8
5,8
6,8
0,1,3,4,6,7,9
1,6,8,9
6,9
5,10
0,3,11
1,11
0,3,11
6,11
7,11
1,12
0,13
1,5,6,8,11,13
1,2,5,8,11,13
1,14
2,14
2,15
5,15
13,15
0,1,13,16
13,17
2,5,10,14,18
5,18
14,18
12,19
12,20
12,19,20
9,21
0,22
1,9,14,22
2,22
1,5,22
8,22
13,22
14,22
17,22
18,22
16,23
6,24
9,25
7,26
2,27
7,28
12,29
19,29
20,29
13,30
17,30
22,30
19,31
12,32
24,33
17,34
30,34
0,16,23,35
12,36
19,36
19,31,36
1,5,10,13,15,37
10,37
7,38
26,38
12,39
12,40
7,41
1,42
6,42
9,25,42
21,42
0,43
1,22,43
2,43
3,43
5,43
6,9,43
7,43
9,42,43
11,43
0,1,5,6,7,8,11,13,15,17,22,30,34,43
14,43
5,14,18,22,43
22,43
28,43
8,44
2,8,45
0,1,5,8,18,22,30,44,45
0,46
6,7,11,43,46
0,6,7,11,26,41,46
38,46
19,47
31,47
12,48
19,48
20,48
29,48
31,48
12,49
12,19,31,49
19,20,48,49
29,49
32,49
36,49
40,49
12,29,32,40,48,49
4,50
31,36,51
19,52
20,52
13,30,53
7,26,46,54
2,55
3,55
6,55
7,55
13,22,55
17,22,55
22,55
28,55
30,55
34,55
43,55
31,51,56
0,6,57
7,57
26,57
7,38,57
0,6,9,43,57
0,46,57
54,57
12,58
19,58
32,58
49,58
0,59
2,8,59
3,59
3,6,59
7,59
0,1,3,6,9,13,14,25,42,43,59
11,59
18,59
22,59
27,59
34,59
2,27,43,59
2,27,43,55,59
7,26,46,57,59
0,60
2,60
5,60
13,60
15,60
18,60
27,60
5,10,37,60
46,60
26,54,57,60
55,60
57,60
59,60
4,61
6,61
7,61
8,61
11,61
55,61
5,10,37,59,60,61
12,62
19,62
20,62
31,62
12,32,49,58,62
36,62
19,47,62
49,62
19,52,62
19,58,62
45,63
40,64
0,65
0,1,13,22,65
2,59,65
3,65
4,65
5,65
6,65
7,65
8,65
9,65
11,65
17,30,65
1,5,18,22,65
22,65
28,65
22,30,65
0,7,26,38,46,65
43,65
0,7,26,28,38,43,46,54,57,59,60,65
50,65
55,65
54,57,65
59,65
60,65
6,61,65
19,66
49,58,66
39,67
31,47,68
51,68
56,68
5,6,8,60,69
44,69
45,69
25,70
24,71
24,33,71
19,31,52,72
12,49,72
52,72
0,73
1,65,73
4,6,43,65,73
28,65,74
0,75
75,76
64,77
18,78
7,28,38,43,59,79
46,80
19,81
36,81
52,81
31,82
19,36,82
12,40,82
47,82
49,82
64,82
77,82
40,83
64,83
77,83
31,82,83
7,28,84
0,75,76,85
12,86
12,39,67,86
40,86
29,48,49,58,82,86
64,86
77,86
82,86
83,86
1,87
12,87
19,87
20,87
22,87
29,87
31,87
32,87
36,87
12,39,87
40,49,87
47,58,62,87
12,48,87
49,58,87
52,87
58,87
62,87
64,87
67,87
64,77,87
81,87
49,82,87
77,83,87
86,87
12,19,62,88
19,88
20,88
31,88
12,19,32,49,58,88
47,87,88
48,88
36,39,40,47,49,86,87,88
52,88
58,88
62,88
72,88
81,88
87,88
0,46,89
46,80,89
31,90
12,19,91
2,92
27,92
59,92
0,3,13,55,60,65,92
24,93
55,59,61,65,94
23,95
35,95
12,36,82,87,96
92,97
0,22,98
1,98
4,98
4,7,98
13,98
22,98
4,50,65,98
65,98
73,98
54,99
6,100
24,100
24,33,100
71,100
93,100
64,101
6,8,42,102
75,103
7,41,104
62,87,105
19,106
31,106
40,106
48,106
49,106
52,106
58,106
64,106
77,82,87,106
64,82,106
83,106
86,106
87,106
90,106
101,106
0,1,75,98,107
35,108
91,109
5,10,27,37,54,60,92,99,110
5,111
37,111
39,112
38,57,113
9,114
28,115
84,115
99,116
1,117
2,117
13,117
27,117
43,117
55,117
57,117
6,42,43,59,117
60,117
92,117
0,118
2,118
5,118
7,118
1,2,5,14,18,22,43,118
13,22,118
28,118
41,118
6,7,43,118
55,118
26,54,57,118
59,118
65,118
74,118
79,118
28,84,115,118
113,118
7,28,41,43,55,84,115,117,118
1,65,119
9,119
21,119
42,119
102,119
36,81,120
10,121
67,122
37,123
54,99,124
28,125
41,125
79,125
104,125
118,125
20,47,48,62,87,126
19,47,62,105,126
25,127
25,70,127
37,128
24,129
71,129
0,6,7,55,130
1,130
2,130
3,130
4,130
5,130
0,3,6,13,55,73,117,130
7,11,61,130
8,130
9,130
11,130
13,130
17,130
21,130
22,30,130
30,130
34,130
42,130
43,130
44,130
44,45,69,130
55,130
43,59,130
60,130
61,130
63,130
65,130
69,130
0,1,5,59,60,61,73,117,130
94,130
98,130
118,130
21,131
42,131
9,21,102,119,131
19,132
31,68,83,87,132
49,58,132
52,88,132
72,88,132
49,82,132
77,82,83,86,87,106,132
88,132
29,133
0,134
4,134
11,134
5,22,65,134
43,60,130,134
7,30,43,55,61,118,134
94,134
65,130,134
1,135
13,135
59,135
92,135
117,135
39,86,112,136
7,137
28,137
41,137
104,137
118,137
125,137
18,65,138
43,138
118,138
5,139
26,139
46,139
54,139
57,139
18,60,139
99,139
54,99,116,139
1,27,59,117,140
4,6,8,140
37,141
91,142
91,109,142
135,143
26,144
0,46,145
16,23,35,145
22,55,145
11,146
61,130,146
113,147
47,148
26,149
38,149
46,149
65,149
4,150
5,111,151
49,152
52,153
81,153
76,154
85,154
4,155
2,5,10,22,60,155
7,155
10,155
26,155
5,37,123,155
0,9,16,22,46,155
54,155
61,134,155
116,139,155
60,134,155
99,116,139,155
141,155
7,26,144,155
70,156
49,157
19,20,49,106,158
26,43,54,57,99,116,139,155,159
13,55,160
24,129,161
0,162
4,50,65,163
3,4,6,65,98,164
6,164
0,165
1,165
2,18,165
3,165
4,165
5,165
1,6,165
7,165
8,130,165
5,10,130,165
0,11,165
13,165
14,165
15,165
17,165
18,78,165
22,165
26,165
27,117,165
28,165
30,165
34,165
37,165
38,165
43,165
46,165
50,165
54,165
55,59,165
57,165
59,165
60,165
61,165
5,60,65,165
0,57,73,165
78,165
79,165
89,165
92,165
94,134,165
111,165
116,165
117,165
118,165
123,165
125,165
128,165
130,165
22,60,94,134,165
138,165
139,165
141,165
144,165
61,146,165
149,165
150,165
151,165
155,165
164,166
1,4,26,55,98,117,130,165,167
150,167
82,87,168
25,169
4,170
7,170
46,149,170
50,170
28,61,65,170
98,170
4,98,150,165,167,170
155,170
163,170
165,170
167,170
1,171
5,171
9,171
11,65,171
22,43,171
59,171
65,171
118,171
138,171
14,165,171
0,73,172
1,172
2,172
5,172
6,11,172
7,11,43,172
8,172
10,37,172
13,172
14,22,172
15,172
3,8,17,30,43,55,130,172
18,172
22,172
26,172
28,172
30,172
38,172
41,172
43,172
46,172
54,172
55,172
57,172
59,172
60,172
11,27,59,65,117,172
69,172
79,118,172
46,80,172
87,172
46,80,89,172
92,172
92,97,172
13,98,172
99,172
104,172
116,165,172
117,172
118,172
124,172
125,172
130,172
6,8,11,130,134,172
135,172
137,172
139,172
143,172
26,149,165,172
155,172
13,98,160,170,172
117,165,172
171,172
50,173
50,163,173
165,173
4,50,170,173
37,174
165,175
106,176
78,177
152,178
125,179
97,130,172,180
172,180
136,181
0,182
2,182
3,165,182
5,182
1,2,6,8,14,172,182
7,182
13,135,182
17,182
22,182
27,182
28,182
38,182
41,182
43,182
54,182
55,182
60,182
65,182
79,182
28,84,115,182
92,165,182
97,182
99,182
104,182
59,113,118,182
115,182
116,182
118,182
5,130,182
135,182
137,182
139,182
149,182
155,182
172,182
180,182
0,183
1,183
3,183
4,183
5,183
6,183
7,183
8,183
9,183
11,183
13,183
15,183
17,183
21,183
22,183
25,183
28,183
30,183
34,59,183
42,183
43,183
46,183
53,183
55,183
59,183
60,183
61,183
65,183
25,70,127,156,183
73,98,183
0,75,76,183
75,76,183
85,154,183
94,183
98,183
99,183
102,183
103,183
114,183
116,183
117,183
43,118,130,183
119,183
127,183
130,183
131,183
134,183
135,183
138,171,183
139,182,183
140,183
61,146,183
4,150,183
154,183
155,172,183
156,183
160,183
164,183
165,183
166,183
167,183
170,183
0,1,3,11,57,146,165,171,182,183
172,183
182,183
12,184
19,184
20,184
29,184
31,184
32,184
36,184
40,184
47,184
48,184
49,184
58,184
62,184
52,81,132,184
82,184
83,184
86,184
87,184
88,184
96,184
133,184
47,148,184
153,184
53,185
39,186
136,181,186
39,136,181,186
2,187
5,183,187
8,187
10,187
13,187
14,187
15,187
18,78,94,165,170,187
27,60,165,187
41,187
43,187
55,187
60,187
79,187
92,187
97,172,180,182,187
104,187
118,187
125,187
57,139,187
17,22,30,139,155,165,172,182,187
165,187
172,187
172,180,187
182,187
183,187
98,188
53,189
40,82,190
12,36,191
85,192
9,193
114,183,193
183,193
26,46,80,194
80,194
161,195
92,196
79,197
150,198
86,199
31,48,90,106,199
176,199
31,200
145,201
0,202
1,202
2,202
3,202
4,183,202
6,42,202
7,202
9,202
8,11,65,202
13,202
15,202
21,202
22,202
24,202
2,27,92,182,202
33,202
37,202
42,202
43,202
50,202
22,55,125,187,202
57,202
57,59,202
27,60,202
22,25,61,70,127,183,202
4,65,202
73,202
92,202
94,202
98,202
100,202
111,202
116,202
1,117,202
118,202
119,202
130,202
131,202
134,202
135,202
141,155,202
143,202
146,202
150,183,202
155,202
163,202
3,6,164,166,202
165,202
166,202
4,46,139,165,167,170,183,202
170,202
9,55,130,171,202
97,172,202
92,182,202
183,202
198,202
99,203
113,203
100,111,116,150,151,165,167,183,202,203
118,203
139,203
147,203
155,203
165,203
182,203
183,203
9,204
25,204
59,204
25,70,204
25,70,127,172,183,204
156,204
25,169,204
183,204
4,205
119,206
125,207
7,125,137,172,179,182,207
166,208
28,79,118,125,137,155,165,172,209
179,207,209
207,209
0,210
1,210
2,210
3,210
4,6,8,9,210
8,210
9,210
10,155,172,210
13,210
10,14,187,210
2,15,26,60,165,210
22,210
24,161,195,210
27,210
28,210
33,210
8,44,69,130,210
45,210
59,210
60,210
45,63,210
65,210
69,130,210
71,210
92,210
99,210
117,210
18,22,118,210
129,210
130,210
140,210
161,210
165,210
172,210
182,210
183,210
187,210
161,195,210
202,210
104,211
9,212
25,212
42,102,212
59,212
70,212
70,127,212
156,212
169,212
183,212
204,212
62,213
104,214
125,214
179,214
1,215
1,22,215
5,26,60,92,118,139,144,155,165,172,187,210,215
130,215
30,117,165,215
65,216
144,217
40,218
94,219
145,220
20,49,52,64,72,81,82,83,87,88,96,132,153,184,221
38,46,222
31,47,223
47,49,58,62,88,184,223
195,224
210,224
61,225
145,226
0,227
1,227
2,227
6,7,182,227
7,227
8,227
9,227
12,227
13,55,160,210,227
14,227
17,227
21,227
1,6,22,30,59,65,145,210,227
24,227
30,227
24,33,71,227
34,227
9,42,227
8,22,43,138,227
44,69,227
54,227
13,55,227
43,54,55,57,117,155,227
59,227
65,216,227
69,227
6,24,71,93,100,202,210,227
73,227
87,227
92,227
98,227
99,227
100,227
113,227
116,227
117,227
65,118,227
119,227
125,227
129,227
130,227
134,227
135,183,227
138,227
1,140,210,227
59,84,92,118,130,135,143,165,182,227
116,159,227
165,215,227
172,227
182,227
183,227
187,227
191,227
202,227
203,227
206,227
210,227
0,16,23,73,145,162,220,226,228
17,229
0,4,5,13,230
2,230
3,230
7,230
8,230
4,11,61,134,150,165,230
17,230
22,59,130,215,230
43,230
54,230
57,230
59,230
33,71,230
98,230
99,230
116,230
60,92,117,140,154,170,183,230
118,230
130,230
139,230
164,230
165,230
172,230
6,84,180,182,230
183,230
202,230
203,230
210,230
215,230
227,230
17,231
229,231
0,232
1,232
6,232
9,232
22,232
24,232
27,232
33,232
43,232
50,232
59,232
71,232
93,232
98,232
100,232
33,71,129,232
130,232
134,232
183,232
202,232
210,232
1,227,232
230,232
127,233
0,234
16,234
22,234
23,234
95,234
145,234
145,220,234
23,235
23,35,95,235
234,235
17,30,236
165,236
8,237
20,31,36,48,52,120,153,184,238
31,239
51,68,239
56,68,239
68,239
0,240
2,240
4,240
5,240
6,240
7,240
8,240
9,240
13,240
15,60,240
22,240
26,240
28,240
30,240
34,240
41,240
43,240
46,240
54,155,240
55,240
57,230,240
59,232,240
60,240
55,61,240
65,240
79,172,187,240
28,84,240
95,240
99,240
24,100,240
104,240
115,240
55,117,240
28,118,240
125,240
130,240
4,7,137,155,172,183,203,240
7,26,28,46,98,116,139,183,193,240
145,240
146,240
160,240
164,240
165,240
167,240
172,240
125,179,207,240
182,240
183,240
187,240
134,202,240
207,240
125,179,207,209,240
14,210,240
211,240
125,214,240
227,240
228,240
230,240
9,24,93,232,240
95,234,240
6,42,119,241
67,242
32,87,243
48,106,184,243
16,244
23,244
95,244
235,244
2,245
14,43,130,203,230,245
28,137,245
38,182,245
45,245
57,245
99,245
113,147,245
118,245
30,130,245
182,227,245
210,245
227,245
230,245
207,240,245
71,100,246
5,8,22,100,202,246
232,246
21,119,247
98,247
139,247
188,247
118,187,227,247
172,230,247
232,247
8,28,182,240,247
119,206,227,248
243,249
184,250
116,251
159,251
165,251
43,227,251
79,252
0,253
16,145,253
23,234,253
35,253
60,253
35,95,253
35,108,253
145,226,253
234,253
234,235,253
240,253
244,253
1,232,254
8,254
22,254
98,254
183,254
230,254
23,255
35,255
108,255
136,186,256
181,256
186,256
94,257
130,257
0,13,98,130,183,258
1,258
0,43,117,183,230,258
183,258
156,259
9,204,259
217,260
33,261
100,261
236,262
0,263
3,263
6,263
11,263
17,263
22,263
24,263
30,263
4,33,100,202,240,261,263
34,263
43,263
54,263
55,263
60,263
71,263
75,263
24,93,263
98,263
100,263
75,103,263
57,113,147,263
117,263
25,127,169,204,212,263
130,263
134,263
161,263
182,263
15,76,85,172,183,263
195,263
202,263
2,65,210,230,232,263
227,263
230,263
232,263
127,233,263
240,263
246,263
261,263
156,264
69,210,265
130,265
166,183,266
5,13,267
13,15,267
7,28,267
65,267
28,84,118,137,267
130,267
165,267
167,267
170,267
2,5,59,61,172,183,202,267
159,227,247,251,268
227,268
127,269
204,269
165,270
203,270
0,271
1,11,43,271
12,86,184,271
14,271
19,271
20,271
7,26,271
31,271
38,271
40,271
46,271
48,271
52,271
54,271
58,271
64,271
12,19,29,58,62,66,106,133,271
51,68,271
19,58,72,87,271
77,271
80,172,271
81,271
82,132,168,271
64,83,271
86,271
87,271
88,271
98,271
101,271
106,271
27,117,271
132,271
144,271
165,271
31,47,62,90,184,271
13,202,271
227,271
240,271
176,199,272
102,119,273
0,274
1,274
2,274
3,274
4,274
5,274
6,274
7,274
8,274
9,212,274
11,274
12,29,274
13,274
21,274
22,274
25,274
26,274
27,274
28,274
30,274
34,274
43,274
45,274
46,274
50,163,274
54,274
55,274
57,240,274
59,274
60,274
7,61,274
43,65,274
69,274
70,274
0,28,74,118,274
79,274
92,274
94,219,274
97,274
98,274
99,274
104,274
107,274
110,274
113,274
116,274
117,274
118,274
124,274
125,274
127,233,263,274
130,274
134,274
135,274
137,274
138,274
139,274
141,274
146,183,274
155,274
156,274
159,274
165,274
169,274
170,274
171,274
0,73,130,172,274
165,175,274
125,179,207,209,240,274
180,274
182,274
183,274
187,274
202,274
203,274
204,274
6,9,13,104,125,137,207,234,240,274
209,274
210,274
211,240,274
212,274
214,274
215,274
116,159,227,274
230,274
232,274
233,274
240,274
245,274
254,274
258,274
259,274
263,274
264,274
265,274
267,274
268,274
269,274
40,271,274
0,275
57,113,245,275
162,275
179,276
145,220,277
145,226,253,277
0,43,278
1,278
1,6,65,278
7,278
10,165,278
13,278
15,60,87,130,135,165,172,274,278
22,278
2,24,135,202,245,278
28,210,230,278
33,278
34,278
38,278
43,278
55,278
10,59,171,210,278
60,278
61,278
84,130,182,278
98,278
115,118,203,230,240,278
116,278
118,278
125,278
130,278
141,155,278
165,278
167,202,278
172,278
182,278
116,171,183,230,251,278
210,278
227,278
232,278
240,278
245,278
267,278
30,274,278
76,154,279
85,192,279
154,279
254,280
216,281
145,282
253,283
49,72,86,271,284
106,284
176,284
199,284
272,284
12,285
62,285
27,38,92,97,137,172,187,285
104,274,285
127,285
139,285
187,285
15,65,210,285
233,285
263,285
267,285
0,11,24,33,71,100,171,202,232,261,263,274,285
23,95,235,253,286
35,286
108,286
253,286
255,286
144,155,287
134,288
257,289
207,290
110,291
1,292
6,8,292
164,292
166,292
202,292
166,208,292
31,293
68,293
90,293
184,293
155,274,294
247,295
1,140,296
3,297
0,298
1,298
11,298
2,15,298
17,55,298
24,298
33,298
42,298
43,298
65,298
71,298
100,298
113,298
146,298
13,160,298
166,183,292,298
182,298
183,298
33,38,55,61,117,202,278,298
165,183,210,227,298
118,227,298
232,298
236,298
34,55,240,298
165,236,262,298
263,298
264,298
274,298
278,298
6,292,298
161,299
114,300
145,301
201,301
220,301
226,301
228,301
277,301
2,302
30,302
34,302
59,302
263,302
264,298,302
204,274,302
278,302
1,303
5,304
264,274,298,305
62,306
213,306
19,307
29,307
39,87,307
67,307
87,307
67,122,307
67,242,307
264,308
0,183,309
2,309
9,309
21,309
22,134,309
30,302,309
34,309
42,309
43,309
55,309
57,309
59,309
60,182,309
65,309
102,309
119,309
130,309
131,309
134,183,309
11,61,165,309
2,17,73,165,183,236,251,262,278,309
202,309
204,309
12,191,227,309
258,309
273,309
278,309
5,207,209,274,310
207,311
9,274,311
48,312
106,312
62,313
213,313
62,87,105,314
62,126,314
73,315
76,183,315
37,316
202,316
2,18,317
7,317
2,14,18,317
17,30,165,231,317
30,65,317
1,34,60,278,317
40,54,77,83,271,317
55,317
60,317
71,317
98,130,230,278,317
99,317
116,317
0,4,9,57,74,114,118,130,171,227,309,317
54,124,317
15,33,34,60,71,129,165,263,317
130,317
141,317
155,317
165,317
182,317
183,317
187,317
203,317
210,317
230,317
100,183,232,298,317
17,165,236,262,317
245,317
263,317
274,317
84,318
56,319
37,123,320
123,320
128,320
19,321
49,321
58,321
17,322
22,322
92,97,137,172,322
0,44,210,323
1,323
2,65,118,323
4,323
5,323
6,43,323
7,323
8,323
9,323
10,134,155,165,172,323
11,323
12,323
13,323
14,323
15,323
19,323
21,323
22,323
26,323
28,323
30,323
34,323
5,37,130,323
38,323
42,309,323
43,323
44,323
45,323
0,46,234,323
48,323
12,48,49,312,323
52,323
54,323
55,323
57,323
58,323
59,92,323
60,232,278,323
61,183,323
64,323
65,323
19,66,81,88,271,323
69,323
71,323
72,323
73,323
78,177,323
79,323
82,323
86,323
32,58,87,271,323
94,323
98,323
99,323
106,323
113,323
116,139,274,285,323
117,323
118,323
119,323
130,323
131,309,323
132,323
134,172,323
135,143,323
138,323
139,323
1,143,227,278,323
146,323
147,323
150,323
81,153,323
155,323
159,251,323
165,323
167,323
170,323
171,323
54,172,323
182,323
183,323
20,48,184,323
195,323
18,65,187,202,323
203,323
210,323
215,323
222,323
224,323
138,212,227,274,323
230,323
130,232,323
240,323
45,245,323
159,251,323
257,323
103,263,323
267,323
270,323
271,323
274,323
33,167,278,323
289,323
309,323
315,323
317,323
321,323
296,324
89,325
203,326
270,326
1,42,131,327
12,327
1,328
11,328
65,328
0,329
1,329
3,65,329
5,329
6,329
7,118,329
9,329
10,329
11,230,329
13,329
16,23,253,329
17,22,329
22,329
23,329
24,329
33,329
37,329
43,118,172,203,240,329
50,329
55,329
59,329
60,165,309,329
2,65,329
79,329
27,59,60,92,165,187,202,210,232,274,329
0,23,35,95,145,253,255,277,329
97,329
37,111,329
114,329
119,329
130,329
141,329
16,145,329
155,329
165,329
10,172,329
182,329
0,73,183,329
155,187,204,274,329
9,114,193,329
202,329
204,274,329
210,329
216,329
220,329
227,329
22,33,71,230,232,263,298,317,329
234,253,329
235,329
236,262,274,298,329
240,329
263,329
274,329
35,286,329
292,329
323,329
166,208,292,330
70,331
212,331
217,332
228,333
301,333
124,334
0,335
1,335
3,335
6,335
8,335
11,335
13,335
17,130,335
21,183,193,335
22,232,335
26,335
30,55,323,335
34,335
42,335
43,118,323,335
46,335
54,335
55,335
59,335
65,335
69,335
99,230,240,335
100,335
116,335
117,335
1,119,215,323,335
130,335
131,335
159,335
160,335
164,335
165,335
166,266,335
172,335
183,232,335
193,335
117,202,298,335
164,166,202,208,292,335
135,227,335
230,335
9,98,129,232,335
240,335
251,335
268,335
274,335
24,115,210,278,335
3,297,335
309,335
317,335
323,335
329,335
3,6,297,336
8,336
42,336
30,34,55,240,336
59,336
61,336
71,336
102,336
130,336
145,201,282,336
164,336
183,336
160,193,335,336
210,336
212,336
225,336
226,336
298,336
323,336
329,336
230,335,336
135,337
0,75,338
30,50,73,75,98,103,127,183,263,338
64,73,183,315,323,339
6,340
7,227,340
8,340
18,78,340
28,340
50,340
54,340
57,340
59,340
60,309,340
0,1,28,43,74,130,202,227,340
92,340
104,187,340
111,340
118,340
22,43,125,207,214,278,340
137,340
150,340
26,155,340
163,340
13,165,340
170,340
172,340
179,209,340
182,340
10,13,187,340
198,340
202,340
127,204,269,340
214,340
230,340
240,340
271,340
274,340
278,340
285,340
329,340
17,30,335,340
0,4,341
1,341
2,341
3,341
4,341
5,341
6,341
7,341
8,341
1,11,135,328,341
13,53,341
14,341
15,341
17,341
18,172,341
22,341
26,165,341
27,341
30,341
33,329,341
34,130,341
5,22,37,155,165,240,341
38,341
40,341
41,137,240,341
42,341
43,341
45,341
46,341
2,14,50,55,118,125,165,180,187,263,274,329,340,341
54,341
55,341
57,341
59,340,341
60,341
65,341
76,341
78,341
85,341
29,88,184,341
92,187,341
100,341
102,341
104,341
115,341
117,341
1,5,24,45,69,84,97,118,130,180,182,278,298,329,341
125,341
130,341
131,341
138,323,341
139,341
141,341
146,240,341
46,149,341
4,150,224,323,341
154,341
54,139,155,341
164,341
165,341
167,341
46,57,139,170,202,341
172,341
173,341
78,177,341
26,54,139,172,182,341
130,183,278,309,341
182,187,341
192,341
195,341
202,341
207,341
210,341
215,341
227,341
230,247,341
43,240,341
245,341
24,71,100,232,246,263,285,317,341
261,341
263,341
264,308,341
271,341
273,341
274,341
275,341
24,278,341
85,279,341
104,125,137,227,285,335,340,341
298,341
302,341
308,341
309,341
316,341
116,139,202,298,317,341
0,323,341
329,341
131,309,335,341
59,71,183,212,336,341
18,137,172,285,340,341
143,342
202,232,342
227,342
323,342
3,343
5,343
12,343
29,343
31,51,343
12,32,49,72,88,343
58,343
64,343
71,193,336,343
77,343
82,343
83,343
86,343
99,343
101,343
58,106,343
133,343
139,343
155,183,230,343
165,343
176,343
183,343
184,343
187,343
106,199,343
227,343
230,343
32,49,58,184,243,323,343
254,343
271,343
272,343
11,59,274,343
284,343
329,343
278,344
0,345
1,2,117,329,335,345
2,345
3,345
4,345
5,111,139,203,323,329,345
6,345
8,345
9,345
10,345
12,345
14,345
17,345
19,62,81,345
20,62,306,345
22,345
25,345
26,46,165,345
29,345
30,345
31,56,68,90,184,293,345
36,345
38,345
39,136,186,345
40,345
42,345
43,345
44,323,345
45,345
46,345
48,345
49,345
54,345
7,55,345
57,345
59,323,345
60,202,274,345
61,345
63,345
64,345
65,345
67,122,242,307,345
69,345
77,345
82,345
40,83,184,345
40,49,86,132,152,345
87,345
88,165,184,271,345
92,345
97,345
0,98,345
99,345
102,345
104,345
106,345
9,114,232,345
30,116,172,251,274,345
117,227,345
4,8,73,119,130,183,202,309,335,345
121,345
122,345
124,345
130,345
133,184,345
5,60,139,165,345
141,345
149,341,345
155,345
165,345
171,345
172,345
176,343,345
180,345
182,345
46,60,183,240,345
184,345
187,345
193,345
202,345
8,71,172,210,317,341,345
215,345
218,345
227,230,345
230,345
237,345
240,345
245,345
254,345
263,345
264,345
265,345
271,345
273,345
130,139,274,323,345
278,345
280,345
114,300,345
39,307,345
55,309,341,345
71,129,317,345
322,345
323,345
329,345
97,124,172,334,345
100,261,335,345
336,345
339,345
340,345
50,173,341,345
343,345
20,346
52,346
158,346
14,32,62,87,271,346
324,347
20,158,348
0,29,133,172,184,343,345,348
48,348
49,348
184,348
7,329,348
343,348
12,20,29,52,62,66,158,271,343,346,348
1,349
8,336,349
10,349
15,349
22,349
30,349
32,349
34,349
43,349
52,349
13,43,55,349
59,349
121,349
130,172,183,341,349
145,349
187,349
227,349
230,349
22,34,130,165,203,240,267,317,323,349
254,349
271,349
274,349
302,349
322,349
323,349
343,349
345,349
0,350
1,350
2,80,95,124,125,172,329,350
3,350
4,350
5,350
6,350
7,11,46,172,341,350
8,350
9,350
11,350
12,350
13,350
14,18,210,340,350
15,350
16,244,350
17,350
18,59,118,350
19,350
20,350
22,165,263,323,350
24,350
25,350
26,350
27,59,210,274,350
28,55,350
29,350
30,350
31,350
32,350
33,350
34,350
36,350
38,350
41,350
42,350
43,57,350
44,130,210,350
45,350
46,98,99,170,251,335,350
31,47,62,350
48,350
49,350
50,350
52,350
53,350
54,182,350
55,350
57,350
58,87,350
59,350
60,350
61,350
62,350
63,350
65,350
67,350
8,69,336,350
71,113,298,350
72,350
73,350
74,350
77,350
81,350
77,82,350
83,350
84,350
86,350
77,87,350
52,87,88,271,345,350
92,350
93,350
96,350
98,350
99,350
100,350
104,350
106,350
110,291,350
113,274,350
117,350
118,350
120,238,350
125,350
127,350
129,227,350
130,230,350
36,82,132,323,350
133,350
4,134,350
135,350
137,350
138,350
139,182,183,350
144,350
145,350
147,350
148,350
149,350
150,350
153,350
155,170,187,350
159,350
160,350
161,350
162,350
150,163,340,350
92,165,350
167,278,350
170,350
171,350
172,350
176,350
182,350
183,350
184,350
53,185,350
187,350
98,188,230,247,350
1,6,8,11,13,17,53,59,135,160,164,189,240,329,341,350
193,350
195,350
198,202,350
199,350
201,350
202,350
203,350
204,340,350
208,350
210,350
212,350
213,350
214,350
220,350
52,221,350
31,62,88,105,126,223,314,350
224,350
145,226,240,301,329,350
70,183,206,227,350
145,201,228,240,301,350
230,350
98,232,350
233,263,350
234,350
240,350
242,350
243,249,350
244,350
245,350
246,350
247,350
249,350
0,253,350
254,350
1,43,258,271,335,350
261,341,350
263,350
264,350
265,350
267,350
268,350
19,52,97,104,170,182,187,271,340,350
272,284,350
141,274,350
275,350
277,350
33,278,350
284,350
285,350
291,350
298,350
299,350
300,350
145,301,333,350
302,350
303,350
306,350
307,350
1,258,309,350
213,313,350
315,350
317,350
26,323,350
329,350
333,350
335,350
336,350
337,350
75,127,263,338,341,350
340,350
341,350
343,350
345,350
346,350
52,346,348,350
22,30,77,271,345,349,350
8,351
26,144,149,350,351
193,351
267,351
74,285,340,350,351
345,351
350,351
31,36,352
77,352
120,352
238,352
254,349,352
280,352
345,352
350,352
198,353
12,354
59,355
166,356
208,356
292,356
329,356
330,356
42,131,183,335,356
350,356
154,279,357
88,350,358
223,358
127,233,285,350,358
68,239,359
245,278,360
344,360
100,209,240,361
0,362
1,362
2,362
3,362
4,165,362
5,362
6,202,362
7,362
8,362
9,362
11,362
13,362
15,362
17,362
18,362
19,362
22,362
28,362
29,362
30,362
34,362
41,104,125,137,172,224,274,340,350,362
43,362
49,362
50,362
55,362
59,362
60,187,362
61,362
65,362
72,362
34,79,92,252,271,274,349,362
94,362
98,362
118,362
130,362
88,132,358,362
134,362
146,165,298,350,362
155,362
156,362
160,362
164,362
165,362
170,362
11,171,183,362
172,362
165,175,362
182,362
183,362
188,362
202,362
204,309,350,362
210,362
220,362
230,362
234,362
240,362
244,362
98,254,280,349,362
262,362
263,274,350,362
274,362
278,362
298,362
2,27,59,187,210,274,302,362
0,258,309,350,362
317,362
323,362
328,362
329,362
335,362
192,207,341,362
343,362
345,362
15,349,362
184,350,362
52,62,132,363
68,364
224,365
100,366
298,366
361,366
0,75,367
183,367
179,240,368
214,274,368
11,146,165,193,240,329,368
340,368
350,368
104,211,369
137,369
1,370
7,370
0,9,370
55,370
73,370
98,370
118,370
130,370
165,370
171,370
165,183,370
274,370
278,370
317,350,370
45,371
63,371
216,281,372
153,373
92,97,350,374
340,374
254,375
5,376
32,343,349,362,377
49,82,157,377
49,157,377
110,378
5,379
267,379
34,380
62,380
71,380
79,323,380
98,380
125,380
165,380
198,380
213,380
214,380
227,380
230,380
236,380
263,323,380
298,380
313,380
317,380
329,380
99,317,335,356,380
101,106,199,272,284,343,380
84,350,380
16,381
4,5,74,79,118,199,304,350,362,382
1,383
9,119,383
119,383
165,171,350,383
102,119,241,309,336,345,383
345,383
0,384
1,384
2,384
3,384
6,384
7,384
10,384
2,14,384
18,384
22,384
28,384
43,384
57,384
59,172,384
69,172,384
78,177,341,384
82,384
99,384
84,115,384
118,187,384
125,384
135,350,384
137,384
143,384
146,384
164,202,384
165,384
167,278,384
172,384
177,384
183,384
187,384
202,384
207,384
210,298,341,384
24,71,227,384
240,384
245,384
0,16,23,253,381,384
254,384
267,384
271,384
274,384
278,384
207,311,384
140,183,315,384
323,384
335,384
202,340,384
341,384
343,384
30,171,183,232,335,349,384
369,384
0,385
1,385
2,385
3,385
4,130,385
5,385
6,385
7,385
8,385
9,172,193,227,362,385
10,385
11,385
13,385
14,385
15,385
17,385
18,385
22,385
24,50,130,232,385
26,274,385
27,385
13,30,183,274,335,385
24,33,100,385
36,385
38,222,385
40,385
42,385
46,194,267,274,385
50,362,385
54,99,116,165,172,203,385
55,385
0,57,172,384,385
59,385
55,60,92,385
61,385
11,43,65,172,385
71,317,385
78,385
80,385
82,385
83,385
89,165,240,278,325,385
92,385
98,385
99,385
100,385
102,183,336,385
104,125,172,385
111,202,385
116,385
117,240,385
118,385
119,309,385
7,130,172,385
135,385
137,385
139,385
145,385
146,385
149,385
150,385
151,385
155,385
161,385
163,385
164,385
165,385
166,202,385
167,385
170,385
171,385
5,172,323,362,385
173,385
177,341,385
182,385
183,385
184,385
187,385
190,385
46,194,385
195,385
198,230,329,380,385
202,385
203,385
210,385
165,215,270,323,385
6,227,385
230,385
232,385
240,385
241,385
245,385
247,385
251,385
254,385
261,385
263,385
271,385
273,385
274,385
278,385
285,385
292,385
42,262,298,385
299,385
302,385
309,385
317,385
323,385
325,385
328,385
92,329,385
155,317,335,385
336,385
340,385
125,202,341,385
343,385
345,385
349,385
350,385
355,385
356,385
362,385
369,385
380,385
384,385
244,386
5,43,341,362,386
0,1,387
1,387
2,8,387
3,387
4,387
6,387
7,387
8,204,274,387
10,387
11,387
12,387
14,387
17,387
19,387
19,20,58,184,387
22,387
26,387
28,387
30,387
31,387
37,165,387
38,387
43,387
46,387
47,387
19,48,49,62,72,88,106,132,271,323,350,362,387
54,387
43,55,165,227,309,323,387
57,387
59,387
57,60,387
61,387
65,387
75,387
76,387
79,387
82,387
76,85,279,387
87,387
92,350,387
94,387
48,102,345,387
11,75,103,183,263,387
1,2,107,271,274,343,387
111,387
115,387
118,387
124,387
125,387
130,245,387
134,387
135,387
137,387
139,387
143,384,387
146,387
148,387
154,357,387
155,387
164,387
165,329,387
171,387
172,387
182,387
183,387
184,387
194,387
202,230,387
203,323,326,387
208,387
210,387
225,387
227,387
228,387
229,387
230,387
231,387
232,387
236,263,298,323,387
240,387
245,387
252,387
263,387
270,387
271,387
273,387
274,387
278,387
76,85,154,183,279,341,387
288,387
292,387
293,387
297,387
17,298,387
274,302,387
309,387
98,323,387
203,326,387
328,387
329,387
334,387
54,166,335,350,387
336,387
338,350,387
335,340,387
341,387
343,387
345,387
349,387
350,387
356,387
357,387
278,362,387
374,387
384,387
385,387
70,388
198,389
5,390
7,390
12,390
19,390
21,390
28,210,245,340,384,390
30,390
18,22,34,37,43,230,243,322,343,349,387,390
36,390
42,390
54,390
55,390
59,390
61,390
62,390
66,390
70,390
74,274,350,390
82,390
118,390
127,390
130,390
135,202,390
11,43,134,146,390
156,390
160,390
165,350,390
179,276,390
182,390
183,390
187,390
7,202,390
204,390
212,390
131,240,268,335,390
258,390
259,390
264,390
5,167,267,278,390
274,390
285,390
298,390
323,390
329,390
337,390
340,390
27,44,45,341,390
53,350,390
362,390
384,390
385,390
115,387,390
19,31,88,293,391
80,392
385,392
209,393
0,46,394
5,111,394
16,394
23,394
33,394
35,394
22,43,230,232,394
59,394
60,394
95,394
108,394
130,394
145,394
165,394
65,171,394
183,394
203,210,385,394
234,394
95,235,240,244,394
240,394
244,394
253,394
255,286,394
282,394
286,394
301,394
329,394
336,394
341,394
350,394
362,394
16,381,394
386,394
30,34,349,395
43,395
84,395
240,395
278,395
214,240,396
368,396
1,397
20,397
1,9,21,119,345,397
33,71,263,385,397
47,397
48,397
54,397
58,397
64,339,343,345,397
67,397
71,336,397
86,397
40,87,397
31,88,397
106,397
60,92,139,285,397
140,397
158,397
172,397
183,397
48,184,243,249,350,397
202,397
210,397
224,397
227,397
242,397
254,397
271,397
199,272,284,350,397
298,397
242,307,350,397
337,397
64,339,397
343,397
334,345,397
346,397
48,49,348,397
127,350,397
362,397
387,397
1,398
71,398
73,398
100,398
130,398
34,111,161,165,230,299,302,350,362,385,398
210,263,398
227,398
103,183,210,232,398
246,398
159,350,399
227,399
69,227,268,399
335,399
86,199,350,400
140,183,296,324,401
324,401
347,401
23,402
35,402
95,253,402
6,234,240,402
235,244,386,402
244,402
95,253,286,402
156,403
204,403
11,43,143,165,262,263,264,298,323,329,341,350,403
308,403
390,403
296,324,404
324,404
324,347,401,404
401,404
257,405
293,406
76,85,407
62,408
126,408
39,345,409
215,410
274,410
345,410
154,411
0,412
1,412
3,412
6,412
8,412
12,412
15,298,385,412
16,412
19,412
20,412
21,412
24,412
26,240,412
29,307,345,412
30,412
31,412
33,412
36,412
39,412
40,64,412
38,46,54,155,387,412
47,412
48,412
49,412
52,412
55,412
62,412
64,86,106,412
9,65,183,193,412
68,412
72,412
77,412
81,412
82,412
83,343,412
86,412
87,412
12,20,48,88,412
97,412
7,55,98,137,183,227,362,412
100,412
101,412
106,412
120,350,412
129,412
131,412
132,412
139,412
148,345,387,412
149,412
153,412
156,412
158,412
159,412
3,164,240,412
166,412
172,412
176,343,412
182,412
183,274,412
184,412
199,412
200,412
202,323,412
208,412
227,412
230,345,383,412
238,412
240,412
242,412
254,412
268,412
271,412
77,272,284,343,412
274,412
278,412
280,412
284,397,412
292,412
298,412
312,412
317,412
323,412
0,329,412
335,412
336,412
227,341,412
106,199,343,412
345,412
346,412
348,412
1,349,412
350,412
352,412
350,356,412
362,412
364,412
373,412
384,412
385,412
309,387,412
390,412
391,412
397,412
399,412
155,413
317,413
64,414
86,414
175,415
363,416
104,417
79,125,417
153,417
177,417
350,417
369,417
153,373,412,417
384,417
110,378,418
364,412,419
105,126,420
143,421
26,422
31,200,423
417,424
0,425
1,425
2,425
4,425
7,137,182,425
10,425
11,425
14,425
17,425
19,425
25,204,425
27,425
30,425
34,425
43,88,138,341,350,425
57,425
27,59,172,425
60,425
66,425
87,172,425
92,425
130,425
104,137,425
165,425
170,425
87,172,425
182,425
203,425
209,425
92,182,202,210,425
236,298,425
238,412,425
240,425
263,425
264,425
165,203,270,326,387,425
274,425
278,425
302,425
307,425
317,425
323,425
326,425
329,425
341,425
345,425
349,384,425
9,204,232,345,350,425
352,425
362,425
385,425
387,425
394,425
133,208,343,362,385,397,412,425
153,350,412,425
51,426
56,239,319,426
68,426
31,51,56,68,239,319,426
271,426
16,35,60,95,108,244,253,381,386,394,427
36,428
96,184,350,428
184,428
359,429
42,430
345,430
6,431
7,11,65,431
14,431
18,431
26,431
6,28,274,431
45,195,341,431
54,431
60,431
111,165,387,431
118,431
124,129,317,350,431
125,431
130,431
135,431
149,385,431
85,154,183,279,341,431
155,431
165,431
172,431
182,431
207,431
207,209,431
172,210,394,431
230,431
10,155,240,384,431
264,431
271,431
274,431
298,431
99,302,349,350,425,431
317,431
323,431
329,431
335,431
230,340,431
345,431
350,356,431
154,357,387,431
362,431
368,431
343,380,431
385,431
387,431
146,390,431
411,431
92,425,431
229,432
111,433
0,182,274,434
1,434
4,434
57,73,94,202,434
165,434
224,434
203,270,326,434
65,114,183,315,434
323,434
73,171,370,434
398,434
253,427,435
35,436
7,437
26,437
57,437
60,437
115,437
144,437
183,309,437
203,437
230,274,437
299,437
323,437
165,341,437
149,345,431,437
9,78,204,210,385,437
62,438
417,439
424,439
119,440
131,440
183,440
2,441
18,441
38,441
43,441
45,441
46,194,323,345,441
49,441
52,441
54,441
55,441
57,441
58,88,271,387,441
60,441
19,62,441
65,441
69,441
80,441
0,1,46,89,145,165,172,234,325,341,441
99,274,298,441
101,441
106,441
116,139,441
41,118,441
127,441
135,431,441
170,441
172,441
182,441
183,441
187,343,441
194,441
204,441
210,441
213,441
227,441
134,187,233,263,285,441
236,441
240,441
259,441
261,263,441
165,267,441
269,441
14,271,441
127,156,271,274,285,441
285,441
309,441
49,62,213,306,313,441
323,441
325,385,441
329,336,441
337,441
340,441
12,343,441
102,202,273,309,345,387,412,441
350,441
380,441
384,441
385,441
387,441
390,403,441
392,441
425,441
17,442
322,442
22,98,254,352,443
280,443
349,443
384,443
33,394,444
261,444
49,87,445
132,445
152,445
178,445
184,445
293,445
362,445
387,445
128,446
59,447
97,329,448
76,449
12,450
19,450
22,450
29,450
49,450
191,227,380,450
285,450
329,450
348,412,450
350,450
387,450
412,450
387,425,450
0,6,9,11,75,130,171,210,232,263,451
14,387,451
20,451
22,451
52,451
71,100,451
77,451
81,451
83,451
88,451
120,451
24,129,451
153,451
164,362,451
210,298,451
238,425,451
240,336,394,451
80,271,278,384,451
274,451
345,451
352,451
238,412,451
7,37,60,317,323,425,431,451
343,452
28,453
84,118,350,395,453
84,115,299,437,453
12,116,345,385,441,453
118,453
182,453
203,453
278,453
437,453
124,172,454
188,455
80,194,456
247,457
54,458
240,458
345,458
85,459
154,459
17,183,230,459
85,192,341,459
279,459
6,7,12,130,156,204,259,387,390,459
407,459
14,26,57,177,341,460
22,461
22,322,461
8,64,83,271,412,414,462
144,463
217,260,463
217,260,463
1,464
6,8,464
98,464
188,464
230,464
21,98,139,230,247,464
350,464
362,464
188,362,455,464
60,65,130,274,278,387,412,465
3,466
345,441,466
184,467
112,468
92,469
97,469
180,345,469
274,469
448,469
14,470
85,470
154,357,431,470
183,470
192,470
279,470
341,470
357,470
387,470
411,470
431,470
37,118,387,459,470
7,471
30,471
22,55,79,182,234,240,329,356,471
60,340,471
99,335,471
113,471
116,155,202,340,387,471
118,471
143,471
155,471
182,471
183,471
203,471
274,471
317,471
335,471
340,471
278,345,385,471
385,471
387,471
421,471
453,471
253,394,472
286,472
253,427,472
0,473
1,5,473
2,473
4,473
5,165,267,379,385,473
6,473
7,473
8,473
9,473
10,473
11,473
12,473
13,24,160,202,323,473
14,473
18,473
19,473
21,119,473
22,473
24,473
25,183,473
26,473
27,473
28,165,473
29,473
28,30,172,309,323,335,387,473
34,473
37,473
38,473
39,473
41,473
42,385,473
43,473
44,473
45,473
46,111,151,165,385,473
49,473
54,473
38,57,473
59,473
60,473
62,473
64,87,473
28,65,84,170,350,412,473
67,87,473
69,473
71,473
77,473
78,473
80,473
82,473
83,473
84,473
87,473
92,473
98,183,230,274,412,473
99,240,473
102,473
104,473
115,473
116,473
117,473
0,42,79,102,118,125,150,171,183,323,329,341,350,387,390,473
119,473
122,473
125,473
128,473
130,390,473
131,202,473
135,473
39,136,473
137,473
139,473
143,473
144,473
147,473
149,473
150,473
154,431,473
155,473
159,473
6,24,161,210,232,350,473
165,473
167,202,473
170,473
172,210,473
174,473
39,86,136,181,186,256,307,473
182,473
183,473
39,136,181,186,256,473
187,473
188,473
196,473
42,202,385,473
203,473
204,473
210,473
215,473
227,473
230,340,473
232,473
233,473
240,473
242,473
45,245,473
247,473
256,473
230,263,341,473
264,473
265,473
267,473
268,473
132,271,343,441,473
14,273,345,473
274,473
84,278,473
139,285,473
292,473
298,385,473
302,387,473
307,473
308,473
309,473
316,473
317,473
320,473
224,271,323,473
328,473
329,473
335,473
336,473
159,268,338,350,473
340,473
60,341,473
343,473
345,473
346,473
59,349,473
350,473
351,473
357,473
362,473
374,473
5,22,376,473
379,473
380,473
384,473
385,473
387,473
329,390,473
395,473
397,473
403,473
409,473
55,412,473
422,473
425,473
6,125,264,302,340,431,473
434,473
437,473
440,473
380,441,473
446,473
447,473
451,473
453,473
85,341,357,431,459,470,473
98,210,215,230,232,247,464,473
143,474
13,172,474
421,474
471,474
180,475
182,475
345,475
356,476
93,477
28,478
21,479
119,479
440,479
62,480
105,480
216,481
216,372,481
212,331,482
331,482
89,441,483
165,483
270,483
54,61,89,165,325,350,483
385,483
441,483
227,251,484
276,485
159,486
277,487
414,488
414,462,488
344,489
80,490
217,463,491
217,260,491
332,491
19,492
20,492
40,49,86,350,492
72,492
36,82,492
87,492
94,492
60,134,155,183,492
270,492
323,492
346,350,492
348,492
19,493
66,323,493
452,494
2,182,495
73,495
98,495
100,495
130,495
227,495
18,385,495
398,495
473,495
258,496
0,497
1,497
2,497
3,497
5,497
8,497
9,497
10,497
12,497
13,497
14,497
15,497
17,497
18,118,497
19,497
20,497
21,497
24,497
26,497
27,497
28,79,497
29,497
31,497
34,390,395,473,497
36,497
37,497
42,345,430,497
46,497
31,47,68,88,293,497
48,412,497
49,497
52,497
54,165,341,497
7,55,497
59,497
60,497
62,412,497
67,497
71,497
72,497
73,497
77,83,451,497
81,497
87,497
88,497
92,202,274,497
97,497
99,497
100,497
102,497
106,176,272,497
111,497
117,497
118,264,390,497
119,497
128,165,497
129,497
130,274,411,431,497
131,497
139,183,497
140,497
144,497
145,497
151,497
155,497
164,497
165,497
171,497
172,183,497
174,497
180,497
118,182,497
183,204,497
184,497
187,497
194,385,497
198,497
202,497
203,497
210,397,497
212,497
213,497
52,153,221,497
65,227,268,497
7,61,183,240,245,254,395,497
241,497
246,497
263,497
271,497
273,497
274,497
285,497
140,183,296,497
299,497
306,497
273,309,497
312,497
316,497
317,497
320,497
321,497
323,497
1,12,83,327,412,497
329,497
335,497
336,497
340,497
341,497
343,497
20,48,117,158,183,345,497
346,497
84,348,350,497
10,240,349,497
26,46,120,155,203,270,341,350,385,437,497
362,497
383,497
384,497
254,385,443,497
387,497
390,497
394,497
106,397,497
398,497
6,412,497
425,497
431,497
433,497
94,183,210,437,497
438,497
441,497
37,128,316,446,473,497
448,497
450,497
452,497
180,469,497
14,387,470,497
473,497
182,345,475,497
105,480,497
492,497
452,494,497
495,497
236,498
262,498
42,210,298,323,336,350,498
362,498
380,498
441,498
158,499
65,216,500
36,501
62,501
480,501
179,502
214,502
263,502
380,502
385,502
203,437,503
213,504
390,505
474,506
