0,1
1,2
0,3
0,3,4
1,5
2,5
0,1,3,6
1,6
3,6
4,6
2,7
0,8
1,8
2,8
1,5,8
6,8
7,8
0,9
1,5,9
2,9
0,1,3,9
4,9
5,9
6,9
7,8,9
8,9
0,8,10
1,10
2,10
1,5,10
7,10
8,10
0,11
0,1,11
2,11
4,11
5,11
6,11
7,11
8,11
9,11
10,11
0,3,12
0,9,13
12,13
13,14
2,8,11,15
5,15
10,15
0,16
1,2,15,16
2,16
3,16
4,16
5,16
6,16
7,16
2,8,16
9,16
10,16
11,16
2,15,16
10,17
0,18
1,18
2,18
3,18
4,18
5,18
6,18
7,18
8,10,18
9,18
10,18
11,18
15,18
16,18
15,19
8,20
11,20
8,16,21
0,22
1,22
2,22
3,22
4,22
5,22
6,22
7,22
8,22
9,22
10,22
6,11,22
15,22
16,21,22
10,17,22
18,22
19,22
9,11,20,22
7,9,23
11,23
18,23
22,23
10,11,24
5,15,25
5,26
7,26
6,8,10,18,26
10,11,15,26
11,18,26
19,26
0,22,26
24,26
1,27
5,27
1,6,18,27
10,27
18,27
9,28
3,29
4,9,18,30
5,30
6,30
7,30
8,30
10,15,22,30
11,30
18,30
20,30
23,30
10,24,30
10,26,30
6,31
18,23,30,31
20,32
0,33
1,33
2,33
3,4,6,16,33
4,33
5,10,33
6,33
7,9,33
8,33
9,33
10,33
11,33
13,33
15,16,33
17,33
7,18,33
19,33
22,33
19,24,26,33
1,5,6,16,27,33
30,33
1,2,34
1,34,35
18,36
33,36
22,37
1,7,8,9,38
11,38
6,18,31,39
12,13,40
14,40
29,41
32,42
15,43
18,43
0,4,44
3,44
9,44
10,44
2,4,5,9,11,30,44
24,44
7,26,44
27,44
29,44
30,44
33,44
4,22,33,45
6,45
33,45
0,46
9,46
10,46
11,38,46
12,13,46
13,46
16,46
17,46
18,46
15,22,26,46
33,46
22,33,36,46
44,46
16,47
29,44,48
10,49
6,50
0,12,13,51
30,52
44,52
2,7,10,53
15,53
8,54
15,55
19,33,55
3,56
11,56
44,56
0,13,14,40,57
2,8,58
4,9,10,16,58
45,59
40,60
2,61
2,5,15,61
1,7,8,61
54,61
50,62
2,63
5,63
10,63
11,63
15,63
18,63
27,63
44,63
13,46,63
53,63
56,63
0,64
1,64
4,64
7,64
9,64
10,64
12,13,40,60,64
14,64
16,64
30,64
33,64
1,34,64
35,64
40,64
60,64
52,65
52,66
65,66
12,67
50,62,68
3,69
29,41,69
29,41,69
56,69
10,70
12,70
13,70
22,70
4,33,70
14,40,70
27,44,70
46,70
51,70
10,53,63,70
56,70
63,70
50,71
62,71
62,68,71
71,72
0,73
10,73
9,28,74
12,75
12,76
1,77
8,77
18,77
36,77
8,78
10,78
24,78
26,78
30,78
40,78
44,78
46,78
60,78
63,78
64,78
12,13,70,79
76,80
76,81
63,82
0,83
10,83
49,83
64,83
73,83
0,84
0,10,73,83,84
34,85
35,85
64,85
2,86
5,86
7,86
8,86
10,86
11,86
38,86
54,86
5,61,63,86
70,86
77,87
8,88
20,88
32,88
76,89
81,89
12,75,90
71,91
0,92
2,93
11,93
46,93
24,94
78,94
81,95
85,96
14,97
13,40,97
57,97
67,98
91,99
0,100
6,100
8,10,100
10,100
11,100
20,100
30,100
32,100
32,42,100
32,88,100
97,101
47,102
31,103
19,104
83,105
78,106
18,107
27,107
6,108
15,108
22,108
37,108
12,109
67,109
76,109
98,109
106,110
0,111
1,111
2,111
3,111
4,111
5,111
6,11,111
7,111
8,111
2,9,111
10,111
11,111
12,13,76,109,111
14,111
15,111
16,111
18,111
20,111
0,22,111
23,111
10,24,111
26,111
27,111
30,111
33,111
36,111
13,40,111
9,44,52,65,111
46,111
47,111
52,111
53,111
56,111
58,111
60,111
63,78,111
64,111
3,41,69,111
70,111
73,111
77,111
78,111
84,111
77,87,111
40,97,101,111
2,112
4,112
7,112
8,112
11,112
12,112
13,112
14,112
30,112
33,112
40,112
44,112
46,112
48,112
56,70,112
57,112
1,64,112
69,112
70,112
79,112
111,112
53,111,113
70,113
62,114
1,2,9,10,115
5,10,11,115
6,10,27,33,115
33,115
9,116
10,83,117
17,117
56,118
44,119
48,119
56,119
69,111,119
111,119
112,119
0,120
1,64,121
2,112,121
3,121
4,64,121
5,121
6,121
9,121
10,121
11,121
18,121
11,22,121
27,121
33,121
39,121
44,69,112,121
48,121
22,23,56,111,121
69,121
54,86,121
88,121
97,121
100,121
111,121
112,121
119,121
10,122
15,122
25,122
5,123
8,123
9,123
10,123
11,123
15,123
17,123
18,123
19,104,123
22,123
23,30,123
15,26,123
33,45,123
44,123
46,123
53,113,123
55,123
60,78,123
63,123
70,123
78,123
63,82,123
83,123
111,123
113,123
10,117,123
0,8,124
6,11,124
20,124
22,124
30,124
44,124
56,124
69,124
70,112,124
111,124
112,124
47,125
102,125
112,126
125,127
5,128
12,75,129
46,129
63,129
123,129
81,130
40,64,112,131
64,111,131
76,80,132
4,33,133
45,134
106,135
30,136
23,137
24,137
8,26,113,123,137
30,137
44,137
94,137
15,138
25,138
122,138
4,15,111,139
138,139
23,140
80,141
15,142
122,138,142
139,142
40,143
64,143
70,143
102,144
62,145
47,102,111,146
125,146
127,146
0,147
1,147
2,147
3,147
4,147
5,147
7,147
8,147
9,147
10,147
11,44,147
17,147
7,18,77,147
22,147
33,147
34,147
38,147
41,147
44,147
46,147
10,49,147
52,147
56,118,147
64,147
69,147
70,147
83,147
86,147
100,147
111,147
112,147
115,147
121,147
123,147
116,148
95,149
52,150
65,150
76,151
4,9,30,52,66,137,150,152
10,73,153
151,154
48,155
112,155
48,119,121,155
76,80,81,151,156
151,156
154,156
40,111,157
70,157
111,157
131,157
56,147,158
118,158
49,159
5,20,30,32,160
1,9,116,148,161
139,162
14,57,163
97,163
7,8,10,44,123,129,164
48,164
119,164
6,11,63,165
17,117,166
0,167
1,167
2,167
3,167
4,167
5,167
6,167
7,167
9,167
10,167
11,167
14,167
15,167
16,167
17,167
18,167
20,32,88,167
22,167
23,167
27,63,167
29,167
30,167
33,167
34,167
35,167
36,167
40,167
41,167
44,167
33,45,134,167
46,167
49,167
53,167
11,56,167
59,167
60,167
63,167
64,167
69,167
70,167
1,18,77,167
78,167
83,167
85,167
87,111,167
32,88,167
111,167
112,167
117,167
119,167
121,167
123,167
124,167
143,167
9,147,167
157,167
158,167
159,167
160,167
0,168
1,168
3,168
4,168
5,168
6,168
7,168
8,111,168
7,9,168
10,168
8,11,168
12,168
13,168
14,168
10,15,168
16,33,168
3,6,18,168
19,168
20,168
22,108,168
23,168
24,168
26,168
29,168
30,112,168
32,88,168
33,168
34,64,168
35,168
39,56,121,168
40,168
41,168
44,168
48,121,168
50,168
52,168
57,168
11,64,112,168
69,168
70,168
78,168
85,168
8,86,168
88,168
94,168
97,163,168
100,168
101,168
111,168
46,112,168
119,168
111,121,168
123,168
3,8,10,18,56,124,168
136,168
137,168
143,168
147,168
160,168
163,168
164,168
167,168
81,169
95,169
149,169
20,53,70,160,167,168,170
2,171
27,115,147,171
147,171
81,172
95,172
149,172
169,172
97,173
162,174
103,175
13,176
6,31,177
23,177
24,177
26,177
30,167,177
44,177
46,177
52,177
94,177
30,88,100,168,177
111,177
164,177
168,177
7,178
8,179
166,180
42,181
19,182
33,182
57,183
92,184
57,185
97,185
163,185
168,185
183,185
0,186
5,186
8,186
9,186
10,186
13,186
17,186
22,186
26,186
2,33,186
34,186
44,186
46,186
11,56,112,155,186
60,186
64,186
69,186
63,70,186
78,186
85,186
94,186
96,186
100,186
101,186
111,186
22,123,186
70,147,186
167,186
168,186
177,186
183,187
160,188
170,188
116,189
0,190
1,190
2,190
3,190
4,190
5,190
6,190
7,190
8,147,190
9,190
10,190
11,190
13,190
15,190
16,190
18,190
19,190
21,190
22,190
26,190
27,190
29,69,190
30,190
33,190
36,190
38,190
39,190
41,190
44,190
45,190
46,190
44,48,190
49,190
51,190
53,190
54,190
55,190
56,190
57,190
59,190
61,190
63,190
64,190
69,190
70,190
73,190
77,190
78,190
83,190
86,190
36,77,87,190
93,190
101,190
104,190
107,190
111,190
112,190
113,190
115,190
119,190
0,120,190
121,190
123,190
124,190
45,134,190
147,190
155,190
159,190
12,18,24,33,48,101,164,168,177,190
167,190
168,190
19,182,190
186,190
10,49,64,83,190,191
3,192
10,17,192
29,44,192
41,147,192
44,192
48,121,192
111,192
112,192
119,121,192
121,192
147,192
155,192
167,192
168,192
190,192
80,193
143,194
125,195
127,195
146,195
119,196
50,197
62,197
68,197
71,197
91,197
99,197
114,197
81,198
95,198
81,130,198
169,198
88,199
49,200
83,200
171,201
6,202
50,202
7,38,203
15,55,190,203
1,8,204
11,112,204
16,204
0,205
1,7,10,178,205
5,205
8,30,205
10,205
2,11,205
16,205
18,205
20,205
22,205
32,205
33,205
34,205
35,205
39,168,205
46,205
48,155,192,205
54,205
56,205
63,64,167,205
77,205
34,85,168,205
87,205
88,205
96,205
100,205
111,205
119,205
121,205
122,205
133,205
143,205
147,168,205
160,205
167,205
168,205
170,205
186,205
160,188,205
190,205
192,205
199,205
192,206
43,207
165,208
0,33,209
1,209
6,209
8,88,209
10,209
11,209
13,209
16,209
22,209
32,209
33,209
46,209
55,209
64,209
73,209
0,3,83,147,209
84,209
86,209
88,209
92,209
111,209
112,209
121,209
147,209
167,209
168,209
170,209
186,209
188,209
8,16,190,209
48,192,209
199,209
204,209
143,205,209
170,210
209,210
2,211
58,211
111,211
81,212
89,212
95,212
95,149,169,172,212
169,212
172,212
198,212
1,213
3,213
16,213
34,213
64,213
167,213
190,213
0,2,9,116,214
34,214
35,214
52,214
56,214
147,214
56,158,214
171,214
201,214
197,215
135,216
2,11,33,167,186,217
9,217
9,28,217
34,217
35,217
44,217
46,217
56,217
61,217
147,217
171,214,217
8,218
2,8,112,179,211,218
0,219
1,219
2,219
8,219
9,46,219
15,219
16,219
17,219
18,219
5,22,219
23,219
24,219
26,219
30,219
33,219
40,219
41,219
44,219
48,219
52,219
3,44,56,121,177,219
18,63,219
64,219
65,219
66,219
69,112,219
78,167,219
85,219
88,219
24,94,177,219
96,219
111,219
112,219
119,219
33,121,190,219
15,18,123,219
137,219
147,219
152,219
112,155,219
160,219
164,219
167,219
168,219
170,219
100,177,219
186,219
188,219
190,219
192,219
199,219
205,219
209,219
214,219
2,58,220
46,220
57,220
61,220
63,220
93,220
123,220
190,220
62,221
190,222
220,222
156,223
40,78,94,97,101,168,224
60,224
119,224
168,224
0,225
1,225
5,225
9,225
10,63,73,225
11,112,225
9,16,47,225
20,22,88,111,160,225
22,225
32,225
33,225
42,225
3,44,219,225
70,225
77,225
84,225
87,225
88,225
100,225
111,225
117,123,225
64,111,131,157,205,225
167,225
168,225
111,186,225
205,225
209,225
166,180,226
1,227
105,228
6,229
202,229
20,205,230
225,230
60,231
64,231
229,232
111,157,233
177,233
208,234
77,235
71,236
72,236
71,72,197,236,237
72,237
71,236,237
40,238
148,239
76,156,240
81,240
89,240
95,240
149,240
151,240
169,240
172,240
198,240
212,240
34,241
213,241
15,25,242
64,243
148,244
11,245
6,229,246
20,247
61,248
177,249
12,67,94,98,109,168,250
14,251
57,251
97,168,173,251
163,251
183,251
185,251
187,251
190,251
1,252
198,253
14,97,254
173,254
175,255
198,256
227,257
23,258
140,258
98,109,250,259
250,259
63,260
167,260
22,261
30,33,261
45,261
59,167,261
64,261
70,261
112,261
168,261
190,261
73,190,209,261
222,261
111,262
211,262
64,263
243,263
143,264
194,264
0,265
1,252,265
2,265
4,265
8,265
9,28,265
11,225,265
16,265
10,18,265
30,265
54,265
2,61,265
64,265
73,265
86,265
111,265
120,265
167,265
13,35,167,168,186,265
190,265
46,205,265
209,265
243,265
152,266
174,267
80,193,268
180,269
30,270
52,270
177,270
219,270
265,270
257,271
60,272
110,273
35,274
214,274
53,275
117,275
123,275
190,275
146,276
0,277
1,277
2,277
3,277
4,277
5,277
6,277
7,277
8,277
9,277
10,277
11,277
12,277
13,277
14,277
15,277
3,16,167,277
17,277
18,277
19,277
22,277
23,277
26,277
27,277
28,277
30,277
10,33,277
34,277
35,52,56,214,277
36,277
37,277
38,203,277
39,121,277
44,217,277
46,277
48,277
51,277
54,277
55,277
56,277
61,277
63,277
64,277
70,277
73,277
74,277
76,277
83,277
0,84,277
4,33,86,147,188,205,277
93,277
100,277
104,277
18,27,107,167,190,277
108,277
111,121,277
112,277
115,277
116,148,277
17,117,277
119,277
121,277
123,277
129,277
137,277
140,277
147,277
148,244,277
164,277
17,33,117,123,147,166,167,277
167,277
168,277
171,277
176,277
44,177,219,277
179,277
186,277
8,190,277
168,192,277
199,277
201,277
203,277
205,277
206,277
209,277
1,213,277
214,277
217,277
219,277
61,220,277
222,277
225,277
226,277
241,277
244,277
61,248,277
258,277
261,277
265,277
102,278
10,122,279
204,280
16,281
47,281
0,11,46,282
56,282
63,282
82,282
123,282
167,282
33,190,282
186,225,282
131,283
88,284
199,284
106,285
46,112,286
6,287
15,287
22,287
37,277,287
108,287
261,287
277,287
71,288
72,288
236,288
237,288
2,7,112,289
8,289
16,289
1,167,213,289
149,290
172,290
212,290
0,291
64,291
89,292
212,292
81,240,292
54,293
12,294
76,294
98,294
76,109,294
151,294
156,294
35,295
64,295
214,295
222,296
192,297
94,298
177,298
1,299
6,299
8,190,299
11,56,112,299
223,300
44,301
52,219,301
150,301
0,302
102,144,303
102,144,303
15,304
53,304
122,304
242,304
98,305
250,259,305
183,306
166,307
226,277,307
3,192,308
44,308
94,137,308
111,308
147,308
177,308
136,309
122,310
247,311
83,312
105,312
228,312
16,313
39,314
277,314
76,89,315
52,316
88,316
167,316
199,219,316
209,316
186,219,316
225,316
284,316
231,317
226,307,318
247,319
11,320
16,320
44,320
46,320
111,320
80,268,321
166,322
106,285,323
12,324
67,324
76,324
81,324
89,324
98,324
109,324
151,324
156,324
240,324
98,250,259,324
259,324
294,324
305,324
241,325
260,326
315,327
117,328
38,329
203,329
0,330
1,330
2,330
3,330
5,330
0,6,330
8,330
10,330
11,330
16,330
17,330
18,111,190,219,330
20,167,330
9,22,330
24,330
26,330
33,330
48,330
51,330
52,330
54,330
64,330
73,190,222,330
16,88,225,330
100,330
108,330
111,330
48,121,330
167,330
168,330
190,330
205,330
209,330
213,330
230,330
241,330
277,330
289,330
299,330
192,331
63,332
82,332
277,332
36,333
242,334
45,335
59,335
261,335
0,336
1,336
2,336
3,336
4,336
6,336
8,299,336
9,336
10,336
11,336
13,33,336
16,209,336
17,336
18,336
20,336
22,336
30,336
5,34,147,336
39,336
44,336
45,336
46,336
48,336
52,336
55,336
56,336
59,336
63,336
64,336
70,336
73,336
77,336
79,336
83,277,336
84,336
85,336
1,2,86,336
87,336
92,336
100,336
111,336
112,124,336
113,336
115,336
118,336
119,336
121,336
123,336
8,112,124,336
129,336
147,336
155,336
158,336
60,160,167,170,336
164,336
167,336
168,336
177,336
186,336
190,336
192,336
196,336
204,336
205,336
0,84,209,336
214,336
15,219,336
225,336
230,336
261,336
265,336
277,336
282,336
320,336
330,336
335,336
8,77,337
75,338
143,339
296,340
116,341
189,341
15,277,342
25,342
122,342
122,138,342
139,342
142,342
162,342
174,342
60,343
61,343
64,343
147,343
186,343
190,343
192,343
29,192,209,343
219,343
248,343
277,343
30,344
4,345
40,345
60,345
119,345
121,345
86,168,345
224,345
277,345
27,346
64,265,346
117,346
166,248,277,322,346
277,346
322,346
145,347
145,347,348
9,349
175,350
255,350
80,132,193,268,351
321,351
180,352
269,352
76,151,353
154,353
102,125,354
16,47,355
12,111,112,131,157,355
281,355
6,356
229,356
232,356
246,356
166,357
328,358
10,359
222,360
12,361
24,362
26,362
200,363
22,364
166,364
166,180,364
226,364
269,364
16,64,167,213,277,364
322,364
112,365
126,365
167,366
198,367
346,368
46,369
135,370
216,370
166,371
226,277,371
307,371
307,318,371
322,371
346,371
357,371
125,127,195,372
160,373
219,373
82,123,374
39,375
64,376
295,376
225,230,377
271,378
6,379
36,379
53,379
77,379
111,379
117,379
157,379
275,379
334,380
152,381
281,382
12,168,383
361,383
307,384
81,385
29,386
372,387
208,388
234,388
288,389
302,390
347,391
348,391
183,392
361,393
390,394
81,95,395
149,395
169,395
169,172,395
57,168,396
185,396
190,251,396
247,397
319,397
45,398
134,398
49,190,398
44,399
12,400
12,90,400
376,401
280,402
103,175,403
222,404
296,404
296,340,404
360,404
55,405
261,406
335,406
52,407
214,407
135,216,408
56,409
9,410
121,410
349,410
8,411
209,411
49,147,167,412
83,412
147,412
167,412
200,412
363,412
102,144,413
11,414
1,265,415
2,415
6,415
10,415
16,415
17,415
24,415
26,415
30,415
34,167,415
11,44,63,415
48,415
111,415
164,415
168,177,415
186,415
190,415
209,415
214,415
217,415
277,415
8,330,415
399,415
148,416
239,416
264,417
11,418
18,418
20,418
22,418
32,418
167,366,418
39,168,205,418
230,418
277,418
330,418
253,419
216,420
408,420
367,421
295,422
1,423
3,423
4,423
10,423
16,423
24,423
35,423
44,423
49,423
52,147,423
63,423
94,186,423
100,423
5,47,111,423
27,115,423
147,423
159,423
171,201,423
177,423
186,423
188,205,423
190,423
205,423
301,423
94,308,423
13,40,424
34,60,64,186,213,217,424
37,425
108,425
355,426
1,427
6,427
11,427
19,427
20,23,78,168,427
8,22,86,427
30,427
39,427
46,427
56,427
64,427
70,427
5,111,427
119,427
124,427
155,427
160,188,427
168,427
170,427
188,427
192,427
205,427
6,209,427
210,427
230,427
247,427
311,427
277,314,427
20,247,311,319,397,427
219,373,427
319,397,427
418,427
153,428
30,429
136,429
168,224,429
309,429
148,430
148,239,430
12,431
46,431
68,432
56,433
382,434
244,435
72,237,288,436
288,437
243,438
243,439
263,439
222,440
296,440
296,340,360,404,440
404,440
47,441
102,441
125,441
127,441
146,195,441
195,441
1,442
2,442
9,442
10,442
15,442
16,442
10,18,205,442
21,442
22,442
28,442
29,442
30,442
34,442
35,442
41,442
27,44,399,442
49,442
53,113,190,442
56,442
61,442
14,64,442
12,70,361,442
85,442
94,442
96,442
111,442
117,442
122,342,442
147,442
157,442
159,442
166,442
167,442
168,442
171,442
177,442
186,442
190,442
205,442
213,442
214,442
147,217,442
219,442
225,282,442
241,442
265,442
275,442
277,442
8,289,442
295,442
304,442
330,442
336,442
342,442
343,442
386,442
24,423,442
157,443
112,444
126,444
365,444
97,445
106,285,446
106,285,323,446
408,447
138,448
1,449
3,22,449
6,449
7,449
8,449
14,449
30,449
33,449
56,449
64,449
118,449
147,449
158,449
167,449
100,168,449
179,449
214,449
218,449
277,449
336,449
415,449
135,450
370,450
116,451
341,451
83,452
105,452
228,452
312,452
23,258,453
3,454
5,454
33,454
115,454
147,454
152,219,455
381,455
430,456
22,457
37,457
108,457
287,457
330,457
425,457
46,155,427,457
92,458
311,459
12,460
259,305,324,460
11,461
112,461
124,461
216,462
216,370,408,462
216,420,462
447,462
183,306,463
169,464
142,465
45,466
59,466
134,466
190,466
336,466
398,466
77,467
87,467
190,467
166,468
226,468
307,468
307,318,371,468
346,468
371,468
92,469
342,470
35,64,168,423,471
85,471
143,471
36,167,471
145,347,472
347,472
348,472
391,472
190,473
17,159,167,415,473
310,474
423,475
76,476
81,476
89,476
76,81,294,476
179,477
148,478
430,478
111,233,479
93,480
220,480
243,481
265,481
243,439,481
119,482
164,482
42,483
278,484
222,485
296,485
340,485
404,485
222,440,485
0,486
1,486
9,486
10,486
12,486
19,486
20,486
29,41,168,192,486
33,486
34,213,486
44,486
52,486
54,190,277,486
88,486
100,486
104,190,486
112,486
160,486
164,486
168,486
186,486
190,486
4,10,205,423,486
214,486
265,486
277,486
330,486
336,486
386,486
418,486
264,487
167,282,488
304,489
24,490
30,490
137,490
90,491
400,491
143,194,264,492
421,493
88,494
264,495
330,496
24,497
177,497
200,498
62,499
91,499
197,499
215,499
63,500
82,500
83,501
200,501
272,502
15,503
53,503
442,503
230,504
336,504
377,504
166,505
1,6,299,506
45,336,506
59,506
83,200,209,506
112,506
134,190,506
45,167,506
190,506
209,506
214,506
336,506
45,398,506
466,506
486,506
