1,24
2,23
3,22
4,21
5,20
6,19
7,18
8,17
9,16
10,15
11,14
12,13
8,26
5,26
17,27
21,27
3,22,27
5,27
21,27
21,28
10,28
17,29
21,29
16,29
2,29
8,32
32
10,32
16,29,32
5,32
11,33
33
14,33
13,33
3,33
33
9,35
8,35
3,35
11,36
2,36
5,36
16,36
7,36
8,36
22,36
8,37
24,37
22,38
38
38
1,24,38
3,38
38
24,38
20,38
1,24,38,39
15,39
12,39
3,35,39
1,39
24,39
23,39
39
24,39
23,39
41
41
41
20,41
21,41
41
20,42
5,42
42
22,43
44
7,45
11,45
5,45
3,45
10,45
21,47
4,47
16,47
11,48
10,49
13,49
24,49
22,50
23,51
21,52
20,52
2,53
3,22,27,53
14,53
16,55
24,55
2,55
24,56
21,27,57
5,57
57
18,57
7,57
7,57
14,57
8,57
6,57
6,57
57
20,58
2,58
1,24,38,58
58
20,59
16,60
61
11,61
12,62
16,29,32,62
1,62
18,62
21,62
23,62
2,63
20,63
1,64
16,64
12,64
12,64
9,67
8,69
1,71
15,71
23,72
2,73
5,73
6,73
73
1,73
73
2,74
7,75
24,75
3,76
11,76
6,76
21,77
14,77
3,35,39,78
1,24,38,58,79
79
1,38,58,79
22,79
18,62,79
24,80
14,81
15,81
13,81
9,81
20,82
11,82
82
5,82
1,2,4,5,7,9,10,11,13,16,17,18,19,20,23,24,83
16,84
21,84
84
8,84
16,60,84
84
2,84
7,84
15,85
4,86
20,86
9,86
17,86
24,87
5,89
89
89
4,11,13,16,24,89
10,89
91
5,91
17,91
1,5,13,16,20,91
12,91
93
12,93
13,19,94
23,72,94
94
24,94
3,95
7,95
95
15,95
12,95
16,96
5,7,17,23,98
1,7,23,98
18,98
24,98
2,98
13,98
19,98
19,98
3,98
13,98
99
13,99
22,100
8,100
5,16,20,100
15,100
10,100
4,100
2,5,9,13,16,18,19,20,23,83,100
22,101
101
3,101
101
15,101
4,101
1,2,3,4,5,6,7,8,9,11,13,17,18,19,20,21,22,23,24,102
20,102
22,102
22,102
3,102
16,18,83,100,102
102
11,102
15,102
102
5,102
11,102
6,102
9,102
24,102
5,23,83,102
102
13,102
24,38,102
4,102
4,102
12,102
16,102
18,102
16,29,62,102
6,103
4,104
14,104
16,102,104
104
7,108
9,20,108
24,109
8,109
14,109
17,111
9,111
15,111
111
22,111
7,17,112
23,114
18,116
116
1,116
7,116
116
7,116
4,116
1,6,7,8,11,17,18,19,20,21,22,24,116
5,9,17,116
2,4,9,24,116
11,116
10,116
16,116
20,116
116
116
12,116
7,116
2,3,13,116
7,116
5,116
7,116
12,116
116
1,116
8,116
15,116
24,116
24,116
5,116
6,116
19,117
8,120
2,122
8,123
20,125
13,125
125
20,125
125
24,125
125
12,127
12,127
11,127
15,127
17,128
1,128
128
20,129
13,130
20,130
14,130
131
131
17,131
23,133
12,133
133
2,133
2,133
10,133
4,133
134
15,135
21,135
2,3,4,5,6,7,8,9,11,17,18,22,23,102,135
20,136
12,137
5,138
8,138
8,139
7,139
16,139
2,140
20,141
22,53,141
18,141
141
1,141
7,141
11,142
17,142
16,143
4,7,22,102,143
18,148
18,148
10,148
7,148
2,148
23,148
2,4,5,8,9,13,22,148
8,148
2,3,4,5,7,8,11,13,17,18,19,20,21,22,23,148
148
6,148
23,148
4,13,148
2,3,4,5,7,8,9,11,13,17,19,20,22,23,24,102,148
7,148
2,148
23,24,148
29,32,148
148
7,149
21,149
2,3,148,149
149
6,149
1,3,4,5,6,7,8,11,13,18,19,21,23,24,102,150
20,22,154
2,6,102,154
21,155
18,155
10,156
13,156
11,157
1,6,7,20,22,24,157
157
3,149,157
19,158
21,158
2,158
17,158
14,158
7,158
16,158
158
19,158
6,158
1,2,4,5,7,9,11,13,17,18,19,21,22,23,24,102,158
8,158
22,158
4,158
7,158
7,11,17,116,158
5,159
7,159
19,159
8,9,22,148,159
20,159
159
13,19,159
21,159
162
14,162
7,165
20,165
7,165
15,166
4,166
19,167
15,169
18,169
10,170
14,170
22,170
21,173
24,173
7,173
173
174
8,174
11,174
22,175
1,5,6,8,11,13,21,23,102,150,175
5,7,9,11,18,102,135,175
24,175
7,175
175
2,175
3,11,18,19,23,175
17,175
175
13,175
6,175
12,175
5,175
11,24,175
8,175
9,17,21,23,102,175
175
175
18,175
14,175
11,175
175
10,175
5,175
20,177
15,178
9,178
14,179
179
179
4,7,102,179
13,180
6,180
14,180
21,180
22,181
16,181
17,181
181
19,181
14,181
181
8,18,22,116,181
1,182
4,183
183
16,184
185
24,102,186
11,189
2,3,4,6,11,17,18,19,20,21,22,24,102,189
21,190
17,191
22,191
12,193
14,193
9,193
2,193
13,193
193
12,195
16,195
16,196
196
11,197
11,197
16,197
12,197
197
17,197
2,197
9,197
8,197
1,198
16,199
7,8,13,199
8,199
22,199
23,199
199
1,199
7,199
15,199
22,199
20,199
2,199
15,200
1,4,17,200
13,200
4,17,200
201
18,201
16,201
15,202
17,202
14,203
2,205
11,206
3,206
13,207
2,207
23,207
15,207
12,207
11,207
21,208
9,209
13,209
8,210
10,211
1,9,18,20,22,23,102,211
1,211
6,211
22,212
12,212
11,212
15,213
213
16,62,102,214
215
21,215
215
8,17,216
17,216
7,141,216
3,6,17,216
9,21,217
3,6,21,24,218
15,218
1,218
218
22,218
8,218
14,218
218
6,218
21,218
11,220
3,220
4,221
10,221
6,222
222
16,222
11,222
6,9,11,18,135,222
24,223
4,223
14,223
1,223
8,223
5,9,18,158,223
19,224
21,225
16,226
11,228
3,6,229
22,231
15,232
3,233
234
8,234
24,234
6,235
24,235
2,236
4,237
1,4,5,6,7,8,11,18,19,21,23,237
238
11,238
22,53,238
4,238
238
20,239
9,148,239
23,240
17,240
2,241
20,243
24,243
15,244
16,245
20,245
7,245
23,246
8,246
23,247
21,248
23,249
249
5,249
18,249
14,249
24,249
13,249
20,249
20,249
249
20,249
16,249
24,249
9,250
3,6,19,20,251
251
4,251
2,3,8,9,148,251
252
9,252
1,2,3,4,5,6,7,8,9,10,11,12,13,14,15,16,17,18,19,20,21,22,23,24,252
1,254
23,254
17,254
3,254
11,254
12,254
8,254
5,19,24,254
12,255
13,255
2,255
2,255
4,255
9,255
4,255
5,9,256
1,256
17,259
260
17,261
9,262
20,262
19,265
17,265
8,265
17,22,24,266
17,266
266
12,269
271
8,271
7,108,273
12,274
6,274
21,274
4,275
5,9,158,223,278
20,278
7,278
13,279
6,21,279
7,11,102,158,279
17,280
281
282
18,282
20,282
22,283
14,284
1,284
20,284
2,175,284
284
7,284
1,285
22,286
2,286
1,58,287
10,288
9,288
5,288
16,288
1,289
18,289
12,290
20,290
20,290
22,290
17,291
20,291
13,292
292
7,293
7,293
294
9,294
10,294
18,294
14,295
20,296
8,296
23,297
8,298
300
5,300
14,300
301
2,303
21,303
4,8,303
13,303
4,304
18,305
8,305
11,305
22,305
24,305
4,306
16,17,306
14,306
2,306
4,5,8,13,17,21,23,306
306
2,3,6,8,9,10,11,12,14,15,17,18,21,22,23,24,252,306
5,6,8,13,16,20,21,23,24,252,306
20,306
19,306
12,306
8,306
306
23,307
21,307
9,307
5,307
1,308
1,2,3,4,6,7,8,9,10,11,12,13,14,15,16,17,18,19,20,21,22,23,24,252,308
7,22,148,308
5,9,10,308
9,22,308
12,308
5,17,308
16,309
16,309
21,310
21,311
4,312
8,312
10,313
10,313
14,313
15,314
5,6,315
15,316
316
18,318
4,318
14,318
12,318
318
2,318
8,318
12,319
13,319
24,319
13,319
319
9,319
6,320
20,321
10,14,15,22,321
7,321
3,7,10,13,321
11,322
3,323
5,323
21,324
21,324
12,325
10,325
17,328
3,8,12,328
24,328
3,328
18,328
6,328
9,19,328
15,328
6,328
17,329
1,24,329
20,329
15,331
1,308,331
8,331
12,331
3,331
19,21,331
18,331
3,18,331
21,331
1,19,24,331
331
19,331
8,331
19,332
23,333
1,2,3,4,5,6,7,8,9,10,11,12,13,14,15,16,17,18,19,20,21,23,24,252,333
10,335
23,336
3,336
6,336
19,336
9,337
16,337
21,339
19,339
7,339
3,339
17,339
17,339
14,339
339
5,13,339
339
4,339
20,339
2,8,339
12,339
21,339
7,11,17,339
1,339
24,339
21,340
3,340
14,340
10,340
24,340
20,340
17,340
2,5,6,7,8,11,13,15,16,17,18,19,21,252,340
22,340
10,340
16,340
8,23,340
22,340
8,340
2,4,12,15,19,22,342
13,343
12,344
23,344
19,344
20,129,344
344
21,52,344
1,344
3,345
13,345
4,345
16,345
346
15,346
22,346
1,2,3,4,7,9,11,14,15,16,17,18,21,22,24,308,346
2,4,9,10,14,15,17,18,20,24,346
346
22,346
21,346
346
17,346
10,346
15,347
16,348
20,350
21,350
20,350
1,351
6,351
20,352
6,352
18,352
352
24,352
2,4,12,13,17,18,19,21,22,23,352
7,352
22,352
352
6,76,352
22,352
19,353
16,353
6,353
12,354
354
9,354
1,6,354
15,355
9,355
358
1,359
13,359
359
22,359
12,360
1,6,7,8,10,11,14,15,16,18,19,21,23,252,308,360
23,360
22,361
22,362
14,362
18,363
9,363
363
2,3,4,7,15,363
6,363
12,363
10,363
20,363
363
363
2,363
363
363
1,3,4,6,9,10,12,13,18,19,20,22,24,252,308,363
365
14,365
19,365
365
16,365
22,368
19,369
4,371
6,372
7,372
18,372
23,372
3,372
24,102,373
12,373
3,21,373
6,373
21,373
8,21,373
11,373
3,373
17,374
8,305,374
1,374
5,374
374
14,15,18,374
8,375
375
20,376
22,376
3,376
376
13,376
10,376
13,376
6,376
376
14,376
14,376
17,376
11,376
376
6,76,376
6,15,252,376
5,376
3,376
2,377
21,379
18,380
16,382
19,384
15,384
15,16,384
21,384
18,385
385
4,385
11,385
2,387
7,387
15,387
21,387
16,387
22,387
9,387
7,387
7,387
1,387
14,387
13,387
387
6,388
11,389
3,389
391
19,392
392
19,392
18,392
15,392
2,392
11,392
6,392
20,392
9,393
22,393
15,393
23,394
395
21,395
396
18,396
3,396
15,397
23,397
6,398
2,5,7,8,9,10,11,12,15,18,19,20,21,24,333,398
3,398
9,398
11,400
401
13,402
16,403
19,404
404
13,404
3,233,404
22,404
2,17,308,404
16,404
4,404
20,404
5,406
23,406
16,100,406
14,406
18,407
14,407
22,407
11,407
408
8,408
17,408
13,408
10,408
8,312,409
9,410
410
12,411
1,414
12,414
9,415
16,415
8,416
21,416
20,417
9,417
3,421
12,421
1,4,7,421
19,423
2,423
15,423
15,424
20,424
424
18,424
10,18,24,424
23,424
15,424
21,424
18,426
22,426
426
426
2,6,11,13,21,252,426
12,426
14,427
20,427
13,427
22,427
8,429
2,7,429
13,429
22,430
4,431
19,431
11,431
1,3,11,24,431
3,431
21,431
19,432
16,432
22,432
16,432
11,158,433
1,433
6,433
17,435
22,436
16,24,436
2,436
12,436
2,436
13,436
14,436
1,436
14,436
9,436
13,436
21,436
14,436
2,436
2,436
3,436
437
6,437
16,439
2,439
441
8,441
443
6,444
444
444
444
24,445
9,15,398,446
7,447
21,448
18,374,448
24,448
448
448
21,448
1,449
23,449
11,449
10,449
6,449
21,449
20,450
16,451
24,451
23,451
18,451
451
1,4,9,24,453
15,453
6,7,8,9,13,14,15,16,17,18,20,23,252,454
24,456
5,7,333,456
15,457
20,457
22,458
22,458
15,458
7,458
252,308,459
8,460
21,460
13,16,18,24,460
460
460
11,460
460
7,461
15,20,462
24,462
6,463
5,463
22,464
12,465
5,467
22,467
12,467
24,468
12,468
20,468
16,468
6,468
12,468
21,468
1,470
470
18,470
3,4,14,17,23,24,470
4,471
2,471
11,474
475
6,475
22,476
16,476
3,476
4,476
480
19,482
7,482
3,483
10,484
4,485
2,4,5,8,11,15,16,18,20,252,486
17,487
6,487
22,487
488
13,488
9,488
17,488
7,488
13,16,22,23,488
10,489
6,489
3,490
7,492
22,492
493
11,494
5,8,175,494
17,494
13,497
497
15,498
23,498
11,498
3,498
8,498
498
16,498
24,498
20,498
5,498
7,10,22,500
9,500
11,500
21,500
16,500
501
4,502
2,4,19,252,502
18,20,502
9,503
15,504
3,504
18,505
7,505
23,506
8,507
8,508
5,508
8,508
6,508
15,457,508
508
18,508
14,509
21,509
1,509
509
16,510
510
6,16,510
3,510
1,511
2,512
11,16,21,360,513
2,4,16,22,513
12,513
1,513
23,513
513
7,12,16,513
16,513
10,513
23,515
22,517
17,518
2,3,23,518
21,518
13,518
6,518
3,518
13,207,518
15,518
8,518
1,6,7,8,13,14,15,252,308,519
21,519
519
2,520
22,521
10,524
5,525
19,525
5,8,10,11,12,13,14,16,18,19,20,21,24,526
527
13,527
9,527
17,527
15,527
16,528
4,19,528
1,2,4,7,14,17,252,308,528
23,528
528
18,528
16,528
4,7,14,21,22,23,529
2,529
2,3,4,7,10,11,14,15,16,17,21,24,252,529
17,529
5,530
19,530
13,530
12,531
531
7,531
8,531
20,531
22,532
5,532
12,532
7,533
16,533
2,533
3,533
18,533
15,534
9,534
3,534
12,534
15,534
9,534
3,5,24,534
16,535
4,535
6,536
1,4,18,537
23,538
11,14,15,17,24,538
538
17,539
539
4,540
11,540
23,541
6,541
541
541
18,541
4,541
11,541
16,541
3,541
5,543
6,545
1,545
14,546
13,546
8,546
16,546
8,546
4,546
4,546
9,546
14,546
546
15,546
16,546
546
23,547
17,548
549
13,550
13,550
551
3,552
12,552
6,553
2,553
8,9,19,553
11,18,24,553
16,553
3,376,554
8,554
14,554
9,554
8,554
21,554
20,554
14,554
3,11,17,24,308,554
23,554
8,554
10,554
4,554
12,554
554
11,554
555
12,556
3,4,6,8,10,15,16,18,22,23,559
19,562
562
21,563
563
5,563
6,444,564
564
6,564
16,564
1,58,565
2,565
23,565
21,565
24,566
4,566
12,567
10,568
9,569
22,569
10,569
1,571
11,17,18,21,571
571
571
1,3,6,8,12,16,19,20,22,23,572
3,7,9,10,11,15,16,17,19,21,23,252,308,572
2,3,4,6,12,13,15,16,17,19,20,23,252,573
573
12,573
21,252,573
12,573
5,573
7,573
10,573
7,575
18,575
8,576
9,576
17,576
21,576
10,576
19,576
13,576
12,576
3,577
5,18,19,24,577
16,577
577
5,577
7,577
2,577
577
17,577
6,23,577
11,21,578
18,578
4,578
578
8,578
579
6,579
16,579
10,580
9,581
20,583
2,583
2,583
3,583
4,8,11,18,23,252,584
16,585
2,586
586
22,586
586
24,586
586
2,587
24,587
587
20,587
6,590
6,591
12,592
594
595
21,595
14,595
7,595
19,595
21,596
13,596
596
8,102,596
5,596
17,596
4,6,7,8,10,13,14,15,17,18,21,23,252,596
20,596
16,597
9,597
17,597
3,597
18,597
18,597
3,597
6,598
10,599
2,12,601
5,601
15,601
3,22,306,601
16,181,601
3,601
4,21,596,601
3,601
603
7,603
9,605
7,605
6,606
22,606
606
607
17,607
3,610
7,610
19,610
18,610
22,610
11,611
15,611
3,612
1,612
10,613
12,613
1,5,6,614
4,15,614
8,614
2,614
13,615
22,616
616
2,23,616
21,616
9,617
21,617
23,617
9,618
16,618
12,619
14,619
19,619
4,619
12,21,24,619
619
20,620
4,622
10,624
3,625
20,82,625
13,625
13,625
24,625
24,625
3,625
625
8,626
16,626
626
10,626
3,7,21,252,626
4,626
626
19,627
628
3,629
629
5,9,13,14,18,24,630
2,632
18,632
6,633
1,633
10,633
18,633
6,633
16,633
9,633
20,633
6,633
18,448,633
4,633
18,633
9,17,24,634
4,635
12,636
15,636
14,636
13,636
11,637
18,637
4,637
17,637
638
5,9,20,638
15,638
17,639
9,640
18,640
9,17,640
8,640
11,640
642
4,19,642
10,643
20,643
23,643
9,645
21,645
646
14,647
4,647
24,648
16,648
10,313,649
8,649
12,649
7,650
21,360,650
10,650
6,650
13,650
18,651
653
12,653
3,653
18,653
22,158,653
10,653
18,654
24,655
15,655
19,655
5,6,655
13,655
21,655
12,655
15,656
18,656
17,657
4,659
18,659
16,659
660
16,660
13,662
24,663
18,663
2,664
2,664
5,665
5,665
665
4,665
1,665
6,665
2,667
1,2,7,9,11,19,21,102,667
23,667
7,668
21,650,668
11,19,333,398,668
11,668
14,669
670
16,670
12,671
18,671
10,671
22,24,671
6,671
2,671
22,671
14,671
672
3,672
673
9,673
23,673
24,673
2,673
21,673
19,673
21,674
24,674
19,674
19,674
2,674
23,674
16,674
10,676
1,680
3,680
23,680
21,680
16,680
680
9,12,18,683
10,683
22,683
14,683
1,683
7,683
11,683
10,685
22,685
24,685
10,685
2,685
19,685
23,688
7,16,252,688
11,688
5,688
22,690
19,690
19,690
5,691
2,692
1,4,10,11,12,14,15,16,17,18,19,22,23,24,252,693
693
8,328,693
16,694
3,694
10,12,14,15,16,18,19,23,24,252,333,694
18,340,696
696
3,700
19,701
24,701
701
701
1,2,3,4,5,6,7,8,9,10,11,12,13,14,16,17,18,19,20,21,22,23,24,252,701
13,701
701
701
9,702
16,702
3,702
2,702
13,702
18,702
10,702
8,702
18,559,703
703
704
22,116,705
24,706
706
10,706
6,9,13,17,21,24,707
8,708
13,709
19,709
4,709
19,709
1,711
8,711
713
23,714
2,714
17,714
7,714
715
4,716
4,716
716
8,717
19,717
20,717
11,717
19,717
3,717
718
5,719
720
720
1,720
5,721
12,722
4,15,19,722
2,19,722
6,722
21,722
23,722
20,722
12,723
15,728
16,728
9,728
15,728
16,728
6,729
14,730
19,732
7,733
24,734
7,20,734
5,735
5,735
7,735
10,735
12,735
20,735
8,735
737
22,737
737
738
9,739
3,740
12,740
11,740
6,742
18,742
21,743
12,743
14,743
743
7,23,148,743
4,743
2,745
5,745
1,745
18,746
1,9,14,746
6,747
11,747
14,747
5,749
4,749
749
9,308,749
4,750
19,751
5,751
21,751
22,751
18,751
21,751
9,755
755
5,102,755
17,755
22,755
8,10,11,24,526,755
21,757
21,757
24,758
3,759
2,759
4,759
24,760
8,761
5,763
14,764
20,765
15,766
21,766
22,766
1,4,7,8,9,10,12,13,16,17,18,19,20,21,22,23,701,766
24,767
1,767
1,767
24,767
19,768
3,13,102,768
19,768
2,768
769
8,769
9,18,770
12,770
24,770
18,770
23,771
18,771
771
19,771
11,771
1,771
24,771
19,772
7,772
772
4,772
3,11,13,15,772
772
24,772
18,773
24,773
18,773
22,773
773
9,774
5,774
3,775
20,775
775
5,775
9,775
14,554,775
23,352,776
14,193,777
8,777
6,780
18,781
781
2,781
16,782
17,782
17,784
23,784
5,526,784
10,13,16,784
4,784
9,784
785
24,785
10,785
785
11,16,17,785
5,19,21,785
11,786
787
787
2,790
9,791
7,791
3,791
9,791
791
2,791
18,791
11,792
792
792
12,794
20,796
20,797
9,798
19,798
5,798
798
21,798
6,799
22,800
8,800
800
10,802
8,802
2,306,802
7,803
1,7,20,22,804
24,804
6,805
22,806
8,806
806
807
13,807
2,807
24,808
13,808
14,808
7,808
4,808
24,808
11,808
4,809
11,19,810
16,810
11,17,811
21,811
6,216,811
7,11,17,19,812
6,814
12,814
1,814
2,816
23,816
22,817
817
18,817
14,817
14,817
12,817
817
2,3,4,10,11,14,15,21,333,817
16,818
4,820
9,820
15,820
16,820
14,820
4,820
820
22,820
2,820
3,820
5,820
6,13,19,820
22,24,820
8,12,18,820
4,820
14,820
11,820
1,820
22,820
19,821
10,821
822
14,822
10,822
15,822
6,8,14,822
7,822
17,822
10,22,559,822
822
13,822
7,822
9,823
13,823
22,824
14,17,18,825
24,825
2,14,825
20,825
826
13,826
23,826
15,826
16,826
19,826
1,828
6,828
10,830
13,830
23,831
8,831
831
831
10,832
20,832
23,832
9,832
6,834
7,835
9,835
3,835
8,102,836
11,836
3,20,252,837
3,838
18,840
841
843
21,844
844
1,844
19,844
9,844
844
844
18,844
11,844
14,844
4,844
844
11,844
17,844
10,845
18,845
16,846
6,7,8,18,21,846
4,7,22,847
1,18,848
20,849
16,849
849
6,12,20,849
849
22,849
849
16,850
7,273,851
1,7,16,21,851
852
852
2,852
22,852
852
17,852
13,852
21,852
4,854
21,855
14,855
7,857
14,858
3,858
10,858
19,858
1,7,18,861
4,861
863
10,864
864
10,865
24,865
865
18,866
5,867
24,867
2,867
11,867
14,867
21,868
16,870
1,870
9,872
23,874
875
24,875
17,875
13,18,23,876
876
18,877
6,878
879
24,879
17,880
880
5,8,9,17,880
16,881
4,881
2,881
11,881
4,882
6,882
7,882
7,11,22,882
20,883
5,884
5,884
1,884
20,884
20,884
17,884
885
13,885
22,885
13,885
2,885
8,885
11,885
17,886
1,2,3,4,5,6,7,8,9,10,11,12,13,14,15,16,17,18,19,20,21,23,24,252,886
22,886
24,886
1,887
15,887
4,888
21,888
5,888
23,888
19,890
14,890
6,891
1,892
23,892
3,892
1,892
18,893
4,893
2,893
9,893
16,894
3,894
894
1,894
894
1,8,18,701,894
20,895
13,16,340,896
8,898
898
2,898
11,898
12,14,16,898
17,898
22,900
22,900
3,900
900
23,900
22,901
7,9,12,24,901
14,902
11,902
18,902
21,902
8,902
2,902
3,38,902
1,903
22,903
1,2,5,8,10,11,12,15,16,17,18,19,20,21,22,23,252,904
12,904
18,905
17,905
2,905
9,905
6,906
1,2,3,4,8,9,10,11,13,15,16,18,20,21,22,906
14,906
9,906
10,906
5,907
5,9,21,907
2,907
4,907
13,907
12,907
2,5,7,19,20,83,909
13,910
11,910
4,910
24,912
13,912
16,913
23,913
11,12,20,913
3,913
15,913
24,913
7,9,913
4,914
3,914
1,904,914
12,914
12,914
6,914
21,914
14,915
9,916
19,918
18,921
21,921
7,14,15,17,21,308,346,921
15,921
1,922
8,922
19,923
14,923
924
24,924
16,925
16,927
19,928
11,928
3,838,928
6,16,928
17,928
19,928
18,928
928
5,928
19,929
6,929
2,929
2,929
930
2,930
930
24,930
13,17,930
14,23,930
8,930
23,930
11,930
24,930
24,930
14,18,22,932
932
1,932
15,933
9,934
21,934
2,934
24,934
4,11,22,935
20,935
15,935
4,18,23,936
936
3,8,10,13,252,936
6,936
15,199,936
936
22,936
19,937
23,937
1,938
9,940
942
12,943
5,943
4,944
18,944
7,945
13,945
15,252,308,945
9,16,18,252,945
945
18,945
945
18,946
4,5,237,946
2,18,946
17,946
21,946
5,946
946
2,946
14,946
1,946
20,946
16,946
22,946
2,3,7,8,11,12,14,17,20,21,947
947
14,15,17,947
14,947
5,948
948
11,948
948
14,948
17,949
21,951
1,4,5,6,9,11,14,15,16,17,18,19,20,24,252,951
20,951
20,951
14,951
14,951
10,951
19,951
16,951
17,135,951
951
10,952
8,953
15,22,953
2,953
4,953
16,955
955
3,956
15,16,956
19,956
12,956
23,956
19,956
956
6,956
7,957
957
957
19,957
13,957
21,957
17,957
958
15,959
24,960
23,960
16,961
961
19,961
13,961
11,961
14,961
5,963
4,9,13,14,963
963
3,963
16,964
19,965
23,965
24,965
4,23,965
21,966
22,966
10,967
8,13,15,19,968
21,969
18,969
9,970
17,971
20,972
12,972
1,972
974
974
4,974
14,974
16,976
4,976
20,976
976
13,977
978
10,980
11,982
1,982
1,983
1,984
9,984
5,984
17,985
2,985
987
21,987
4,987
989
989
18,989
8,13,23,989
991
991
992
1,992
16,992
24,993
11,993
5,993
4,8,11,993
994
2,994
13,995
6,995
11,995
10,995
4,996
22,996
14,997
9,217,997
5,997
14,997
13,997
997
997
9,997
