1,24
2,23
3,22
4,21
5,20
6,19
7,18
8,17
9,16
10,15
11,14
12,13
24,25
7,26
9,27
19,27
7,27
20,27
6,27
23,27
3,28
13,30
3,4,10,13,16,23,31
11,31
1,32
11,32
9,32
22,32
16,32
1,3,5,6,7,9,10,12,13,14,15,17,22,24,32
21,32
32
8,32
14,32
32
15,32
1,32
19,32
5,32
7,32
18,32
8,32
32
23,32
21,32
14,32
16,32
24,33
8,33
21,33
34
12,35
9,35
18,40
1,3,7,9,10,12,13,22,24,41
15,41
22,41
10,41
23,32,41
24,41
41
12,41
6,41
15,41
9,41
41
2,3,4,7,9,10,12,13,14,15,16,18,20,21,23,24,41
16,41
20,41
12,22,41
19,41
21,41
5,41
17,41
21,41
2,41
1,41
14,41
22,42
9,44
7,44
22,44
45
5,45
7,46
3,46
3,9,10,13,22,24,46
11,46
6,48
4,48
5,48
9,48
13,49
12,51
21,51
13,15,41,51
15,51
52
24,52
53
1,53
2,53
15,54
9,55
1,55
22,55
3,13,14,16,18,20,21,23,24,55
2,55
55
14,55
2,55
12,55
17,56
3,6,10,14,24,57
5,58
14,18,24,55,59
4,13,14,15,16,60
7,16,20,21,23,24,41,60
23,55,60
3,9,15,18,41,60
7,60
19,60
15,60
60
1,60
10,60
8,60
5,60
60
3,60
13,60
60
7,20,61
2,3,4,10,12,13,14,16,18,20,23,24,62
3,62
62
2,3,4,7,9,10,12,13,14,15,16,18,20,23,41,63
64
3,64
3,65
23,65
13,65
13,65
65
4,65
65
13,65
10,67
22,67
18,67
22,67
22,67
11,67
11,67
7,67
67
68
68
68
69
69
7,69
70
2,3,4,7,9,10,12,13,15,16,20,21,23,24,41,72
9,72
20,72
12,74
7,77
78
5,78
14,18,78
7,79
80
19,81
20,81
18,83
16,84
1,84
12,14,15,85
22,85
10,90
90
91
19,93
1,93
10,18,23,97
17,97
97
10,98
101
11,101
15,103
19,103
15,103
6,103
4,9,10,13,24,103
7,18,103
22,103
13,103
15,103
103
12,104
2,105
6,105
10,13,14,106
10,106
19,106
23,106
16,106
5,106
18,24,55,106
22,107
1,2,3,4,5,7,11,12,13,15,16,17,18,19,20,21,22,23,24,107
5,107
2,107
108
3,9,12,23,108
108
16,108
24,103,108
16,108
2,108
1,3,5,12,13,15,16,18,19,23,24,108
11,108
19,109
21,109
11,110
14,110
110
10,13,110
12,111
2,107,111
113
16,113
22,117
16,117
23,117
1,2,7,11,13,18,19,23,117
10,118
4,118
2,120
13,15,121
22,121
3,121
6,123
123
124
8,124
5,124
8,124
22,125
2,126
3,126
24,126
23,126
12,127
3,127
3,127
6,127
21,32,127
6,127
2,3,4,20,107,127
18,127
17,128
22,129
10,131
131
23,131
11,132
2,4,11,12,13,17,19,21,24,132
12,133
10,133
4,7,11,15,16,18,19,20,22,133
133
1,133
133
2,133
12,134
5,134
24,134
20,134
21,135
19,135
23,135
7,136
3,136
13,136
1,137
12,139
3,140
20,140
17,141
141
2,3,4,12,13,142
15,142
3,143
12,143
8,143
22,143
10,13,143
13,143
17,146
147
6,147
9,149
23,150
150
13,150
17,150
5,151
6,27,151
1,151
13,153
4,153
1,2,3,4,5,7,11,12,13,15,16,17,18,19,20,22,23,24,107,153
17,153
22,153
13,15,19,153
18,153
13,153
23,153
13,154
7,103,155
17,156
3,157
15,157
21,157
8,158
2,158
8,158
11,160
18,160
2,161
3,7,11,12,13,15,16,17,20,23,107,161
6,161
23,161
15,161
161
17,161
9,161
18,161
161
161
18,161
18,161
7,161
14,161
3,161
13,161
1,161
161
19,161
8,161
4,161
11,13,153,161
161
21,161
4,162
10,163
16,163
16,23,166
15,166
20,166
6,166
22,24,46,166
2,23,166
4,166
4,166
15,166
7,166
8,166
9,166
166
22,168
6,169
24,62,169
20,153,169
5,170
170
17,170
19,171
12,172
172
172
20,172
5,174
7,174
9,174
11,176
16,178
9,178
8,179
15,54,179
6,179
19,180
10,182
18,182
18,182
5,182
24,182
182
182
19,182
10,23,182
19,182
182
10,182
19,183
5,183
11,183
4,184
12,16,184
10,110,185
1,185
185
12,186
21,186
22,186
17,186
186
8,186
16,187
16,187
1,2,4,5,7,11,13,17,18,19,20,23,107,188
22,189
21,189
15,189
16,189
4,9,14,189
19,190
7,191
191
3,191
15,191
3,10,14,192
23,192
16,192
1,16,192
17,192
11,192
20,192
13,193
8,194
3,5,19,23,24,108,195
3,195
23,195
8,195
196
9,196
22,196
8,196
2,197
1,5,22,24,197
12,23,197
24,197
7,12,197
11,198
12,198
5,198
19,198
17,199
199
3,200
23,41,200
17,200
21,200
16,201
16,201
13,202
14,202
2,202
15,22,202
18,202
20,202
2,202
5,202
202
13,202
9,21,202
11,12,20,23,24,202
202
15,202
5,202
6,202
8,202
17,202
1,202
9,202
20,202
202
202
15,203
7,203
12,203
13,204
23,205
2,3,4,7,11,12,13,15,16,17,18,21,22,23,24,207
207
207
10,207
9,208
8,208
6,208
208
2,5,11,17,209
210
2,210
11,211
212
16,212
4,212
1,212
5,182,212
4,13,23,213
3,214
13,217
12,217
18,217
217
14,217
7,11,217
6,217
219
15,219
11,220
13,220
21,221
22,222
21,223
223
3,224
1,5,11,12,17,18,19,20,22,23,153,226
3,226
6,227
5,227
10,227
2,227
7,23,227
3,229
16,229
5,229
7,229
2,229
19,230
21,230
23,230
12,230
17,231
20,231
18,231
20,231
11,18,231
4,232
5,232
11,232
8,232
9,232
5,232
235
11,235
12,236
1,12,24,239
16,241
23,241
7,241
7,241
3,241
18,243
24,243
5,243
10,244
16,244
24,246
14,247
8,248
6,249
23,249
249
10,250
10,251
252
13,252
4,13,252
11,255
23,255
17,256
7,11,23,257
4,9,10,257
17,257
13,257
22,257
7,257
5,257
12,108,257
6,257
23,257
257
5,257
257
9,257
14,257
14,257
8,257
22,257
8,257
17,257
1,257
21,257
7,13,19,24,257
8,257
258
6,258
12,258
8,258
18,259
259
24,259
24,259
11,260
19,153,260
1,260
23,261
3,4,9,10,13,15,16,18,20,41,261
22,262
20,263
23,263
7,263
16,207,263
263
14,263
13,263
4,264
4,264
23,266
7,266
23,266
9,266
15,266
13,266
266
23,267
23,267
5,269
16,269
4,270
22,270
12,270
5,270
8,270
24,270
19,270
1,13,270
5,270
12,270
6,270
14,270
2,270
20,270
2,270
12,270
2,117,270
14,270
12,270
2,12,18,20,21,24,270
14,270
18,270
19,270
20,271
10,271
4,272
21,273
3,273
6,274
21,275
18,280
280
24,281
5,281
281
19,282
11,17,24,282
4,7,15,18,283
1,4,5,7,20,23,107,283
15,284
2,286
5,286
16,286
286
22,286
21,286
8,287
21,287
287
7,287
288
6,289
15,41,289
6,289
14,289
8,290
21,292
11,292
19,292
21,292
1,292
15,292
16,292
19,292
10,293
2,293
15,293
293
15,293
19,294
5,294
8,295
5,296
2,3,4,5,11,13,15,18,22,23,24,153,298
22,24,298
15,298
15,298
11,298
18,298
10,301
24,302
1,303
13,303
303
303
24,304
2,304
17,304
304
24,304
15,304
2,304
15,304
14,305
14,305
11,24,305
11,307
18,308
20,310
12,311
1,311
311
8,311
3,312
313
11,313
13,313
9,313
1,313
23,313
17,314
21,314
315
6,316
10,316
12,317
7,317
4,318
13,318
319
1,319
11,23,319
1,2,3,4,5,7,11,13,15,18,20,22,24,320
20,320
13,15,320
12,322
2,323
20,324
11,325
3,325
4,325
11,326
17,326
3,17,326
326
4,326
16,326
22,326
1,326
19,226,326
327
2,327
1,327
8,328
22,328
14,328
20,328
11,328
15,328
15,329
15,330
21,330
1,2,3,4,7,11,12,13,15,16,17,18,19,20,22,23,24,107,153,331
9,331
24,333
8,333
10,333
333
1,2,3,4,5,6,7,8,9,10,11,12,13,14,15,16,17,18,19,20,21,22,23,24,334
334
9,334
9,334
3,335
335
24,335
4,336
5,337
19,337
7,15,337
15,337
20,337
23,337
5,21,337
17,337
4,337
20,337
11,337
337
24,337
21,338
338
338
5,338
338
8,257,339
340
6,341
4,342
12,342
18,343
11,344
344
10,344
10,344
3,344
19,344
20,344
7,13,344
17,345
22,345
2,7,15,19,345
1,2,3,6,9,10,11,13,14,17,18,19,20,21,22,346
346
10,346
9,347
9,347
2,3,5,9,12,13,14,17,18,19,21,334,347
24,348
5,348
11,349
18,20,22,23,349
2,349
19,349
12,349
16,24,350
12,350
15,20,350
17,351
20,351
9,351
23,351
18,352
352
24,352
15,352
17,353
13,353
5,354
354
23,354
4,15,354
24,354
4,354
12,354
12,354
6,356
10,356
5,356
17,356
1,359
24,359
359
11,359
22,361
5,362
11,362
364
9,364
3,4,5,6,9,14,15,18,19,21,22,364
2,3,11,12,21,364
3,364
12,15,107,364
11,364
9,364
364
7,364
20,364
3,7,366
19,366
13,366
24,366
23,366
13,366
3,366
22,366
7,368
15,368
18,368
368
2,3,5,6,7,8,9,10,12,13,14,18,19,20,21,22,23,368
12,368
4,369
11,370
370
20,370
19,370
10,370
17,370
10,370
17,370
7,370
7,370
22,370
4,11,20,22,370
370
3,371
4,371
6,371
19,371
371
18,371
23,371
6,372
14,372
4,373
10,374
10,374
9,18,21,22,374
20,374
375
7,375
9,375
22,376
10,376
1,4,5,8,9,10,11,12,13,14,15,16,18,19,20,23,334,376
376
2,5,15,22,153,376
2,376
12,376
8,376
5,377
2,377
17,377
8,377
15,377
19,377
13,377
7,378
13,378
6,379
7,379
379
6,379
12,381
383
12,13,15,16,19,383
3,383
1,383
2,4,9,384
9,384
9,385
5,385
18,386
1,11,13,386
16,386
2,387
16,387
9,388
11,388
1,12,19,24,388
10,388
388
21,388
20,388
6,388
20,388
22,388
23,388
22,388
3,388
10,388
22,388
15,16,18,23,388
388
1,388
6,388
3,11,19,388
9,388
20,388
7,388
14,388
5,389
9,389
389
21,389
15,389
17,389
7,389
13,389
12,390
20,391
20,391
5,15,20,391
18,391
391
21,391
13,391
391
24,391
2,391
6,391
14,391
1,392
5,393
17,393
5,394
24,394
9,394
394
8,394
396
397
5,9,19,20,22,23,397
24,398
7,398
5,398
4,399
22,399
399
4,9,11,399
8,399
13,400
22,400
401
1,6,7,401
22,401
13,401
16,402
23,403
2,13,403
3,404
20,404
6,404
404
15,406
16,406
408
17,408
1,408
7,408
8,408
1,408
4,409
20,410
12,217,410
21,410
14,372,411
5,412
17,412
12,413
15,413
13,18,21,24,414
1,414
11,414
9,414
414
22,414
18,414
2,414
17,414
13,417
9,417
20,417
3,13,17,20,417
20,417
6,417
19,417
11,418
6,418
7,418
23,418
20,418
9,418
418
5,418
22,418
8,418
418
15,419
5,419
21,420
420
9,421
10,421
421
421
14,421
23,421
22,422
8,422
5,23,107,422
6,422
422
422
24,422
12,422
24,422
12,422
12,422
6,422
15,422
422
19,422
20,422
5,422
15,422
20,422
17,422
422
24,422
10,15,20,422
423
18,423
1,2,17,21,22,23,424
24,424
1,425
1,425
426
2,426
7,427
11,427
428
2,14,19,20,22,428
6,428
428
24,430
2,430
24,430
18,431
3,4,5,7,10,11,12,13,14,16,17,18,20,24,431
15,23,153,431
10,431
12,197,431
6,208,431
9,432
433
18,433
20,23,41,434
4,434
12,434
18,434
12,434
12,436
17,436
3,437
17,437
12,437
7,12,15,16,20,22,24,437
10,437
437
20,437
438
1,439
9,17,439
1,4,15,17,18,22,439
4,439
2,4,18,440
1,3,7,11,12,13,16,18,19,21,22,23,24,441
9,441
9,441
22,441
14,441
17,441
3,442
9,443
23,444
13,445
7,446
10,14,446
13,14,18,19,447
9,447
8,447
9,450
6,450
450
17,20,24,450
16,450
21,451
13,451
23,452
2,453
19,453
14,454
12,454
1,454
14,455
1,455
23,455
15,455
6,455
10,455
16,455
6,456
457
18,458
459
5,459
15,459
8,459
15,459
4,459
11,460
15,16,20,461
461
9,461
5,7,14,334,461
4,463
12,463
17,464
24,465
1,465
9,466
21,466
6,10,468
18,469
15,469
4,469
18,469
470
14,470
14,470
22,470
4,471
471
6,472
13,472
17,472
17,472
6,472
14,472
16,472
20,473
1,473
4,15,473
2,474
474
475
12,476
23,476
3,478
11,478
13,478
478
478
478
8,478
478
22,478
21,478
11,478
478
16,478
4,11,18,153,478
12,478
2,19,22,478
3,478
478
20,478
7,478
19,478
5,12,14,18,19,20,478
478
5,478
5,479
3,481
5,483
483
484
7,484
5,484
24,484
7,484
5,484
13,63,484
4,484
18,484
9,484
13,485
1,4,5,11,107,485
21,485
9,485
8,485
9,485
3,485
8,485
485
20,485
10,485
13,486
17,486
12,487
3,489
20,489
1,2,3,4,5,6,7,8,9,11,12,13,14,15,16,17,18,19,20,21,22,23,24,334,489
22,490
23,490
4,12,17,491
24,492
21,492
13,492
11,492
492
2,16,153,492
7,17,20,492
492
9,492
2,107,492
16,492
18,492
9,492
11,492
5,11,18,489,492
1,492
14,15,16,376,492
22,492
15,492
9,492
14,492
7,492
11,492
6,492
9,492
493
22,494
3,494
19,495
495
5,495
10,495
9,10,13,17,495
19,495
17,496
21,496
14,496
1,497
22,497
17,497
19,498
6,498
16,498
1,498
11,498
12,498
