0,1
1,2
0,3
0,3,4
0,1,5
2,5
0,1,6
1,5,6
3,6
0,4,6
0,3,4,6,7
4,7
6,7
1,8
5,8
6,8
1,9
6,9
7,9
8,9
1,2,5,7,8,9,10
5,11
11,12
0,7,13
4,13
6,13
7,13
2,5,8,14
5,15
5,14,16
0,1,8,17
2,17
5,17
10,17
5,15,17
0,4,18
1,18
3,18
4,18
5,18
6,18
4,7,8,9,18
8,18
9,18
13,18
1,17,18
0,6,19
5,19
6,19
7,19
8,19
13,19
14,19
16,19
5,20
15,20
17,20
13,18,20
0,21
1,9,21
2,17,21
0,3,21
5,21
4,6,21
7,21
8,21
9,21
13,21
17,21
18,21
19,21
3,22
6,13,23
13,23,24
7,25
1,2,5,6,8,10,11,12,13,15,17,18,19,20,21,23,26
13,27
0,28
7,28
12,29
12,30
24,31
5,32
11,32
12,32
14,32
15,17,20,32
19,32
12,29,32
12,30,32
13,21,33
24,34
31,34
2,35
10,35
1,3,4,5,6,7,8,9,15,17,18,20,21,35
21,35
27,36
32,37
5,38
15,39
9,40
35,41
1,6,8,9,42
6,42
7,42
1,4,6,8,9,18,42
9,42
18,42
6,19,42
21,42
9,40,42
30,43
5,15,17,39,44
3,22,45
13,46
5,13,18,46
8,14,19,46
23,46
27,46
29,46
32,46
24,47
24,31,34,47
34,47
31,34,48
17,49
20,49
6,13,50
23,26,51
13,27,36,52
0,53
4,53
6,18,53
18,53
24,34,54
44,55
29,56
13,19,23,24,31,46,57
23,26,51,57
51,57
7,13,46,58
19,58
23,58
24,58
26,58
31,58
34,58
46,58
23,24,34,47,58
51,58
51,57,58
1,59
5,59
6,59
7,59
8,59
9,40,59
13,59
16,59
5,11,17,32,59
3,6,18,53,59
19,32,59
9,21,59
33,59
1,9,19,42,59
46,59
13,50,59
14,16,60
0,61
1,61
7,42,61
9,61
38,62
0,63
1,63
2,63
5,63
7,63
10,17,63
1,17,18,63
21,63
35,63
42,63
18,64
12,65
32,65
7,28,66
10,67
35,67
42,63,67
51,58,68
24,31,34,47,54,58,69
45,70
40,71
15,72
17,72
0,6,7,28,73
13,73
14,73
16,73
19,73
23,73
26,73
46,73
50,73
51,68,73
57,73
13,58,73
1,19,46,59,73
16,60,73
32,74
37,74
17,75
0,1,5,9,12,17,21,32,37,42,59,63,72,76
16,77
19,77
23,77
26,77
46,77
51,77
57,77
58,77
60,73,77
73,77
49,78
44,79
55,79
13,80
17,18,80
46,80
50,80
59,73,80
73,80
7,25,81
27,82
13,18,20,83
5,38,62,84
18,21,84
27,84
13,46,84
25,85
11,86
12,86
65,86
0,28,66,87
14,88
0,89
3,89
5,89
6,21,89
7,25,85,89
9,89
13,89
15,89
18,89
19,89
20,89
5,21,89
25,89
27,89
40,89
40,42,89
46,89
0,13,50,53,73,89
59,89
71,89
73,89
80,89
82,89
27,82,84,89
36,90
88,91
6,92
53,92
0,61,93
1,93
2,93
4,6,93
7,93
8,93
8,9,93
17,93
3,6,18,93
19,93
20,83,93
21,93
40,93
18,42,93
50,59,93
50,59,93
61,93
63,93
67,93
73,93
89,93
0,94
41,95
19,96
30,96
17,32,96
3,97
21,97
25,81,98
25,81,85,98
1,99
1,3,6,18,22,99
4,99
5,99
6,99
7,19,89,99
13,99
14,99
15,99
16,99
17,99
18,99
20,99
3,22,99
23,99
29,99
30,99
32,96,99
15,39,99
40,99
44,99
45,99
46,99
26,57,99
23,24,26,57,58,99
59,99
7,42,63,99
65,99
72,99
73,99
76,99
77,99
86,99
88,99
89,99
93,99
11,100
12,101
54,102
2,103
3,6,18,21,22,103
8,103
13,103
18,103
21,103
33,103
35,103
59,103
64,103
75,104
3,6,39,44,45,55,97,99,105
44,106
44,55,79,106
79,106
99,106
98,107
31,108
47,108
48,108
1,2,5,8,9,10,14,17,19,35,42,63,103,109
63,109
2,10,110
44,111
7,61,112
25,112
81,112
25,85,112
5,89,112
98,112
107,112
57,58,113
45,114
66,115
14,116
88,116
5,117
8,117
10,117
63,117
1,5,6,8,15,21,42,61,117,118
17,118
5,18,19,20,46,118
32,118
20,49,118
49,78,118
99,118
56,119
11,120
86,99,120
100,120
34,54,121
11,122
5,11,100,122
120,122
21,123
3,7,14,16,19,21,97,99,116,124
17,125
9,40,71,89,126
79,127
66,128
0,63,129
28,129
18,130
6,7,131
7,131
15,131
39,131
40,131
42,131
44,55,79,131
71,131
89,131
93,131
99,131
105,131
21,132
123,132
115,133
21,134
24,135
58,135
7,136
21,136
25,82,84,89,136
81,98,112,136
98,136
107,136
112,136
53,92,137
45,138
45,70,138
9,40,99,138
44,105,139
18,23,99,103,139
44,55,111,139
106,140
89,141
99,141
20,142
11,143
79,144
127,144
16,19,58,60,73,77,135,145
32,145
77,145
1,8,99,146
99,146
48,147
6,8,18,19,148
21,148
97,148
5,18,149
15,149
17,149
8,21,59,93,103,117,149
10,35,63,117,149
17,72,149
72,76,149
99,141,149
29,150
140,151
43,152
14,153
26,154
145,155
145,156
28,157
66,115,157
115,157
128,157
10,158
110,158
65,159
31,47,48,147,160
108,160
154,161
26,162
51,162
57,162
58,162
68,162
73,162
77,162
5,163
5,32,89,163
145,163
155,163
0,28,129,164
1,93,164
4,164
0,4,7,164
8,9,164
42,164
63,164
73,77,165
145,155,163,165
164,166
7,167
42,167
59,167
109,167
32,168
20,83,169
33,170
11,171
100,171
120,171
122,171
141,172
100,173
122,173
31,174
23,175
24,175
31,48,175
24,34,175
47,175
54,175
58,175
121,175
24,135,175
137,176
45,70,114,138,177
73,99,178
10,179
10,110,179
158,179
11,180
11,12,180
12,65,86,99,159,180
86,120,122,180
122,180
159,180
120,171,180
5,181
15,17,181
32,181
15,72,181
99,181
118,181
125,181
6,9,14,18,19,21,59,61,132,134,182
10,182
17,42,75,93,182
21,89,182
49,182
78,118,182
10,110,182
158,182
0,183
1,183
2,183
5,19,183
7,63,99,164,183
8,183
9,183
10,110,183
11,183
13,183
14,183
15,183
17,183
18,183
19,183
20,183
21,183
32,65,183
33,183
35,183
39,183
40,183
41,183
42,183
44,183
46,183
17,49,183
50,183
53,183
59,183
63,183
67,183
71,183
72,183
46,73,178,183
76,99,183
78,183
80,183
20,83,183
89,183
93,183
45,99,183
103,183
118,183
131,183
142,183
1,146,183
149,183
20,49,169,183
33,170,183
181,183
182,183
106,140,151,184
0,4,185
1,185
2,185
3,45,185
3,5,59,84,89,145,156,163,185
6,185
7,185
8,185
9,185
10,63,185
11,86,185
13,82,89,185
14,185
15,185
17,185
18,185
19,185
20,185
21,185
22,185
32,145,185
33,183,185
35,185
40,185
42,185
44,99,111,139,185
45,185
49,185
59,185
61,185
63,185
18,33,35,64,103,185
10,35,67,183,185
71,185
73,185
75,185
16,77,185
78,183,185
84,185
88,91,185
89,185
92,185
93,185
29,99,185
103,185
75,104,185
105,185
88,116,185
63,117,185
118,185
3,45,103,124,138,185
105,131,185
149,185
153,185
158,185
163,185
7,93,164,185
170,185
181,185
78,182,185
183,185
55,106,140,151,184,186
31,187
31,47,58,108,187
41,188
41,95,188
29,32,189
99,189
150,189
148,190
115,191
0,192
1,192
2,192
3,192
6,19,192
7,192
8,192
9,192
13,192
16,192
17,192
18,192
19,192
21,192
40,192
42,192
59,192
61,192
0,63,192
72,192
76,192
83,192
89,192
93,192
99,192
117,192
149,192
183,192
21,185,192
71,193
11,12,30,86,120,185,194
102,195
31,196
34,196
47,196
175,196
7,197
112,197
112,198
7,13,21,25,27,46,81,85,89,98,107,112,136,197,198
47,199
13,200
35,200
103,200
107,201
3,202
18,202
40,42,93,99,202
42,202
71,202
3,18,21,45,84,89,99,114,124,185,202
27,82,89,202
103,202
149,202
149,192,202
0,13,203
1,203
3,203
5,203
7,203
9,18,203
11,203
14,203
15,39,203
17,203
18,203
19,203
21,203
23,203
28,203
32,203
46,183,203
61,203
63,203
66,203
72,203
74,203
76,203
77,203
88,203
89,203
91,203
93,203
99,203
115,157,203
116,203
117,203
118,203
125,203
66,128,157,203
129,203
133,203
145,203
149,203
153,203
156,203
28,66,115,128,157,191,203
32,145,163,165,203
164,203
165,203
181,203
183,203
185,203
192,203
202,203
20,204
83,204
6,59,205
18,53,205
92,205
42,131,205
198,206
34,54,58,196,207
54,207
121,175,207
88,208
119,209
105,210
14,211
88,99,203,208,211
99,211
208,211
33,103,212
200,212
57,213
77,213
162,213
203,213
128,214
57,215
58,215
113,215
40,216
33,217
59,217
170,217
99,218
146,218
183,218
119,219
15,220
32,220
72,220
88,220
91,220
149,220
203,220
18,84,221
93,221
130,221
74,222
218,223
11,224
219,225
48,147,160,226
110,227
10,15,17,20,21,35,39,42,63,67,71,93,99,105,117,131,142,183,185,192,228
6,15,39,40,73,83,99,131,183,185,205,220,228
218,228
140,229
98,230
102,195,231
82,89,232
12,30,233
85,234
3,235
45,235
45,114,235
80,236
3,89,202,236
161,237
92,238
79,239
150,240
150,240,241
11,242
32,242
65,242
86,242
100,242
11,86,120,242
11,120,122,173,180,242
0,11,32,65,86,159,180,185,192,203,224,242
171,242
180,242
0,129,243
9,243
10,243
14,243
16,243
17,243
18,243
19,243
20,243
40,243
49,78,118,182,243
59,243
73,243
78,243
80,243
93,203,243
99,243
44,53,92,105,185,205,210,243
10,110,243
118,243
131,243
142,243
158,243
158,182,243
183,243
185,243
192,243
118,203,243
210,243
40,244
183,244
80,236,245
33,246
170,246
58,247
77,247
183,248
83,183,204,218,248
107,201,249
77,145,156,165,203,250
156,250
203,250
32,168,251
154,252
5,99,117,183,253
9,21,253
97,253
89,254
99,254
141,254
172,254
125,255
11,256
12,256
30,256
43,256
65,256
122,256
152,256
11,12,171,180,242,256
12,30,96,180,242,256
20,169,183,257
0,258
5,258
7,40,59,80,185,243,258
10,258
1,63,258
89,258
164,258
15,71,124,185,258
5,13,16,18,32,59,77,163,259
217,259
0,3,185,260
3,18,99,203,260
22,260
24,260
29,40,99,260
31,260
32,260
24,34,54,121,207,260
46,260
47,199,260
48,260
50,260
51,260
58,260
73,260
89,260
93,260
99,260
108,260
135,260
149,260
48,108,160,260
162,260
31,175,260
183,260
185,260
187,260
31,34,47,196,260
202,260
203,260
34,54,196,207,260
247,260
51,77,261
117,262
93,263
0,258,264
1,264
5,264
6,264
8,42,264
13,99,264
17,264
18,264
19,264
17,20,118,264
25,98,136,264
30,264
32,264
5,38,62,264
45,264
49,264
58,135,260,264
59,264
62,264
63,264
68,162,264
71,202,264
73,264
77,264
78,264
18,59,80,264
89,264
8,93,264
99,264
103,264
110,264
118,264
125,264
141,264
142,264
145,156,203,250,264
153,264
145,155,163,264
156,264
0,7,9,28,42,66,87,112,128,157,203,264
158,264
162,213,264
163,264
77,145,165,213,264
172,264
181,264
182,264
183,264
185,264
203,264
221,264
242,264
243,264
250,264
254,264
255,264
256,264
260,264
93,263,264
79,265
127,144,265
144,265
79,239,265
85,266
234,266
103,267
148,268
0,269
7,269
21,269
25,136,269
81,269
25,85,269
89,112,269
98,269
107,269
112,269
136,269
141,269
155,269
197,269
198,206,269
201,269
203,269
264,269
20,270
11,271
23,26,77,154,161,264,272
252,272
24,175,273
31,108,273
34,273
47,273
58,273
93,273
31,47,108,260,273
24,58,175,273
187,273
50,185,260,264,273
33,274
217,274
5,275
23,29,32,99,131,150,183,189,218,260,276
273,277
155,278
4,13,58,279
22,279
40,279
45,279
73,279
89,279
45,138,279
10,183,279
185,279
192,279
202,279
208,280
211,280
0,281
243,281
86,282
194,282
3,18,103,267,283
64,283
67,283
3,5,9,17,18,103,212,283
117,185,283
53,284
92,285
30,286
244,287
202,288
86,99,194,282,289
99,289
58,86,99,194,282,289
36,290
36,52,290
90,290
55,291
235,292
226,293
28,87,294
87,294
20,295
50,296
16,297
257,298
60,299
110,300
20,301
183,301
295,301
63,302
117,302
192,302
90,303
141,172,254,264,304
3,305
5,305
12,305
13,305
14,305
17,305
18,192,305
19,305
23,73,305
24,305
26,51,305
17,29,32,150,305
31,305
32,305
34,305
21,35,305
40,305
42,305
45,305
46,89,305
24,47,305
51,305
56,305
57,162,213,305
58,305
59,305
63,203,305
64,305
70,305
72,305
73,305
77,305
88,305
42,89,305
99,146,211,218,228,305
103,305
113,305
116,305
125,305
70,138,305
17,149,305
150,305
162,305
58,175,305
177,305
181,305
183,305
15,40,46,89,117,183,185,192,243,305
189,305
18,192,305
196,305
200,305
192,202,305
203,305
212,305
213,305
13,58,80,215,264,305
220,305
240,305
243,305
255,305
260,305
185,279,305
288,305
54,306
102,306
7,307
9,307
42,307
63,307
89,307
93,307
99,307
112,197,307
10,18,20,32,89,99,117,146,158,183,192,203,218,276,307
192,307
125,203,220,307
262,307
302,307
108,308
31,48,108,160,226,260,309
70,310
70,138,310
305,310
102,311
284,312
127,313
34,314
54,314
121,314
76,99,315
99,315
201,316
201,249,316
180,317
237,318
115,319
157,319
191,319
47,320
199,320
106,321
107,112,322
31,323
47,323
48,323
58,323
108,323
260,323
31,260,273,323
180,324
261,325
166,326
193,327
79,328
41,329
41,95,188,329
41,188,329
141,330
18,331
64,331
150,332
240,241,305,332
305,332
4,6,164,333
166,333
166,326,333
43,152,256,334
32,37,335
17,336
35,336
305,336
74,222,337
73,338
94,339
8,340
9,340
223,341
5,14,17,20,39,99,185,253,342
11,271,342
86,342
100,342
173,342
224,342
282,342
86,99,289,342
162,213,343
12,32,256,344
29,344
32,203,344
46,344
168,344
171,242,344
242,344
86,282,289,345
44,346
55,346
79,239,346
99,315,346
106,346
139,346
136,347
122,348
247,349
44,350
105,131,350
131,350
5,351
264,351
264,352
32,353
155,353
163,353
264,353
278,353
46,71,80,89,264,354
89,354
100,168,171,344,354
14,355
32,355
60,73,355
25,356
156,357
17,358
336,358
121,359
332,360
10,361
110,361
17,42,59,63,131,150,305,362
67,362
93,362
183,362
221,362
52,363
290,363
146,364
142,183,364
64,365
103,365
201,249,316,366
150,367
240,367
241,367
332,367
150,332,360,367
37,368
74,368
110,300,369
12,101,180,233,370
46,370
12,101,370
125,370
12,29,56,119,150,305,344,367,370
128,371
214,371
94,372
108,373
260,373
273,373
323,373
9,374
14,374
23,374
26,374
40,374
3,45,114,374
58,374
1,6,59,374
73,374
5,8,9,89,93,117,203,305,374
183,374
185,374
9,243,374
279,374
211,375
0,21,376
82,376
89,376
110,377
227,377
190,378
54,102,379
0,380
2,380
5,264,351,380
6,92,137,176,380
7,380
8,380
10,380
14,380
17,125,380
18,380
19,380
21,380
23,380
32,183,380
9,40,93,243,380
42,380
49,380
59,380
63,380
17,18,72,76,380
73,380
77,380
78,380
80,380
50,93,380
99,380
110,380
117,380
118,380
158,380
175,380
1,73,77,178,185,264,380
179,380
17,21,181,203,380
182,380
183,380
42,185,380
192,380
63,117,203,380
210,380
217,380
243,380
262,380
71,126,183,185,264,380
192,302,380
307,380
374,380
46,381
220,382
11,383
224,383
224,342,383
20,384
73,89,384
183,384
295,384
301,384
99,385
138,385
150,385
189,385
305,385
5,386
155,386
163,386
185,386
278,353,386
353,386
327,387
48,388
189,389
285,390
0,391
7,391
9,391
10,391
20,391
49,391
72,391
78,391
110,391
142,391
158,179,380,391
9,182,391
192,391
203,391
10,35,63,105,109,179,183,185,210,243,380,391
218,391
142,183,218,228,243,391
20,44,49,105,192,210,243,380,391
141,254,269,391
300,391
192,380,391
41,392
95,392
188,392
329,392
57,162,393
3,7,25,89,98,185,394
72,76,149,181,183,248,380,394
110,394
142,394
183,394
203,394
218,248,394
110,227,394
218,228,394
260,394
300,394
110,300,369,391,394
377,394
391,394
26,59,374,395
150,396
332,396
360,396
367,396
0,53,397
282,398
3,399
6,399
21,399
3,21,89,97,124,148,185,253,399
148,399
190,399
1,5,21,63,253,399
378,399
79,400
127,400
144,400
239,400
265,400
346,401
24,46,48,58,135,175,260,388,402
263,403
202,288,305,404
38,405
62,405
264,405
145,156,264,406
48,407
160,407
82,376,408
5,15,20,21,39,72,110,158,183,227,300,394,409
293,410
195,231,411
157,412
14,413
144,414
108,415
260,323,373,416
152,417
281,418
21,110,182,227,419
361,419
134,420
157,421
412,421
0,94,339,372,422
11,423
63,423
202,423
76,203,423
87,424
40,425
216,425
192,426
155,386,427
247,428
140,229,429
3,430
5,117,192,431
99,117,262,307,380,431
89,112,302,307,431
307,431
261,432
325,432
79,265,433
93,263,403,434
33,103,435
13,50,436
50,436
80,436
264,436
50,59,80,296,436
409,437
110,179,380,438
300,438
369,394,438
391,438
394,438
306,439
367,440
357,441
1,442
4,99,442
5,442
7,23,145,155,163,203,442
9,442
10,442
13,442
17,305,442
19,442
21,442
34,47,442
49,442
50,442
58,442
59,442
61,442
89,442
93,442
103,442
110,442
131,442
158,442
164,442
182,380,442
183,442
192,442
243,442
0,7,28,33,42,63,73,89,129,167,183,203,207,260,442
264,442
24,273,442
351,442
380,442
391,442
110,419,442
27,36,82,232,443
160,260,444
309,444
253,445
82,446
408,446
367,447
295,448
5,163,386,449
11,342,449
30,286,449
65,449
73,449
86,449
100,449
120,449
122,449
32,65,159,242,449
171,449
173,449
159,180,256,449
224,449
242,449
255,449
256,264,449
289,449
32,40,305,449
342,449
383,449
40,450
71,450
89,202,260,450
99,450
126,450
193,327,450
202,450
264,450
327,450
387,450
54,451
54,452
15,453
17,453
20,453
49,453
72,453
73,453
29,32,99,181,453
72,110,142,227,369,391,394,438,453
183,453
264,453
295,453
301,453
358,453
192,243,454
2,455
4,455
5,455
0,4,7,13,164,197,198,258,269,376,380,455
15,455
21,455
1,9,42,380,455
63,455
93,455
112,455
117,455
164,455
185,455
197,455
198,455
73,125,203,264,370,455
206,455
269,455
307,380,455
333,455
203,394,455
273,456
284,457
312,457
17,458
380,458
150,305,459
188,460
4,13,455,461
15,461
72,181,461
98,112,461
198,461
206,461
453,461
4,164,455,461
337,462
63,463
109,463
0,464
1,2,442,464
7,464
29,464
31,174,464
32,464
34,464
54,175,464
56,464
58,464
61,464
102,464
56,119,209,464
121,464
150,464
175,464
189,389,464
195,464
207,464
209,464
243,464
260,464
264,464
281,464
305,464
102,306,439,464
121,314,464
391,464
418,464
451,464
452,464
345,465
235,292,466
79,467
127,467
144,467
239,467
265,467
400,467
265,433,467
159,468
341,469
217,470
149,471
185,471
0,63,472
53,183,453,472
231,411,473
32,181,242,474
145,264,474
155,474
163,474
353,474
464,474
79,475
106,475
127,265,467,475
127,144,475
239,467,475
265,475
328,475
144,400,475
433,475
79,467,475
10,391,476
110,476
110,300,361,369,394,476
419,476
44,105,346,350,477
92,238,478
79,479
127,239,475,479
344,480
354,480
90,481
303,482
338,483
199,484
278,353,485
184,486
186,486
241,487
240,241,332,367,487
440,487
120,488
189,464,489
46,183,490
381,490
430,491
40,492
93,492
183,492
216,492
279,492
425,492
131,493
205,493
364,494
357,495
14,496
1,110,164,260,442,497
12,497
29,497
5,19,32,56,119,163,386,464,474,497
149,497
181,497
305,497
464,497
142,498
7,499
21,499
107,499
134,420,499
269,499
420,499
403,500
73,501
80,501
155,501
163,501
264,501
89,269,501
278,501
99,243,380,501
427,501
127,502
48,108,260,503
108,160,226,260,293,308,309,407,503
388,503
359,504
90,505
0,3,6,22,28,44,45,67,182,185,192,203,260,302,506
