14.247833648973671
13.099576836026534
11.895339538691013
11.191415153601685
10.769066996823938
10.351185726239079
10.282055077593508
9.37255601791886
9.017995038752353
8.679912098608915
8.670616458250795
8.454059026193152
8.373419152036323
8.312452540084506
8.247399608988877
8.018583064534164
8.004775365756062
7.715846724087217
7.512712534938323
7.25760859775311
7.194229760288691
7.165392260135474
7.135021937721205
6.78232998312526
6.638573842344701
6.584645757418224
6.555863112598461
6.522484477842236
6.494040946684699
6.297848666524205
6.211699303331079
6.164414002968963
5.99999999999999
5.881321060269928
5.853574764404537
5.830951894845292
5.830951894845286
5.718306213363931
5.684973965750561
5.490185390652217
5.477225575051668
5.291502622129184
5.291025413588289
5.239596806959981
5.187632515456846
5.121735952733915
5.084835607056899
5.082533321556662
4.9935712325195265
4.898979485566355
4.898979485566344
4.841519029076573
4.77315037499989
4.740526431181811
4.711479494509721
4.69041575982343
4.677446773707819
4.671834255956921
4.517722918877251
4.477291038992327
4.472135954999574
4.472135954999573
4.472135954999571
4.392788527798528
4.348540199020945
4.320898755414979
4.271558410139713
4.242640687119292
4.242640687119291
4.242640687119287
4.242640687119286
4.242640687119282
4.242640687119279
4.169529921288361
4.130842620671022
4.120728053348133
4.06179480499652
4.008142884685076
3.9999999999999996
3.9999999999999973
3.894652198458056
3.8538774432009535
3.8358915294731064
3.8028144844271554
3.771936137935255
3.7416573867739453
3.7416573867739404
3.710545818198668
3.6207431235860303
3.52190306763176
3.5172827225028644
3.4775598978533115
3.464101615137756
3.4641016151377557
3.4641016151377557
3.4641016151377544
3.4641016151377544
3.4641016151377544
3.4641016151377526
3.4497020500369797
3.4175120476308884
3.405304548094023
3.3090881980577835
3.2458099796228352
3.179698014172652
3.1788912249124515
3.1763119836595575
3.1622776601683857
3.162277660168383
3.162277660168382
3.1622776601683804
3.162277660168378
3.1622776601683773
3.117621265461602
3.09262664546755
3.0700471455515657
3.045474875554781
3.0335392076953966
3.000000000000006
2.9762724359192005
2.95244218217687
2.909589203030662
2.887348805075295
2.859916746369745
2.828427124746197
2.828427124746194
2.828427124746192
2.828427124746191
2.828427124746191
2.8284271247461907
2.8284271247461903
2.828427124746189
2.8284271247461885
2.8284271247461885
2.8284271247461867
2.8248531928481926
2.6492713364791527
2.624498940794207
2.6045654348232605
2.577935474573519
2.57729320204632
2.509039635038817
2.4892101786119416
2.467839198266423
2.4494897427831814
2.4494897427831805
2.4494897427831797
2.449489742783179
2.449489742783179
2.4494897427831788
2.4494897427831783
2.4020517937250805
2.395704714926725
2.326733480204078
2.31200076622475
2.298554609585611
2.2370148648095034
2.2360679774997934
2.233425908009745
2.1941372573606595
2.165354434366161
2.1567039718863716
2.14732541491
2.11859861037675
2.1043076751739536
2.101002989615457
2.0689640336328776
2.0424793181824104
2.0303003898374063
2.000000000000002
2.0000000000000018
2.0000000000000013
2.0000000000000004
2.0000000000000004
2.0000000000000004
2.0000000000000004
2.0000000000000004
2.0000000000000004
2.0000000000000004
2.0
1.9999999999999998
1.9999999999999998
1.9999999999999998
1.9999999999999996
1.9999999999999996
1.999999999999999
1.9999999999999987
1.9999999999999987
1.986579207483426
1.932786195502818
1.931798898071081
1.9181844974364604
1.841627656228796
1.8387100979345468
1.7889352927266595
1.7320508075688779
1.7320508075688776
1.732050807568877
1.7320508075688759
1.7259521730005245
1.6970961453092228
1.6767052572640406
1.6653564563239827
1.6413279925175737
1.5999482409994918
1.5999042130982233
1.5721387865980723
1.560353776765525
1.5182734916986973
1.414213562373096
1.4142135623730956
1.4142135623730956
1.4142135623730954
1.4142135623730954
1.4142135623730951
1.4142135623730951
1.4142135623730951
1.4142135623730951
1.4142135623730951
1.414213562373095
1.414213562373095
1.414213562373095
1.4142135623730945
1.4142135623730943
1.4142135623730943
1.4142135623730943
1.4142135623730943
1.4142135623730943
1.4142135623730943
1.414213562373094
1.414213562373094
1.4142135623730938
1.4142135623730938
1.4109340879808243
1.4080549342422746
1.4029727703153432
1.3777765483089188
1.3694298028183016
1.3652537104981761
1.3630349871771639
1.3630231360913534
1.3423713989855528
1.3243068937239149
1.313424067985899
1.2975151193023964
1.2880706348732234
1.2614790602474464
1.2592801267497649
1.2558041960724022
1.2202186368786963
1.1924841634535006
1.1860351377100542
1.164464562987188
1.1637219122004234
1.1636294948113437
1.1414110125726473
1.115893363003199
1.0398267556037923
1.0000000000000009
1.0000000000000002
0.9999999999999993
0.9999999999999992
0.9999999999999989
0.9399062524271823
0.9388918444200042
0.8977394179582019
0.8539362773388414
0.8229310869386746
0.7304227160966448
0.6924426533179715
0.6813271501602425
0.6426325257294345
0.6370408372913087
0.6245781668728908
0.5917804957164449
0.5567767243751559
0.5102761963196452
0.42885097470124567
6.922398300106412e-15
6.741335947408481e-15
6.378308793315159e-15
5.128056049487735e-15
4.712234139447638e-15
4.434509297233391e-15
4.0730697430101415e-15
3.932651825019579e-15
3.909752482719851e-15
3.778172366327488e-15
3.5479545226904795e-15
3.4432173550274516e-15
3.3577320741321e-15
3.3292858853239896e-15
3.2104687940199244e-15
3.105184710566053e-15
3.0004187826969357e-15
2.9861764963525878e-15
2.9711892415032378e-15
2.8564478114444975e-15
2.815387532256712e-15
2.805511506097867e-15
2.747495611049246e-15
2.718381341984992e-15
2.6855428062487847e-15
2.658818335143175e-15
2.5659832458844284e-15
2.504585563695008e-15
2.493038627610239e-15
2.4140221197522532e-15
2.3642757626891067e-15
2.33668015299028e-15
2.316970956782542e-15
2.2491053468703877e-15
2.1982757972224455e-15
2.1480582726679137e-15
2.094828396853654e-15
2.076877904675617e-15
2.0589129606162085e-15
2.0295826708006386e-15
1.9743036761617518e-15
1.932176312659776e-15
1.9180565602664465e-15
1.90364196002545e-15
1.878552588217969e-15
1.8763612640531773e-15
1.8442966268771145e-15
1.802914387975483e-15
1.7693454148363702e-15
1.7527138431336984e-15
1.7365880898620188e-15
1.7231281394790088e-15
1.7058535898084524e-15
1.6596028261422573e-15
1.6217938694282626e-15
1.6063126791005031e-15
1.5787223824516636e-15
1.5670285675832341e-15
1.5274241070492162e-15
1.5235767660253535e-15
1.4910739902224742e-15
1.4868212644254505e-15
1.448000110156714e-15
1.4367893491254482e-15
1.4086838568664076e-15
1.386898864368464e-15
1.3686171652459667e-15
1.3622757238833555e-15
1.3556583004515096e-15
1.3205323727597115e-15
1.3062492978091347e-15
1.2924730161492145e-15
1.2675762289746264e-15
1.257951242709114e-15
1.2334337911349629e-15
1.217929499418686e-15
1.2121964869877606e-15
1.1934357968797024e-15
1.1843453924303566e-15
1.1650534462921562e-15
1.156469404502332e-15
1.1356398300327954e-15
1.1126046571679169e-15
1.0995819013389457e-15
1.0834090137414178e-15
1.0754732891887693e-15
1.067700355414682e-15
1.0538482690955365e-15
1.0361163632631906e-15
1.0239312250438059e-15
1.0065493195966533e-15
9.990692476809332e-16
9.919597591766407e-16
9.74502611579438e-16
9.73336730569036e-16
9.51097061010025e-16
9.392978293315697e-16
9.271856306745254e-16
9.208199562408662e-16
9.187576657149054e-16
9.072308056966127e-16
8.878436643144697e-16
8.873673602000667e-16
8.826763397003499e-16
8.806296859768267e-16
8.63937010958183e-16
8.511842125973672e-16
8.462995444910587e-16
8.30280003151357e-16
8.255748624472555e-16
8.165547476793268e-16
8.090948306418044e-16
7.892424660567856e-16
7.739031218326293e-16
7.679736378514677e-16
7.543770112939745e-16
7.449681153793185e-16
7.326130733538408e-16
7.262304489205057e-16
7.2051021109964e-16
7.016649199626738e-16
6.900090409521263e-16
6.758644768205139e-16
6.707773394010864e-16
6.654921824631303e-16
6.625056164043076e-16
6.547267178334042e-16
6.383537603302065e-16
6.34303304433647e-16
6.262383856086185e-16
6.23865644893181e-16
6.140058377153748e-16
5.97685838650683e-16
5.943136367211518e-16
5.891194496824683e-16
5.787739286184316e-16
5.727960641788019e-16
5.679305411940723e-16
5.633040153581215e-16
5.592769837013783e-16
5.577109661734029e-16
5.46132865101585e-16
5.352659741384593e-16
5.281531469957379e-16
5.193236934052501e-16
5.149961437823595e-16
4.979865515750341e-16
4.91955036330627e-16
4.796577894271642e-16
4.725592680105733e-16
4.679473659949715e-16
4.646886147816264e-16
4.640472234176397e-16
4.548147483504856e-16
4.51262055336614e-16
4.4335701624619805e-16
4.368560579105119e-16
4.317417926759905e-16
4.285318697973544e-16
4.264948774189354e-16
4.182142267972589e-16
4.1166813309035144e-16
4.0748995978589753e-16
4.038668341994999e-16
4.009186783878306e-16
3.914614792634875e-16
3.845620116925421e-16
3.8413942720892893e-16
3.774818105613192e-16
3.72213191926738e-16
3.6698004885448043e-16
3.585492203713334e-16
3.554669824766708e-16
3.5052200127962114e-16
3.4742099999997165e-16
3.3800441906127496e-16
3.3469049447557127e-16
3.3162207043045563e-16
3.290446854084943e-16
3.2531371393376512e-16
3.239324230326317e-16
3.133841522289376e-16
3.1015599896364353e-16
3.0117359099085275e-16
2.92735999973862e-16
2.876125491117404e-16
2.8254215738859214e-16
2.8171419293738115e-16
2.771781077287681e-16
2.7549214004176977e-16
2.7189476851146887e-16
2.656326800395475e-16
2.597210697251653e-16
2.5859585167171524e-16
2.5538837895470885e-16
2.544726141873432e-16
2.475819863183624e-16
2.472087884307834e-16
2.420191555016834e-16
2.3697669821481123e-16
2.3464773302695493e-16
2.322660118822167e-16
2.3058511984755106e-16
2.267650892312407e-16
2.2553429311655175e-16
2.234734939535179e-16
2.1842595825593343e-16
2.1262334697237453e-16
2.0548751044700083e-16
2.019920081489673e-16
2.018096850436727e-16
1.9977698186175622e-16
1.9427194578314849e-16
1.939298532418411e-16
1.9295051693547555e-16
1.8785503901512995e-16
1.8606701823427607e-16
1.80176949877493e-16
1.7810604249238256e-16
1.7216615420540407e-16
1.7027365803397468e-16
1.6839309491174741e-16
1.6553303309856847e-16
1.6388877982025662e-16
1.619767278484484e-16
1.6039663191747934e-16
1.5830850737975465e-16
1.5127910292798744e-16
1.4569851425802978e-16
1.4523434387513895e-16
1.4277720354813696e-16
1.4119288741596652e-16
1.3929576000406524e-16
1.3494333938549125e-16
1.3217034588704095e-16
1.31207152944813e-16
1.267342006901684e-16
1.2357614322745127e-16
1.1941409938895015e-16
1.1673557996931845e-16
1.1607494152222446e-16
1.13228690101237e-16
1.1208961134198297e-16
1.1075450624113396e-16
1.0775839838866891e-16
1.0547085555446213e-16
1.011897563787516e-16
9.872451863797007e-17
9.481269906230614e-17
9.362924040815695e-17
9.147815782420246e-17
8.861448726474274e-17
8.650497622201719e-17
8.489998896653768e-17
8.31856654987977e-17
8.160419327171654e-17
7.854159070453623e-17
7.629845139315806e-17
7.22952818934017e-17
6.93218689614707e-17
6.854701824652264e-17
6.667704454643056e-17
6.580008615115124e-17
6.218085149786826e-17
6.0882147541816e-17
5.9595101483425e-17
5.802751642403793e-17
5.645889173766929e-17
5.599307386632718e-17
5.439637769802942e-17
5.200115939000242e-17
5.1475496223744654e-17
5.1008906375531814e-17
4.67943677248e-17
4.5963990528758675e-17
4.1775412569927267e-17
4.101410003024707e-17
3.9015026576497e-17
3.870479749665924e-17
3.833970220780338e-17
3.6145227263706825e-17
3.328125113111951e-17
3.180697804902897e-17
2.862745510988949e-17
2.800945662893666e-17
2.6152334163029943e-17
2.423996745330279e-17
2.2968790297285917e-17
2.095804781489967e-17
1.9925990269784044e-17
1.8361015548808963e-17
1.445369385556441e-17
1.3419726802100357e-17
1.1768467176964422e-17
1.1415021850902571e-17
9.622357809466844e-18
7.962782142641271e-18
6.755545074083822e-18
5.1813511154479046e-18
2.785503899263948e-18
2.2799171516074082e-18
4.313651064933376e-19
1.2893140540026216e-19
