63.100482513070645
60.96570114851408
51.233811703958
50.4323247020673
47.675740526139855
47.10012101803516
45.5065089684849
41.04479988231468
40.1267561392433
39.864910709334424
39.349093307377224
38.51380564419562
37.174160487246354
36.447117697730974
35.879444161246454
35.63854147883973
35.498729049447796
35.361603613618264
35.31611213845251
34.785691369979546
33.582166582808966
33.33591447273973
33.20143937706359
32.66833319350037
31.93379198325801
31.591991706575193
31.173111281779715
31.007220588064456
30.369522081274702
30.095586791315657
29.723101767535436
29.5208989160758
28.841285646608227
28.73450452400143
28.261027299743965
28.20877186911113
28.093814932006232
27.986413511146424
27.85585164607651
27.76906355653549
27.74763442492075
27.572562469603753
27.235162556768024
27.051458419983486
26.855696401362565
26.190030607540937
26.11575679830807
26.01286505008235
25.923030808647205
25.616123203316373
25.493232489126736
25.414453655548627
24.970905165318563
24.87796798374702
24.84022307911944
24.543894756390713
24.490535814982927
24.29681577333761
24.242270748501323
24.17902247018374
24.159613401848492
24.089616314558764
23.85629698805081
23.818232278031765
23.73518220366873
23.63164248666312
23.626867769770637
23.581710065833438
23.478195042910055
23.351996055649906
23.275665990125198
23.131975060628918
23.074309454789965
23.049961802034268
22.97575868157742
22.896008438453915
22.797861870774913
22.57830996610805
22.424093184250964
22.30311176144349
22.18624445051852
22.166148109833497
22.15741012012521
22.091768300072122
22.02157612886655
21.76466378024542
21.75231857274836
21.708795765265897
21.658647417166236
21.576609033897878
21.4665671787548
21.3628190953141
21.192217362224774
20.99596049219793
20.944799235526162
20.719657037880093
20.699294995892057
20.64240527093835
20.628277005744337
20.588965174652042
20.40382153223291
20.373889560920755
20.29363250603918
20.25061157333747
19.954106117401388
19.930085510918254
19.883158163281507
19.85424415763307
19.826227718588967
19.806875166908693
19.79429126376185
19.750424269382926
19.68859694861273
19.63939324692219
19.589680987774013
19.554717814579263
19.488312635608047
19.382503734979498
19.202999993501766
19.14950906921642
19.08800956422939
19.026128030564205
18.992368921772158
18.946855634325587
18.897882019754448
18.80187242188909
18.76002095563681
18.745534652374484
18.703226733119024
18.673397966286487
18.66116762320992
18.62800149788799
18.600035159062266
18.55702674543808
18.367472689403307
18.326913768669286
18.182982587416024
18.161154135849944
18.142515185191346
18.1112387801944
18.018346256160374
17.9851002356775
17.917955485114355
17.888888076353197
17.797571770599284
17.78862645828694
17.737147535287928
17.656890997348338
17.60380676171952
17.554954736815823
17.537695963106042
17.492805186245636
17.444629819446483
17.431363082677237
17.41796115442994
17.40693636732668
17.358651758837308
17.349070399464278
17.1994587293981
17.17292896399768
17.140162929274357
17.12674966044843
17.11016966182827
17.07094640028497
17.00484376145835
16.994080718425458
16.941510674414907
16.920730639836364
16.912107248864388
16.86408151782962
16.86121215293435
16.808227168133687
16.76520722991537
16.751087506963035
16.73323461129196
16.640430187803563
16.63847437892041
16.603232285008307
16.551104682216494
16.545398856093367
16.521020612724836
16.468951696930684
16.445079117006614
16.395607842191758
16.375723224244783
16.36783001580142
16.35811716074841
16.351768240541592
16.340829129303504
16.30609827656665
16.27836741164639
16.260668908796745
16.207019928939435
16.135640912762444
16.044489000032744
16.01715642774414
15.985156303937734
15.910996065466803
15.825646687048733
15.772338990747848
15.763535707836025
15.727285950704609
15.721491677222515
15.66025347127474
15.619676624040784
15.615238665615355
15.566586385037624
15.554064829652212
15.516464579901934
15.485641187689621
15.476761429897065
15.425614431028466
15.410485860993058
15.39384348331828
15.370111466583268
15.354792222756563
15.349680351608802
15.332050897923592
15.312918431165052
15.276342703316644
15.26868001674335
15.247605159883516
15.229871200844302
15.19265592069554
15.176603538360881
15.169744579852903
15.133275102691721
15.054311844452961
15.024372459424404
15.013279386492698
14.998959829359071
14.957452893957493
14.90942094751951
14.883750680031165
14.869450109215961
14.829426144527943
14.805684362169162
14.780518302421926
14.775998784771893
14.771357481623026
14.735183390612931
14.66973195296968
14.65424450256227
14.629023627568495
14.605084463700878
14.563304442275788
14.539752759338482
14.532089718680526
14.49775473737115
14.453472286040313
14.440294741633084
14.427337628027123
14.392085035215096
14.377085298843701
14.364767838279734
14.326941365761556
14.315577003372477
14.297086164026414
14.279828716629993
14.256344289616651
14.238560343802785
14.218621007022621
14.184324368533778
14.128473434458428
14.102205577361186
14.079844149052915
14.058931211073862
14.034800377090159
14.005397021875808
13.997040736275254
13.989452805470478
13.956496319901984
13.93879032846181
13.92996985507824
13.915133392267705
13.898907135500448
13.855020343521785
13.84032729606156
13.833521927513866
13.817035765652628
13.810498620643482
13.785223977785892
13.781441937934643
13.76047781089976
13.739674801168972
13.71739465039839
13.635805497998339
13.62413569899968
13.610561775629984
13.599594988735388
13.581993038847148
13.56921868843601
13.558996521058607
13.552371374212411
13.532296552041618
13.519688170379986
13.511418475287064
13.497886874069556
13.488194992629548
13.482154213518314
13.474821514168413
13.448920500607239
13.434633386680215
13.423144521455871
13.405658093329134
13.380168645399047
13.351613477565486
13.331812932786502
13.301495911847999
13.294075161261725
13.278658133039842
13.256368575442274
13.24128632446985
13.233634820555313
13.226854603049462
13.186526100158202
13.175982445474727
13.155743148081092
13.150245960146854
13.128523525135147
13.115332498204884
13.101116569305336
13.081361160478382
13.076028507772497
13.064444463921845
13.013710855316692
13.00687198459781
12.981705284270175
12.96201066809737
12.957249192328971
12.944831735788743
12.936153617255265
12.927223149850004
12.903585700444557
12.892713351528325
12.869068661015298
12.858250460551018
12.843417671775672
12.832075308155822
12.823641538679205
12.816453655761462
12.804672072736826
12.792490643236796
12.762743475381733
12.758402263048444
12.752312325099448
12.734243887930251
12.712430761118465
12.682148138804624
12.663378945614605
12.6557821920124
12.64992999781652
12.63865326329836
12.629113174977189
12.622975603549289
12.610654890098848
12.591895861776948
12.572424672711314
12.567707073875049
12.549303639002485
12.541401740830196
12.537920403941367
12.53086568984968
12.527946460616327
12.521280264471988
12.509826532774843
12.496873001798887
12.48992286008172
12.486355871380068
12.480764846813022
12.470141607212568
12.458891577567538
12.451618693678741
12.44326988412376
12.43045000856968
12.422908413991152
12.417327112506856
12.409718625942013
12.40287885329522
12.391568936532682
12.36775452648429
12.349781746579332
12.34298980330743
12.3195171618888
12.30855567542446
12.287625791156836
12.270093416551548
12.258980613381587
12.249801461877036
12.214670900121357
12.206555615733715
12.201587817274712
12.181348668485116
12.175162621376113
12.173854923921112
12.159589909251686
12.152295600002253
12.148651169133505
12.13029652178896
12.115119669717618
12.102814021176489
12.089184557995283
12.07497569724704
12.065820789406436
12.054957497440858
12.047405979382102
12.043410669145567
12.039433265481897
12.022753104934935
12.021371770898545
12.007112595122162
11.992091291792327
11.982779298992188
11.975466844835255
11.968995973864573
11.966801714226504
11.948207692549857
11.936759156234803
11.926251573626361
11.920288054914684
11.905903579278748
11.892690792106638
11.886132252750986
11.880232079272496
11.877645246194266
11.87253635420124
11.85997146324361
11.856488711215043
11.854857010881862
11.817241885476415
11.808259516844673
11.791570010200779
11.78188292035598
11.76109400269867
11.749523141523166
11.729059407058674
11.715657127679451
11.70438601354715
11.695436550269784
11.683422978130386
11.67490644044477
11.667251005134503
11.65669032628386
11.636127417566984
11.630860268403001
11.62478914734277
11.619976989558925
11.586566244517758
11.562558159871315
11.558153884249004
11.550090608463146
11.545698915922582
11.541246758553813
11.529161561980464
11.523011378672443
11.517455144806583
11.51379691506133
11.491952301377923
11.48404405570356
11.477496252050837
11.468433723845807
11.457197671714784
11.445691656697068
11.442714217881328
11.435183332280635
11.418957957929557
11.408375456310244
11.38857186829006
11.370873950539124
11.3689963436377
11.362821482943108
11.353212523134461
11.343136736782235
11.330977614068354
11.328432555715251
11.315127589792615
11.296134879946562
11.290803343470767
11.288098949378696
11.27717944132058
11.271577039495943
11.258518095592516
11.255830219586146
11.250766305933173
11.235212162079767
11.211430724332107
11.201215793709775
11.192032740006333
11.158867097778247
11.153698220400278
11.142606912311122
11.14153304588422
11.132405270086872
11.126164049670011
11.117538119631568
11.10460111580841
11.084373012816489
11.0794520904465
11.06611242212856
11.05597584104776
11.052842995823614
11.047862506305194
11.025071630209768
11.021861683053281
10.999132097325212
10.990979163644372
10.977728659146603
10.962927506411921
10.960413678544818
10.953859733777973
10.940864381280434
10.931006573181122
10.927447804458895
10.919593816517615
10.908260415022024
10.901808316083622
10.90066412031531
10.888776347255428
10.883218097549701
10.878531986463399
10.868456087483771
10.852429043694793
10.848558594891928
10.841504300155636
10.82877186161533
10.820425429274263
10.815954433628756
10.808482405120232
10.804277235992352
10.797723549032483
10.795347176516193
10.788333402588723
10.780788396817192
10.754610723369256
10.742038560974658
10.735812694528146
10.721652641007578
10.703945795968094
10.69655366860661
10.67837827838662
10.67544502230991
10.66772085396026
10.657034070220725
10.651454382039054
10.639381152529253
10.62295700038673
10.615385583919455
10.593935849787993
10.579441061243404
10.574548809729778
10.561600834861206
10.540143954747997
10.539061101957532
10.528907964781023
10.524710831557396
10.514597394296253
10.50680248740382
10.504056809686373
10.488713333474532
10.487859255663247
10.470852998907713
10.461281635172142
10.457960348602445
10.447825884057165
10.439774169871304
10.43164001678489
10.424516301684006
10.417593525881728
10.411420476894259
10.403813919376104
10.374385200862621
10.368347946520673
10.348058382175756
10.341946395002216
10.338583246159015
10.333429322429042
10.328051492247623
10.318845674775504
10.31314304992037
10.303332818800845
10.297528074897501
10.289813853405972
10.285370559050197
10.27892080572281
10.275093069812332
10.271563245065161
10.263146898590753
10.25854027278577
10.248229848225309
10.245433658699666
10.23782807600591
10.232031150243103
10.228422600431102
10.225441440752128
10.215796865956117
10.213359451310582
10.208065101315286
10.196416048804045
10.192645349614514
10.177643111942311
10.170879728143094
10.170832751193826
10.159799751297935
10.123387043719308
10.118938277231328
10.110978517628034
10.108399501999752
10.103230009215677
10.09973304849569
10.087284665688903
10.083729978350506
10.073339751399914
10.067113022360806
10.059688498926329
10.046500985678435
10.037832984379206
10.028430179654555
10.026051712049364
10.015816988400214
10.007552403553973
10.004344559554692
9.991131457799916
9.98592202181019
9.980742870108331
9.970628814212652
9.95301771059662
9.950593514951446
9.94324548550506
9.940039250844901
9.930832665389131
9.928322137158705
9.921895851028179
9.916873874735042
9.904412382983832
9.90154832697144
9.89302763958697
9.88426594492345
9.877381992932632
9.868186079229984
9.863651695075477
9.860218526418958
9.854466783638268
9.84097233158629
9.839970186984432
9.83672469782642
9.834163662710637
9.824824832028225
9.817475424400975
9.81017162304106
9.80387021485196
9.793817269925874
9.788638928834926
9.781115003063066
9.775097931310002
9.770309133375642
9.753838045740173
9.747446925142754
9.736280863866718
9.734243519364146
9.720550897067756
9.716650746185136
9.70561468920581
9.694679002347906
9.687862998999872
9.68056282923447
9.674929836359997
9.66450182466481
9.659816740367438
9.653613537425919
9.647531165260762
9.641711097580401
9.6294401132499
9.615741937876072
9.611658346951398
9.59994507263351
9.595639900439808
9.592142546171148
9.58620566068195
9.58155238232923
9.580198381476256
9.569108365719053
9.56600184012175
9.561120826888889
9.558728731318126
9.55217271201771
9.538031351219212
9.533264568633236
9.529950409255695
9.5224772329759
9.517194073841624
9.511175885507694
9.500382922707065
9.491924677814056
9.484885966609761
9.47956882232616
9.477268498454867
9.474065881998463
9.45187704486045
9.443903403226896
9.441185040918644
9.43633753915337
9.42694580267402
9.421884451451515
9.419253082253535
9.403373909103957
9.395541684000003
9.38622561167677
9.385191633397282
9.380713917039648
9.376303657043598
9.375007320747981
9.369858268883583
9.365969255345338
9.362127472616498
9.357769794729833
9.352746824931733
9.347387822565782
9.345453783350948
9.342713735290834
9.334637468348532
9.333081177210348
9.328863246997562
9.321635956745444
9.316740818408263
9.314102565446367
9.30151489403909
9.299070094264108
9.28977772472609
9.283927629952592
9.280879388494958
9.273929798632425
9.270336219387405
9.264353110397678
9.261653828800267
9.260373245110943
9.251091801830821
9.247014325635826
9.246061578034745
9.236702974531607
9.229061236958147
9.224833726136554
9.216803479563357
9.209809207878864
9.20388844253088
9.199879011155545
9.195164459385534
9.193173816556142
9.191858006789486
9.186855604014728
9.179146448882808
9.176735973627338
9.163301228434122
9.150291300752649
9.146062308656042
9.139616855555095
9.13797343863298
9.130470163907816
9.126082063469571
9.111064187954634
9.105611110716069
9.10081650383031
9.09841653006007
9.094102303260671
9.076503852770454
9.074691775072917
9.06030078654923
9.0576754861465
9.050092319401022
9.048229832239718
9.04133701487714
9.038762399321486
9.03556143660918
9.030741597126505
9.027377510216128
9.026127265636077
9.0217542734985
9.019518922240067
9.01821852982167
9.009819057324806
9.005616538317764
8.997285210545831
8.991386076786709
8.990718288856632
8.982670684066887
8.971522835175914
8.967182863967569
8.961491133028217
8.957566471080376
8.953103241762303
8.946317920669399
8.939743567648513
8.936995904984597
8.934435489275877
8.931303831741868
8.928056955785783
8.913639118101173
8.91027262615757
8.90218833743441
8.898666117411402
8.895710775358019
8.893374614293464
8.886364909031997
8.882734264053484
8.877053394692457
8.869928547595016
8.862002964057535
8.860094085807745
8.851024824526654
8.844264805899167
8.837855509659644
8.83516048324176
8.829111708874647
8.818776302318867
8.815743883901353
8.808941722689491
8.806053604395084
8.795210823017666
8.791539349034718
8.786594842161973
8.78604676313169
8.781107392288268
8.777559864314446
8.772668653916735
8.768049708547082
8.76585559273925
8.762147354799781
8.759293207515814
8.757035516855254
8.753661474586197
8.751073772148771
8.74475036776721
8.73688394059604
8.734524569076557
8.729890448561619
8.724860504499846
8.7232509051362
8.71326406817613
8.70662061859849
8.701957080540566
8.697573426597232
8.691327145844028
8.688071991847142
8.68460438165592
8.680587560024241
8.674742010818756
8.664610838476445
8.65655234745952
8.652946036610766
8.650188843329882
8.645365043548772
8.641758470484863
8.638513430184092
8.632050367763242
8.63109311384613
8.626350121026768
8.623498276695361
8.62093339865324
8.61514844378559
8.61367951124246
8.611753676707789
8.605684898738943
8.599228428953063
8.59360292402619
8.58824686169192
8.580158169475823
8.575307701651624
8.57117573021137
8.568004317849837
8.562392780518435
8.55942778712832
8.553905449062722
8.55268761167
8.551161954314003
8.546747904511927
8.539391010285067
8.538304683138321
8.533494454492528
8.528452277260488
8.524899038745097
8.519743758352062
8.517098917571966
8.515170978481846
8.51260401432643
8.499523389158497
8.498248229665334
8.492902045352205
8.488123771415681
8.481305736153498
8.474362503861432
8.468087092399797
8.461176587364852
8.449995621515455
8.4426303791829
8.436302544818064
8.43359122784258
8.433091396355257
8.426795171294263
8.425385213910248
8.420830994404135
8.418426929615885
8.407266909163477
8.403219130650408
8.400166383600844
8.390551979789604
8.388036321512844
8.383182069841355
8.379878504985987
8.37887161052232
8.373995349588464
8.372484186821287
8.36907805627507
8.366375454726658
8.35965091151737
8.353312637527193
8.347336446792351
8.34464795748166
8.33954627875212
8.335583793564068
8.330692901925367
8.326967047533502
8.320568010523333
8.318809795110003
8.314315815174675
8.307882041827634
8.29936179739182
8.295898065316743
8.290431605574996
8.28245466782675
8.277113330719546
8.263562072466556
8.257783190604421
8.252764140232403
8.244407505490518
8.239996496882547
8.234522805336166
8.232819059942639
8.228356651817132
8.225599700211543
8.2231947088569
8.214903058018143
8.212024803127427
8.2086309186927
8.198887716459389
8.198146884610031
8.192853872800143
8.190388731785886
8.186075900447381
8.174183043522374
8.167363058944915
8.159138590877905
8.154734223174913
8.153712821056828
8.151535140363718
8.145947716988283
8.14185288736831
8.140203265180226
8.135653720166088
8.133294547481865
8.13198124693528
8.129236377234848
8.119278496302424
8.117996083009436
8.114371072296251
8.113366732973649
8.110043727561603
8.10409078648129
8.100919685448805
8.09839866656886
8.091768626503798
8.086366783043944
8.085410983213404
8.07677131296694
8.0726305736521
8.068219396129516
8.06139858049759
8.055120921199913
8.054404889361901
8.0515163095741
8.047274801026182
8.044230598194563
8.036793166511648
8.034751570794667
8.03426858546434
8.030485820192043
8.025830110380603
8.02329102470133
8.022298468699441
8.020943356557824
8.017534556487343
8.015482600052614
8.011199997628864
8.008634291637563
8.005036197990872
8.003534082428759
7.998922439946995
7.996521085063545
7.99314474800176
7.987679097823388
7.9865922224713755
7.980984842322822
