103.2
83.77
78.805
74.012
73.506
65.844
65.453
62.831
62.753
60.235
60.111
59.067
56.516
53.992
53.394
51.971
51.574
50.655
50.217
49.249
48.308
47.745
47.71
46.811
46.112
45.968
45.575
45.464
44.921
44.561
44.236
43.767
43.101
42.543
42.033
41.68
41.102
39.66
39.557
39.102
38.42
38.1
37.812
37.335
37.302
36.857
36.53
36.352
35.864
34.558
34.535
34.384
33.873
33.469
33.391
33.035
32.758
32.695
31.89
31.648
31.529
31.465
31.384
31.078
30.885
30.721
30.691
30.306
29.947
29.865
29.276
29.125
28.855
28.599
28.523
28.459
28.401
28.246
27.822
27.76
27.397
27.361
27.13
27.024
26.719
26.627
26.436
26.323
26.226
26.199
26.173
26.049
25.975
25.614
25.455
25.405
25.29
25.06
24.85
24.513
24.351
24.015
23.985
23.91
23.895
23.826
23.792
23.716
23.683
23.561
23.468
23.076
22.887
22.758
22.661
22.62
22.52
22.414
22.336
22.193
22.162
21.999
21.948
21.892
21.788
21.758
21.645
21.559
21.463
21.426
21.379
21.362
21.28
21.24
21.206
21.185
21.075
21.043
20.903
20.836
20.811
20.749
20.629
20.523
20.501
20.368
20.329
20.211
20.012
19.981
19.901
19.864
19.738
19.69
19.65
19.586
19.531
19.472
19.433
19.396
19.375
19.32
19.284
19.262
19.017
18.908
18.863
18.748
18.724
18.712
18.685
18.579
18.49
18.405
18.371
18.194
18.167
18.13
18.087
18.072
18.047
17.917
17.88
17.827
17.781
17.733
17.701
17.686
17.663
17.527
17.509
17.492
17.378
17.342
17.299
17.255
17.218
17.184
17.158
17.085
16.958
16.945
16.908
16.869
16.79
16.736
16.714
16.672
16.632
16.6
16.557
16.537
16.503
16.436
16.427
16.391
16.323
16.258
16.183
16.064
16.048
15.918
15.871
15.771
15.736
15.68
15.658
15.649
15.61
15.59
15.58
15.572
15.53
15.366
15.324
15.287
15.234
15.223
15.125
15.116
15.071
15.012
14.938
14.875
14.84
14.828
14.796
14.753
14.732
14.634
14.624
14.563
14.538
14.494
14.477
14.448
14.444
14.41
14.396
14.374
14.357
14.32
14.277
14.247
14.215
14.18
14.158
14.139
14.123
14.096
14.089
14.027
14.012
14.01
13.994
13.977
13.965
13.956
13.898
13.813
13.786
13.781
13.756
13.719
13.698
13.619
13.586
13.47
13.452
13.378
13.361
13.267
13.233
13.158
13.146
13.134
13.102
13.074
13.009
12.978
12.959
12.949
12.937
12.926
12.838
12.798
12.744
12.736
12.696
12.681
12.635
12.604
12.584
12.573
12.547
12.542
12.523
12.509
12.437
12.419
12.407
12.386
12.365
12.355
12.339
12.304
12.295
12.287
12.275
12.242
12.176
12.167
12.124
12.106
12.097
12.049
12.018
12.01
11.996
11.985
11.975
11.961
11.938
11.933
11.908
11.906
11.884
11.862
11.858
11.845
11.836
11.788
11.764
11.742
11.714
11.698
11.677
11.628
11.598
11.562
11.486
11.452
11.441
11.418
11.403
11.399
11.369
11.364
11.322
11.305
11.297
11.288
11.241
11.2
11.19
11.169
11.134
11.079
11.043
11.017
10.965
10.949
10.938
10.9
10.895
10.893
10.869
10.848
10.838
10.828
10.807
10.781
10.769
10.762
10.737
10.718
10.702
10.681
10.661
10.634
10.604
10.589
10.565
10.544
10.537
10.437
10.421
10.329
10.288
10.28
10.277
10.252
10.223
10.195
10.186
10.176
10.172
10.141
10.119
10.098
10.089
10.045
10.021
10.001
9.99
9.971
9.9465
9.9061
9.8854
9.8772
9.7746
9.7391
9.7225
9.6749
9.6635
9.6402
9.6098
9.5986
9.5911
9.5691
9.564
9.5513
9.5295
9.5066
9.4714
9.4588
9.4547
9.4423
9.4332
9.4251
9.4228
9.4036
9.3894
9.3853
9.3738
9.3685
9.3582
9.3506
9.3461
9.321
9.3008
9.2898
9.2743
9.2642
9.232
9.2233
9.2076
9.2025
9.1845
9.1791
9.1517
9.1395
9.1321
9.1142
9.1061
9.0886
9.0658
9.0251
9.0118
9
8.9898
8.9746
8.9345
8.9057
8.8791
8.8383
8.8235
8.8106
8.7932
8.7754
8.7661
8.7637
8.7303
8.7275
8.7109
8.7081
8.6837
8.6805
8.6418
8.6392
8.6195
8.5997
8.5933
8.5898
8.583
8.5704
8.5651
8.5586
8.5501
8.5318
8.5195
8.4938
8.4929
8.4779
8.4663
8.4497
8.4465
8.4438
8.4432
8.432
8.4171
8.4015
8.3881
8.3806
8.3789
8.366
8.3586
8.3532
8.3217
8.2959
8.2633
8.2463
8.2325
8.2303
8.2104
8.1724
8.1637
8.1398
8.1257
8.1215
8.1067
8.1004
8.0942
8.0899
8.0569
8.0523
8.0445
7.9964
7.9774
7.9713
7.9636
7.9615
7.9511
7.9344
7.8926
7.8711
7.8657
7.8352
7.8213
7.8081
7.8001
7.7683
7.7612
7.7318
7.7238
7.713
7.698
7.691
7.6405
7.6273
7.6194
7.6125
7.5675
7.5671
7.5452
7.5248
7.5215
7.4837
7.4774
7.4726
7.4675
7.4624
7.4381
7.4323
7.4267
7.4058
7.3885
7.3769
7.3556
7.3537
7.3343
7.3269
7.317
7.3155
7.3141
7.2915
7.287
7.24
7.2225
7.2175
7.2073
7.168
7.1556
7.1458
7.1397
7.126
7.1248
7.1195
7.1149
7.1027
7.0984
7.0927
7.076
7.054
7.0381
7.0325
7.0248
6.9979
6.9785
6.9474
6.943
6.911
6.9069
6.8937
6.8871
6.8859
6.8824
6.879
6.865
6.8431
6.8268
6.8181
6.7943
6.7895
6.781
6.7743
6.7671
6.7665
6.7642
6.7588
6.7516
6.7249
6.6981
6.6919
6.6876
6.6777
6.6657
6.6613
6.6538
6.641
6.6173
6.6088
6.5976
6.5857
6.5644
6.5623
6.5609
6.5551
6.5476
6.546
6.5171
6.503
6.4876
6.4798
6.4716
6.4578
6.4522
6.4485
6.4398
6.415
6.405
6.3816
6.3757
6.3696
6.3646
6.3564
6.3497
6.3439
6.3354
6.3018
6.2912
6.2811
6.264
6.2474
6.2468
6.2434
6.234
6.2215
6.2166
6.2086
6.2017
6.1871
6.1754
6.1719
6.1687
6.128
6.1112
6.0928
6.0635
6.0531
6.0344
6.0273
6.0254
6.0241
6.0232
6.012
5.9848
5.9807
5.9577
5.9482
5.9467
5.9452
5.94
5.9339
5.9241
5.9203
5.9116
5.8932
5.8903
5.8876
5.8741
5.8709
5.8686
5.8642
5.8509
5.8182
5.8082
5.8067
5.8064
5.8022
5.7686
5.7612
5.7478
5.7273
5.7104
5.7094
5.7038
5.6897
5.6465
5.6383
5.6259
5.6212
5.6144
5.6099
5.6084
5.5893
5.5847
5.5816
5.5675
5.5568
5.554
5.542
5.5392
5.5361
5.5257
5.4868
5.4682
5.4677
5.455
5.4474
5.4417
5.4347
5.4307
5.4284
5.4214
5.4211
5.4129
5.3979
5.3903
5.3849
5.3837
5.3812
5.3775
5.3629
5.3527
5.3351
5.3218
5.3106
5.307
5.2966
5.2827
5.2669
5.2593
5.2125
5.1969
5.1882
5.1835
5.1802
5.1664
5.1619
5.1582
5.1565
5.1546
5.1492
5.1429
5.1277
5.1134
5.1054
5.1038
5.0972
5.077
5.066
5.0639
5.0605
5.0595
5.053
5.0522
5.0438
5.0333
5.0288
5.0249
5.015
5.0048
4.9975
4.997
4.9892
4.9832
4.9803
4.9727
4.9721
4.9639
4.9428
4.8965
4.8865
4.8757
4.8707
4.866
4.8628
4.8543
4.8518
4.8103
4.8086
4.8041
4.8032
4.799
4.7932
4.7633
4.7615
4.7576
4.7538
4.749
4.7373
4.7352
4.7179
4.7073
4.6955
4.6928
4.6882
4.6787
4.6717
4.6713
4.6692
4.6585
4.6246
4.6167
4.6143
4.5813
4.5742
4.5736
4.5565
4.5532
4.5515
4.5471
4.5401
4.5039
4.4542
4.447
4.4415
4.4367
4.4198
4.3834
4.3761
4.3641
4.3634
4.3605
4.3512
4.3438
4.3385
4.3218
4.3193
4.3176
4.314
4.313
4.3017
4.3003
4.2956
4.2872
4.2856
4.2819
4.2709
4.2696
4.2655
4.2433
4.2351
4.2295
4.2286
4.2285
4.2278
4.2156
4.1809
4.1689
4.1591
4.1549
4.1445
4.1196
4.1131
4.1102
4.0959
4.0864
4.0762
4.0735
4.0584
4.026
4.0227
4.0071
3.9779
3.977
3.9626
3.9449
3.9403
3.9332
3.9315
3.9234
3.9142
3.8958
3.8733
3.8612
3.8588
3.8508
3.8506
3.845
3.8385
3.838
3.8372
3.7933
3.789
3.7852
3.7826
3.7793
3.7749
3.7656
3.7328
3.7288
3.7216
3.7188
3.7162
3.7074
3.663
3.6583
3.6551
3.6034
3.5991
3.5901
3.5813
3.5784
3.5745
3.565
3.5565
3.5369
3.504
3.458
3.4533
3.4525
3.4514
3.4513
3.444
3.4405
3.439
3.4384
3.4373
3.4351
3.4342
3.4293
3.4256
3.4162
3.4067
3.4061
3.4046
3.4014
3.3997
3.3911
3.3897
3.357
3.3419
3.3368
3.3042
3.3033
3.2992
3.294
3.2927
3.2834
3.2792
3.2729
3.2556
3.2535
3.2158
3.1572
3.156
3.1516
3.1487
