1,9
11,2
3,5,9
3,5
3,8
11,1,12,3,5,7,8
3,4
4,9
5,7
11,5
6,8
1,7
7,9
4,7
5,8
2,8
1,8
8,43
12,8
8,10
9,10
23,9
11,1,2,4,9
2,9
3,10
0,10
12,10
6,10
11,1
11,1
12,20
11,12
11,12
13,17,19
24,13,14
14,15
13,15
15,18
16,7
16,17
16,20
15,16
16,30
22,17
13,17
44,48,17,20,10
18,20
18,41
15,18,19
34,19
24,20
14,20
15,21
35,6,29,40,21
22,21
33,44,22,34,25,48,26,27,29,19,5,6,41,30,32
22,47
22,20
22,23,13,24,14,15,38,16,17,18,19,5,20,31,21
1,23
24,18
24,15
34,25
25,30
25,31
25,26
26,28
27,9
2,28
28,29
36,26,28,29
26,28
34,29
30,32
12,30
36,31
14,31
29,32
33,34,35,27
33,12
33,22
34,6
34,26
34,36
35,30
36,28
36,26,27
45,37
48,38
48,38
39,41
39,29
40,43
44,40
18,40
44,40
16,41
47,41
38,41
39,42
46,42
37,42
37,43
32,43
44,43
44,48
45,36,15
45,40
46,39
46,43
46,40
46,47
47,39
33,47
47,42
47,37
44,48
56,49
67,49
55,60,50
57,50,53
56,50
59,51
122,51
56,51
59,49,60,51,53,54
60,52
56,52
55,52
58,53
50,54
130,54
55,60
55,56
56,49,50
44,56
57,49
57,53
58,152
58,59,54
59,53
56,49,60,50
35,61
71,61,65
66,67,61,64
68,62,64
62,41
63,65
62,64
72,64
71,64
2,65
154,65
62,65
66,70,72
66,98
66,69
67,24
67,63
67,68
68,62
69,72
69,71
68,69
69,20
102,70
70,109
47,130,153,136,137,118,70,95,30,32,98,78,35,38,39,0,121,2,6,127,80,81,85,41,21
46,71
67,69,71,62
71,64
67,71
69,72
82,73
73,74
14,73
77,79,80,74
74,75
79,74
80,75
81,75
81,75
79,81,75,76
81,74,76
77,76
77,115
77,83
78,73
78,84
77,79
77,79
79,113,52
127,80
80,41
81,84
81,76
81,82
82,76
16,82
83,73
23,83
77,84
3,84
89,85
85,86
17,86
117,86
95,87
101,87
88,93
88,85
88,86
88,89
89,91
89,96
89,86
89,94
90,41
122,91
90,91
91,92
93,85
94,95
95,86
40,96,151
118,96
88,92,96,86
9,96
89,96
108,97
69,97
103,97
100,98
104,105,98
99,69
99,102
99,100,106
100,101
100,102
101,104
1,155,101,5,137,90,8,91,9,152,10
102,105
102,108
133,103
100,103
99,103
104,108
38,104
105,98
99,105
100,106
146,106
107,108
100,103,105,107
101,107
101,108
14,109
109,141
110,2
22,110
110,109
111,118
111,112,119,109
100,111
112,118
112,118
112,113
112,119
113,117
22,114
110,35,114
114,116
114,120
114,115
115,120
110,115
115,109
112,114,115
116,120
117,19
23,25,47,110,111,112,135,114,115,138,116,117,91,118,119,50,51,30,97,34,36,120,100,109,86
118,119
118,119
114,118
118,119
115,119
117,120
88,120
18,120
132,121
121,130
121,98
121,24
122,130
122,131
123,126
124,128
124,142
124,71
124,90
123,125,127
122,126
155,127
127,128
127,128
24,129
128,129
46,38,29,130,131,132,143,121,122,123,113,125,126,127,128,7,129,119,60,96
35,129
132,130
130,131
123,131
128,131
26,131
132,129
132,111,96
133,115
133,136
134,141
135,142
134,135,138,139
136,131
124,136
0,136,95
3,137
137,139
138,140
139,118
137,140
140,153
139,141
35,142
86,142
143,142
143,140
143,122
143,142
143,139
144,138
144,142
144,125
145,150
145,2
145,146
145,142
145,148,151
146,150
146,148
155,147
154,147
148,84
0,132,149
149,153
147,149
150,151
151,152
154,145,156,147,149,150,152
92,152
145,153
156,153
145,153
154,155
154,109
155,147
155,149,150
155,7
156,13
155,156
156,26
157,17
210,157
165,157
165,157
158,163
158,164
167,158
55,287,79,158,31
46,158
158,163
157,159
159,163
160,161
166,160
36,5,160
168,160
36,161
165,162
157,162
154,211,151,163
188,237,163,153
159,163
158,163
73,164
158,164
167,164
161,164
165,21
166,160
166,159
166,167,168
276,167
0,167
168,159
168,159
168,160
169,170
169,173
170,175
170,175
179,171
176,171
177,171
171,173
190,172
170,172
178,172
52,173
180,173
294,174
171,174
176,179,180,173,175
176,175
178,175
176,180
176,174
176,178,172
177,172
177,179
178,164
178,62
179,85
179,172,174
180,175
276,180
146,181
188,181,183
190,182
192,182
183,185
187,183
184,185
13,184
183,185
188,186
187,191
188,81
188,48
188,184
187,189,192,181,182,183,184
190,192
190,191
190,191,185
190,191
191,184
144,106,191
191,182
191,183
191,192
191,183
192,185
192,183
190,192
199,204,193,194,195,196,197
194,197
203,194
194,195
199,194
194,195
195,98
194,196
195,196
194,197
196,197
198,195
198,195
199,14
200,201,196,197
200,196
199,200
201,147
201,15
201,204,193
198,199,200,201,202,194,197
201,194
202,203
23,202
202,203
203,194
232,203
202,203
275,3,203,30,63
204,194
215,205
212,205
211,213,205
25,206
206,208
148,207
339,208
213,208
48,208
215,209
214,216,206,209
93,209
207,209
210,216
1,211
211,213
211,209
212,206
212,215
213,208
110,213,96
213,205
213,215
212,213,205,209
213,285
213,208
213,209
213,180
214,215,216
214,21
211,215
216,208
214,216
216,207
102,217
221,217
224,218
221,218
224,219
220,217
220,119
221,227
221,219
221,222
78,223
220,223,224,228,218
224,217
222,225,227
225,226
225,227
89,226
77,226
227,218
222,227
225,228
220,221,223,224,225,226,228,217,218,219
222,228
228,217
221,228,218
233,229
235,229
238,239,229,230
232,230
231,56,148,229,93,42
231,237
231,232
233,239
233,17
232,234
232,235
234,235
232,235
233,235
27,236
26,236
231,237
48,238
238,239
12,35,59,240,230,0,231,232,233,235,236,126,105,237,238,239,229,219,83,42
232,240
240,153
243,241
293,241
244,246,241
244,241
242,235
242,247,252
242,42
242,250
243,65
244,252
245,247
246,248
244,246
242,244,246,247
247,152
245,247
248,208
242,243,248,251,241,252
2,249
247,249
242,250
1,250
122,251
251,252
253,260
254,255
89,16,185,132,154,254,167,225,104,228,309,42,31,32,21,54
255,119
253,255
255,256
255,256
256,109
256,258
256,262
178,256
254,257
257,258
258,252
258,261
254,258
111,258
257,259
257,259
257,260
255,261
253,261
82,261
57,58,249,262
20,262
254,263
258,263
257,263
264,9
264,246
264,262
265,268,270
265,266
266,273
266,274
267,15
267,274
276,267
38,270,271,272,273,274,275,265,276,266,268,269,326,43
1,268
265,268
110,268
268,271
269,83
269,273
269,74
267,270,271
267,270
270,274
270,274
270,274
269,271
268,271
276,272,273
271,273
19,274
270,274
269,274
275,268
275,271
275,6
275,267
275,273
275,276
276,273
277,280
277,283
277,281
278,285
277,279
287,279
278,279
277,280
342,322,139,327,281,32
278,282
288,277,278,279,282,283,285
277,282
167,282
25,282
237,82,160,283
278,283
281,284
286,285
284,285
286,283
286,277
286,287
287,278
288,284
288,279
288,68
289,290,291,295
297,300,290,296
297,290
47,290
91,291
292,294
290,292
300,292
293,295
28,293
294,295
290,294
298,295
299,295
144,37,309,295
295,296
149,295
293,296
299,296
297,290
297,292
298,299,289,292,295
298,26
299,294
299,290
299,26
300,293
300,293
301,302
301,15
312,301,302,305,306,307,308
302,303
137,303
303,304
347,304
304,305
232,305
302,306
45,306
311,306
306,308
303,307
307,308
307,309
307,308
6,309
312,309
306,309
301,309
306,309
310,309
310,305
66,34,39,28,183,243,221,112,310,213,138,149,328
311,305
310,311,303
58,312,63
313,318
313,315
314,317
320,314
314,317
315,319
33,100,224,315,93,293,271,130
313,314,315,317,319
324,314,316
324,316
321,322,313,315,316,317,318,319
318,319
324,318
322,318
315,318
324,318
318,319
313,319
320,324,317
320,36,311,157,259,182,62
320,19
321,315
321,217
321,318
321,90
321,323,324,318
322,317
323,250
323,136
100,323
323,324
324,315
331,325
132,325
334,326
336,326
66,327
330,327
327,328
327,328
330,332,328
334,329
330,24,118
330,331
331,332,336
331,332,333
332,327
332,333
332,333
333,334
331,333
334,141
335,325
332,335
335,230
333,336,326
333,336,328
336,326
330,336
335,336
337,348
24,338
338,73
342,338
341,338
337,339
341,339
348,340
341,104
341,343
341,346
341,208
342,343
343,107
344,345
344,104,83,95,250,251
345,348
345,337
345,346
346,338
342,346,348,338,340
343,347
99,347
348,339
337,348
356,349
349,360
357,350
358,351
352,363
352,351
352,110
352,359
352,353
353,355
354,358,360,350,351
355,360
355,19
355,356
356,359
353,357
356,358
356,357,358,359
359,349
354,359
122,58,502,360
358,360
354,360
33,44,25,360,350,351,353,354,355,356,357,5,302,358,359,349,329
372,361
365,362
79,362
19,362
364,362
363,367
363,362
364,362
364,368,370,362
365,217
366,370
364,366
367,142
33,14,58,15,193,294,197,0,276,124,367,147,137,128,426,308
367,370
44,367
367,152
368,369
368,500
488,369
369,19
365,369
48,370
25,370
503,370
371,10
365,372
367,372
368,369,370,372,361,362
370,372
288,372
376,373
375,376,379,384,373
374,375,376,381
374,384
374,380,381
374,375
375,383
376,256
376,378
376,380
377,381
377,106
377,379
378,380
378,26
378,43
379,373
379,380
376,380
8,380
381,64
484,381
382,384
377,382
381,382
391,383
382,383
50,384
385,116
385,45
386,387
386,101
22,34,35,15,38,39,28,387,300,105,349,30,21
387,390
388,32
388,181
256,389,50
389,390
389,461
389,390
390,395
0,390
119,390
390,391
359,391
390,391
385,392
386,392
390,392
38,392
303,393
391,393
396,389,393
88,334,394
389,394
117,395
385,395
386,388,390,395
22,396
397,398
398,402
398,401
397,399
398,399
400,403
400,169,414,193
287,401
401,404
402,19
397,402
397,402
399,403
403,405
403,129
401,404
403,404
404,406
385,405
405,408
397,405
399,405
399,406
402,406
399,406
406,142
404,407
346,407
135,407
397,408
402,408
407,408
409,492
409,74
410,413
410,415
410,419
411,390
411,418
411,419
412,316
412,414
412,414
410,412
410,413
412,413,414,416
413,415
413,416
414,408,10
13,414
415,97
413,416
0,385,210,47,305,416,85,41
410,417
420,417
416,417
415,417
159,418
410,418
411,419
418,419
420,123
420,18
420,419
421,422
422,316
422,296
143,386,423,17,117,180,392,73,271,74,142
210,23,423,17,40
247,424
154,425
432,425
424,425
426,427
178,426
421,426
426,427
48,27,29,291,492,493,174,210,155,430,156,299,178,432,73,76,99,78,282,264,421,443,202,422,169,423,149,424,425,426,107,427,428,429,84,63,87
213,428
423,428
425,427,428
431,423,428
425,428
421,429
429,141
430,428
430,432
431,432
431,426
44,89,156,431,351
144,2,432,69,478,108
187,432
432,63
220,432
431,432
433,434
444,434
434,436
440,434
189,434
442,443,444,435,436,437
1,436
433,437
441,437
433,437
1,437
440,438
433,444,438
433,438
444,438
45,439
440,114
440,443
440,434
441,444
441,444
441,439
442,437
442,433
442,437
442,94
442,443
443,437
440,443
443,444
445,171
452,445
451,446,447,449
446,163
447,94
452,447
448,450
453,449
455,445,449,450
297,449,85,86
451,449
18,449
452,450
451,452,453,455,450
452,339
452,445
452,184
453,450
453,449
452,454
454,445,447,450
454,445
455,456
455,450
452,456
2,456
456,445
462,457
468,457
23,457
468,458
463,458
466,458
12,237,459,308,52,230
460,461
27,460
0,1,200,48,16,239,461,142
429,260,461
462,461
467,461
352,462
462,464
462,9
463,53,32
44,463
463,6
463,212,223,139
463,460
464,466
464,42
465,158
465,461
466,458
466,468
466,467
464,467
468,93
468,459,461
469,470
148,469
104,469
477,470
478,470
470,471
475,471
471,472
477,472
270,480,470,471,472,473,475,476,477,478,479,469,41,32
473,474
474,6
473,475
24,475,370
475,480
473,476
476,471
476,185
374,476
477,470
474,477,479,480,471
477,471
101,478
478,139
475,478,480
479,480
464,479
476,479
474,479,480,471,472
469,480
473,480
480,471
477,480
484,485,487,488,489,491,481,482,483
486,481
484,481
486,482
488,482
490,483
492,483
484,489
485,491
486,493
485,486
486,41
486,434
486,491
487,481
485,488,482
488,492
113,488
485,489,492
484,486,488,489,482
486,490
491,483
484,491
29,492
492,483
486,492
255,492
498,493
493,494
98,494
495,494
126,494
495,500
495,503
242,496
496,21
497,500
497,501
497,502
498,500
68,499
500,504
495,500
498,500,503
111,500
501,502
498,501
501,127
502,494
497,502
11,503
504,84
500,504
499,504
6,505
176,505
342,506
46,506
255,506
