1,14
1,9
2,14
11,1,2,14,4,15,5,7,8,9,10
3,15
3,31
3,4
3,4,9
25,4
4,10
4,40
58,4
13,5
47,5
13,5
5,31
5,6,19
15,6
47,6
55,14,7
15,7
7,9
7,9
8,10
8,53
38,8
13,15,9
6,9
7,10
9,10
11,5
11,14
11,5
11,2
11,9
11,4
11,6
11,12,13,3,6,8,9
12,15
12,14,4,7
12,2
12,15
12,13
13,15,6
13,15
13,14
11,1,12,13,3,14,15,5,6,8
14,6
15,9
16,49
17,29
23,17
34,17
25,18
15,18
24,19
22,23,24,47,26,27,28,29,50,51,30,53,32,33,13,14,59,16,17,18,19,4,41,20,21
20,21
20,21
22,20
28,21
22,26
0,22
22,27,29,20
1,23
23,20
23,32
22,23,24,46,25,27,52,10,32,54,11,33,55,12,56,15,59,16,38,18,4,6,41,20,42
24,14
24,26
24,29
0,24
25,27
24,25
26,30
26,28
27,18,21
28,29
28,30
37,28
18,29
4,29
33,22,23,24,26,16,27,17,28,18,29,19,30,20,21
29,30
22,55,7,29,19,60,30
28,30
12,31
31,32
33,44,45,56,35,36,37,38,39,40,41,42,20,31,32,43
2,32
33,32
33,45
34,40
33,35,32
35,7,29
35,40
36,37
37,31
33,37
59,38
39,32
45,38,39,31,43
37,39
44,40
33,44,40
35,40
45,40
40,31
39,41
42,31
34,40,42
41,42
35,48,59,43
42,43
44,28
44,38
33,44,45,35,37,38,39,40,41,42,32,43
44,45
45,32
44,45
46,58
46,60
55,46
47,54
58,47
46,48
59,49
58,26,49,19
60,50
38,50,21
8,50
56,50,52,53
57,50
51,21
50,51
48,51
51,52
48,51
50,52
48,52
37,52
59,53
56,53
57,53
5,54
56,54
25,47,40,20,54
55,29
55,59
56,57
57,52
55,57,58,59,53
58,48
59,30
58,59
60,32
49,60
61,65
77,61
11,61
61,62
93,62
70,63
0,101,24,64
13,65
48,65
75,65
66,67
67,5
67,69,65
68,73,75
68,75
68,65
66,68
68,69
26,70
70,64
0,77,101,7,71,170,62
71,61
71,62
71,62
70,72
15,84,73,74,140
126,73
69,73,74,63,64,75,65
66,44,67,12,68,69,39,17,70,109,72,61,73,62,74,63,64,75,65,98
74,64
66,74
75,65
0,76
24,76
83,76
77,82
99,77,145,26,8
77,79
89,78
78,76
78,48
78,52
78,79
79,80
79,81
79,84
80,76
78,81
81,86
59,82
13,83
82,83
88,78,89,79,19,90,80,81,82,83,84,85,86,76,87
84,87
78,84
84,87
84,85
90,85
85,76
95,86
77,86
87,76
181,87
88,27
88,89
89,84
77,90
37,90
91,93
103,105,91
92,98
92,175
92,183
93,98
0,93
105,94
104,94
77,95
95,96
96,64
102,97
102,97
105,93,95,98
94,98
95,98
99,104
100,104
100,98
101,93
102,105
33,103
103,95
103,94
103,104
104,92
104,105
102,104
105,182
102,105
103,105
106,109
113,107
119,108
108,109
122,4,109,184,32
118,109
110,120
111,106
111,114
112,69
111,112
177,113
113,36
113,116
114,120
115,118
68,116
116,119
117,87
116,117
3,118
115,119
108,120
132,121,124
121,130
121,123
121,133
121,130,163
121,157
133,122
122,191
122,96,184,164
122,184
122,125
66,123
124,151
193,130,131,132,121,133,122,123,135,124,125,126,6,127,128,129,107,50
124,129
122,125
125,126
125,128
145,125
124,126
125,126
135,126
127,131
127,128
127,130
123,127
128,129
121,128
128,129
88,130
126,131
132,124
132,124
132,135,127,131
133,92
133,127
66,133,116,190,51
132,134
134,123
123,135
145,136
88,136
137,141
114,5,137,106,43
146,137
148,137
149,138
139,150
3,139
143,139
140,142
143,144,145,146,148,140,141,142
137,141
146,141
146,150,142
136,142
144,142
147,148,149,142
143,140
143,148
143,167
144,98
144,185
33,187,12,145,24,189,136,125,38,27,127,41
145,136
146,136
146,25,32
145,146
47,147,138,174,164
147,141
147,149
148,150
148,142
33,148
143,148,137,149,138
104,149
24,149
138,150
15,150
162,151
151,152
161,152
60,152
57,169,6,52,152
168,152
155,153
151,153
154,25
155,162,151
154,156
156,162
156,7
157,76
157,158
157,152
154,156,158
158,163
158,93
159,161,152
165,154,156,159,160,162,151,163,152,164,153
157,160
159,160
44,78,16,71,160
160,153
160,75
157,161
100,37,162,52
162,163
162,164
159,162
163,175
66,163
157,159,161,162,163,152,164,153
165,154,158,163
160,163
156,163
164,153
158,164
164,153
165,2
165,163
165,134
165,161
165,162
166,171
166,172
167,31
168,171,120
166,168
169,180
168,169
170,62
170,171
168,171
178,172
180,173
173,43
113,173
170,173
168,173
178,174
50,40,97,174
180,175
176,175
120,175
176,106
177,30
177,97
177,172
178,175
178,18
24,36,14,25,59,171,194,0,132,110,179,147,81,32
179,169
168,180
180,175
135,181
182,94,31
183,184
188,191,183,184,186
33,183
190,181,183,184,185
44,23,49,191,192,193,194,195,134,179,92,97,32,54,55,13,181,182,183,184,185,186,187,188,189
187,183,185,186
188,185
184,186
187,194
187,140
187,188
187,186
187,183
187,46
187,191
187,181,194
187,188,181,194,185
188,68
189,15
190,192
7,190
47,191
192,54
112,25,193,21
189,193,182,185,186
165,194
194,195
190,194,183,195
181,195
198,196
96,197
205,197
204,197
199,202,203,206,197
143,197
206,197
198,207
198,202
198,207
199,196
199,200
199,267
200,409
198,200
198,201
198,201
201,203
201,17
198,202
69,202
203,205
46,3,203,128,7,195
204,28
204,206,197
204,206
205,206
205,196
199,203,206,209
199,207
207,209
200,207
208,209
207,208
209,53
11,209
210,199,208
210,207
210,196
211,213
212,225
211,212
212,164
222,212
222,213
220,211,224,213,225,217
213,214
211,214
220,212,213,214,216,217
78,215
216,75
225,216
223,216
213,216
100,7,217
211,217
222,224,217
218,219
214,218
219,85
220,217
221,224
221,225
222,214,215,217
222,215
222,223
222,216
223,224
211,224
224,372
225,217
224,225
232,226
231,235,226
236,227
234,227
17,227
0,147,379,227,230
227,228
231,228
232,228
49,229
239,230
354,57,16,248,309,230
227,230
231,391
231,226
232,229
231,232
232,230
233,228
233,227
234,238
79,234
234,228
235,230
235,239,229,240
235,140
234,235
235,236
233,236
233,236
231,236
237,229
66,99,237,262
237,238
235,239
398,240
79,240
234,240
235,240
253,241
55,18,371,241
242,241
242,243
242,254
242,245
243,255
243,255
11,244
244,249
245,252
244,245,247
13,246,17,172
246,249
254,246
243,247
385,247
248,192
243,248
248,250
233,248
243,249
242,250
250,251
247,250
45,27,40,86,251,350
251,241
248,252
254,252
253,255
253,248
253,243,254,246,251,241
255,247
256,258,263
264,256,261
256,257
256,261
257,37
257,258
258,262
266,258
258,98
46,259
259,260
302,260
265,260
26,261
270,261
266,261
267,261
267,262
262,263
22,263
264,265,262
264,49
265,229
44,265
265,256
266,268
266,350
266,257
267,268
177,268
268,428
364,269
269,19
311,269
258,269
269,261
269,425
256,270
59,270
269,270
276,271
335,272
279,272
272,252
272,285
278,273
282,273
92,273
156,273
411,274
275,273,274
275,342,179,204,128
275,5
276,273
276,285
277,280
277,247
275,277
276,278
276,279
276,279
279,282
279,284
280,273
34,280,281,282,272,283,273,284,274,285,275,276,277,278,279,368,85
280,281
280,273
0,66,123,280
389,281
55,282
281,283
280,283
277,283
67,13,14,25,380,283,132,100,111,432,357,72,408,65
280,284
275,285
273,285
286,159
287,293
287,235
288,296
0,289,20
289,292
286,289
298,290
1,355,290
290,291
297,290,293,294,295
289,291
288,289,290,292
298,292
297,292,294
300,293
298,293
293,96
99,294
297,294
292,295
0,67,79,179,201,213,5,313,335,41,295
293,295
298,288,296
297,300
33,297,147
297,295
297,290
297,295
298,292
298,292
286,299
297,299
299,290,296
143,300,70,72,372,87
289,300
23,301
301,170,172
301,302
24,302
310,302
23,303
302,303
301,304
312,304
304,309
314,304
79,305
301,305
313,302,304,305
305,307
2,306
312,304,306
306,10
303,306
302,306
306,209
311,307
302,307
302,307
301,303,308
308,151
306,308
302,309
310,311
310,53
310,309
311,61,98
311,313
78,311
311,308
312,313,308,309
410,313
314,308
301,314
314,308
314,308
313,314
312,314
300,315
66,402,315,161
104,315
323,316
322,317
242,317
318,319
327,318
165,330,320,321,322,323,324,325,326,316,328,317,329,93,318,319
328,319
319,152
319,172
24,303,319
320,156
330,321
321,329
320,322
322,317
323,326
322,323
122,324
330,324
399,324
323,324
324,325
325,328,317
326,329
330,326
188,327
328,318
327,329
326,329
330,329
330,328
330,321
331,337
332,319
343,332
332,334
45,332
343,333
333,340
341,331,333
25,334
334,336
334,158
331,335,336,337,338
336,340
345,336
344,337
332,337
187,337
34,47,338,408,10
343,338
339,340
341,339
332,340
341,344
341,339
341,340
342,337
342,124
342,336
342,333
342,343,345
343,223
344,336
332,344
344,345
346,228
11,346,71
356,346
145,346
352,347
110,347,70
357,348
221,348
22,348
347,359,349,360
357,350
231,351
6,351
357,351
352,354
352,27,126
353,346,360,350
353,356
354,359
352,354
355,350
355,346
355,357,347,348,349
355,356
356,359
356,351
353,357
352,354,357
357,348
358,349
355,359
24,360
348,360
369,361
364,372,361,362
366,361,373
332,362,10
229,362
364,362
363,361
363,375
364,369
364,368
365,361
365,59
366,160
363,366
367,104
367,368
364,368
369,373
365,369
286,369
232,370
391,371
371,372,362
367,372
374,372
363,372
375,372
365,373
370,373
361,373
374,328
374,51
374,32
363,375
376,380
376,389
377,174
386,377,378,382
385,377,389,378,380,383
379,60
36,379
81,380
380,384
388,378,390,380,381
381,76
168,382
378,382
117,383
386,383
353,383
41,383
378,384
79,384
385,387,388
385,383
386,380
386,380
386,427
387,429
387,378
387,381
388,98
388,389
389,378
385,389
44,67,69,25,27,390,391,172,431,157,213,137,139,217,96,53,35,59,16,17,361,185,340,164,0,143,242,2,145,101,148,108,308,85,41,65,87
379,390
378,390
391,171,392,393,394,395,264,396,398,399,400,401,402,403,404,405
67,391
404,391
396,391,392
357,392
393,395
157,393
405,391,394
177,394
401,403,391,392,394
20,394
393,395
396,75
397,392
398,40
396,398
399,405
399,403
399,394
400,404
400,319
400,405
401,391
401,271
397,401
398,402
391,392,393,394,395,396,397,398,3,399,400,401,402,403,405,419
402,403
402,63
402,404
165,403
400,403
404,405
405,395
397,405
300,406
305,407
410,407
412,408
408,86
408,409
291,408
420,409
409,42
410,407
410,37
410,407
411,407
1,412
413,417
414,407
414,270
415,406
415,416
416,406
88,417
411,417
24,418
230,373,252,199,410,411,412,413,117,415,416,417,418,419,283,420,223,127,348,107,405,406,407,408,409
411,413,414,415,416,417,406,418,407,419,409
55,420
420,365
420,407
420,75
432,421
432,421
45,421
167,422
422,423
421,423,424
430,432,433,434,424,427
424,426
424,425
421,424
430,424
424,315
430,431,432,421,433,422,434,435,425,427,429
425,426
426,427
433,426
298,426
426,393
0,427,207
421,427
434,428
121,178,103,116,160,429
429,94
430,431
430,433,434
430,421
431,435
432,428
432,429
44,45,46,25,48,150,433,378,413,139,216,418,419,30,75,53,11,12,56,16,38,383,384,0,400,147,125,369,403,349,305,328,208,60,41,21,87
433,422,425,427,429
431,421,434,427
434,425
431,434
435,52
254,435
420,435
436,447,448
436,438
442,437
445,437
444,437
440,438
448,438
2,438
438,185
446,439
442,439
437,439
449,439
440,437
440,181
440,57
440,437
375,441
441,444
298,442,431,356,419,10
188,442
443,433
155,443,349,40
443,447
443,448
443,446,436
444,438
440,444,448
444,159,448
444,439
442,445
442,445
445,449
441,446
440,446
442,446,447,438
122,448
440,448
442,448
448,51
226,449
449,439
449,438
445,449
443,450
451,222,14
451,463
451,459
451,455
452,456
452,461
462,452
452,52
452,465
464,453
453,456
453,345
454,136
454,249
454,429
464,454,457,461
454,457
455,335
455,72,506
453,465,456,457,459,460
452,456
455,457
458,41
458,461
430,145,401,459,10
452,459
459,32
455,457,458,459,461
265,460
464,457,460
1,3,136,271,460
457,461
462,457
462,461
463,465
464,453
464,453
451,464
465,204,339
465,323
466,470
467,479
473,468
475,468
468,208
466,469
473,477,479,470,471,472
478,470
470,471
33,472
473,472
473,469
473,472
473,479
473,475,467,479
474,472
474,478
475,467
474,475
475,470
476,472
477,469
477,471
477,468
477,471
477,50,172
477,478,480,472
478,80
478,117
479,470
475,480
467,480
149,481
488,481
481,251
488,482
481,483
495,483
484,72
484,483
484,492
485,490
485,487
486,488
485,486
486,494
486,493
495,487
495,486,488
26,0,132,154,133,188,488,258,402,458,249,91,408,87
488,492
485,488,493
489,303
484,487,489,482,494
489,482
490,491
491,86
495,491
275,492
493,483
78,494
488,494
482,494
79,494
249,494
495,482
495,485
496,218
496,498
497,504
497,500
498,92
498,282
497,498
499,502
499,503
500,335
386,500
500,503
498,501
5,502
496,502
502,503
500,502
501,503
145,503
502,503
501,504,506
497,504
497,505
222,505
496,505
502,506
330,386,506
498,506
505,506
