11,12,13,14,58,15,1,2,3,4,5,7,8,9,10
1,2
2,31
12,2
2,27
3,9
4,10
2,13,4
14,5
5,17
12,6
11,1,13,3,4,15,5,6,8,9,10
1,13,3,4,15,6,7,10
6,7
5,6,8
5,8
55,9
9,32
13,4,8,10
14,10
11,10
11,13
11,7
12,4
2,13
3,14
14,9
14,4
11,15
24,16
25,16
16,28
16,21
16,17
22,17
17,18
22,17
17,42
22,18
18,29
27,19
22,13,46,14,37,48,28,18,29,19,0,1,2,6,52,42,32,43
23,19
29,19
26,29,20
30,21
22,23,24,46,25,47,48,49,50,30,31,53,10,54,33,55,12,56,13,57,14,36,58,59,18,0,1,3,4,6,8,9,60,41,20,21,43
22,23
23,29
22,23,24,25,26,16,27,17,28,18,19,3,5,40,30,20,21,54
24,17
22,25,21
25,17,30
23,26
26,20
26,19
16,27,20
27,30
27,17
17,28
23,28
23,28
28,29
28,29
17,30
16,30
22,30
33,39,31
39,31
45,32
42,32
36,32
33,31
33,44,34,45,36,47,37,38,27,39,19,4,9,50,40,41,42,31,32,43
33,42
33,41
44,34,45,36,41,42,43
35,41
35,38
35,36
34,35
33,36
37,49
44,34,37
37,39
38,32
44,45,47,29,30,31,32,33,55,12,34,35,36,58,15,37,59,38,39,0,3,6,40,42,43
25,39
40,43
36,40
36,40
38,41
41,31
41,42
34,42
38,42
39,42
35,41,42,31
42,31
45,43
44,45
44,40
45,41
44,45
46,59
55,56,46,60
47,53
48,16
57,48
56,48
49,50
57,49
50,53
46,50
58,50
58,50
55,50
49,51
56,48,51
51,54
58,52
57,52
40,52
58,53
49,53
52,53
52,53
50,54
55,53,54
58,60,54
55,56
56,53
57,51
57,58
57,46
58,59
56,58
59,49
59,51,54
60,50
57,60
56,60
61,63
68,62
66,62
70,62
72,63
66,71,72,64
70,73,62,74,64
67,64
67,64
64,65
69,65
66,69,71,72,64,65
66,68,64
67,73
67,75
67,72
67,62
67,68
67,73
67,72
68,65
67,68,73
67,69
69,63
67,69
66,70
69,70,71,64
70,65
71,62
70,71
72,61
66,67,68,69,70,71,72,61,73,62,63,64,75,65
39,72
72,62
73,65
0,74
62,75
82,76
89,76
77,89,79,86,87
77,87
78,106
78,83
79,90
0,79
79,90
80,9
90,80
80,129
78,81
79,81
81,84
78,82
83,84
79,83
187,45,113,29,83
90,84
81,84
88,84
49,85
79,85
86,87
82,86
28,86
87,76
89,82,87
77,88,78,89,79,69,28,173,110,4,90,80,81,83,40,84,85,86,76,87
88,90
88,85
89,85
88,89
90,84
90,83
48,90
88,90
0,91
92,93,96
104,92
92,98
100,93
11,94
101,94,96
102,95
104,95
94,96
102,96
99,22,100,101,102,103,104,105,91,119,92,93,94,51,95,96,97
105,97
104,97
97,98
99,92
99,100,93
100,101
100,101
99,102
101,102
102,93
100,102
1,103
104,95
104,95
103,104
105,92
100,105
111,114,106
106,107
114,107
112,108
107,109
112,114,116,109
109,21
110,109
118,109
47,109
13,109
110,113,107,120
111,115
111,120
112,106
111,112
112,113
112,114
112,113
113,5
114,109
114,120
115,108
116,108
116,109
112,115,117,119
117,118
119,120
114,119
119,108
117,120
121,131
121,126
121,126
122,124
122,124,125,130
123,135
123,127
122,124
124,130
125,91
125,129
135,125,126
126,131
137,127
154,127,186
128,131
132,128
128,130
127,129
127,130
123,131
132,133
132,123
132,127
133,135
133,134,127
134,128
132,134
99,130,132,121,133,122,134,123,135,124,125,126,105,127,128,129
133,135
121,122,135,125,127,129,131
136,137
146,137
147,136,137,142
137,142
144,138
149,138
149,138
146,139
140,141
141,142
145,141
145,142
147,142
141,142
56,142
137,142
143,147
143,147
144,150
144,45,30
144,141
145,140
143,145
145,147
146,137
146,149
143,147,148
143,147
146,147
147,137
148,142
148,141
146,148
148,141
148,142
143,149
143,149
148,149,150
138,150
139,150
156,151
151,153
158,151
155,152
163,152
160,152
3,153
165,152,153
159,153
160,161,162,151,163,152,164,153,165,154,155,157,158,159
154,159,164
155,178,7,162,54
155,152
156,46
156,163
157,153
157,163
187,157
157,152
157,163
157,161
158,159
157,158,162,152
154,158,159,160,162,151,153
159,160
159,152
158,159
154,159
158,160
165,160
160,161
154,162
162,140
157,162
59,163
159,164
165,164
165,152
165,8
165,158
165,158
166,38
177,166
176,167
167,180
176,168
168,172
176,169
169,137
169,180
169,180
179,169
176,170
171,172
180,171
177,178,180,170,172,173,175
12,172
168,172
172,173
169,173
14,173
168,173
166,174
174,175
172,174
180,170,171,172,173,174,175,176,166,177,178,168,179,169,108,60
179,175
172,175
174,175
176,175
176,167
177,171
178,171
178,173
166,178
179,168
166,167,180
180,174
181,194
181,182
190,181
119,182
24,25,47,190,191,192,193,194,195,72,98,55,12,35,36,59,18,181,182,183,184,185,186,187,188
192,182
183,185
189,183
182,183
191,184
182,184
191,195,184
187,192,184
191,185
185,186
184,185
190,191,181,193,195,186
192,186
187,195
187,191
188,111,38,40
188,191,192,194,183
188,192
188,183,186
188,189
189,194
188,189
188,189
190,191,192
190,184
190,191
188,191
192,181
181,193
189,194
189,194
188,195
199,203,196
198,201,203,207,208,196
202,196
206,197
208,197
196,197
198,197
198,206
210,199,207
198,199
200,207
200,203
200,196
200,203
198,200,205,208
201,191
201,209
201,209
201,202
200,202
202,207
201,203
203,204
201,204
201,204
210,204,205,196
205,196
210,206
206,30
33,12,57,58,15,38,39,29,0,165,1,312,206,43
207,208
207,209
57,207
89,46,47,196,197,198,199,210,156,50,95,56,15,141,200,201,202,203,204,7,205,206,207,208,41
201,209
210,203
210,47
165,210,136
221,211
211,216
211,217
212,219
211,212,225,214,216
213,215
221,214
214,217
212,214
55,214
221,215
215,75
214,215
215,217
212,215
220,214,216,217
211,216
216,217
216,217
221,217
213,217
5,29,218
0,218
216,218
215,219
214,219
7,219
225,219
221,225,218,219
220,222,225
220,222
221,213
220,221
220,221
221,215
222,213
222,213
220,223
212,223
223,224,213,216
223,225
224,217
212,224
222,225
225,60
232,226
236,227
236,227
26,228
229,240
240,230
227,230
231,238
231,230
232,237
231,232
233,234
233,227
233,234
234,237
233,234,240
235,228
231,235
231,236
231,236
237,230
158,237
237,239
238,240
228,239
226,240,230
250,241
251,241
251,241
242,254
242,248
242,144
242,241
253,243
243,361
244,247
244,246
253,244,255,247
254,244,245,249,241
245,247
245,241
253,246
254,246
247,249
245,247
243,246,247,248
243,249
250,241
1,250
254,251
59,49,250,251,241,252,242,253,243,254,244,255,245,246,247,248,90,9,50,41
243,252
247,252
29,250,251,241,252,242,253,243,254,255,3,245,246,247,248,249,62
253,247
253,245
254,249
254,41
253,254,246,248,252
255,251
253,255,246,250,251
255,246
255,249
256,259
257,261
257,269
258,259
264,258
268,258
258,259
259,260
265,260
264,260
265,260
264,261
259,261
269,261
266,262
260,262
265,262
267,263
264,259
264,259
265,261
265,256,269,261
265,269
265,263
264,265
264,266
266,260
266,267
265,267
265,267,262
268,259
268,260,262
268,261
267,269
269,259
259,270
275,271,285
272,284
276,277,278,279,280,281,271,272,273,284,274
273,284
273,274
274,285
271,274
281,274
273,274
275,272
276,274
276,147
277,274
278,282
278,281
278,281
278,281
279,274
279,272
278,280
281,285
281,273
280,282
279,282
280,282
283,274
278,280,283,274
277,284
280,284
276,284
272,284
100,284
167,284
277,285
278,285
286,300
286,299
286,295
287,289
287,300
287,299,294,295
297,288
286,288
298,288
286,288
288,300
298,289
0,289
297,298,287,290,292,295
290,295
291,293
288,291
286,288,292
298,292
292,294
291,292
298,293
50,293
297,293
300,294
288,294
297,295
294,295
294,296
297,287
297,58
297,287
298,290
298,300
298,290,295
298,288,291,293
286,299
298,299,295
299,290,292,293
297,288,300
299,300
301,303
302,303
311,302
301,302
313,303
313,303
311,303
313,304
310,304
305,309
311,304,305,306,308
305,306
313,306
1,13,113,25,136,307,293
315,308
307,309
312,309
310,314
311,302
311,305
310,311,301,313,305,306
312,304
24,312
23,313
14,366,313,90
314,303
301,315
315,309
316,318
326,316
327,317
321,317
320,318
322,319
321,319
320,322
0,321
321,327
322,317
322,324
323,329
330,320,323,324,326,327
323,324
325,328
325,318,319
325,319
330,320,321,322,324,325,326,327,316,328,317,329,318,319
2,325
326,317
320,327
327,319
23,45,46,47,29,151,316,317,318,319,96,52,55,34,36,162,0,320,1,321,322,124,323,324,325,326,7,327,328,9,329
323,328
323,328
316,328
316,328
322,329
330,320
330,320
331,337
331,338
332,339
332,335
344,333
333,340
344,333
332,334
333,334
345,334
335,338
336,340
336,337
337,339
345,337
331,337
345,338
16,339
5,339
338,339
333,340
7,340
340,21
341,343,344,333
341,336
342,345,335,339
343,338
343,337
342,343
343,337
343,340
344,335
332,344
341,345
332,345,340
345,335
354,356,346,349
346,28
347,350
347,350
347,50
352,348
354,348
355,349
355,349
349,350
356,350
348,350
356,351
355,351
352,301
353,346
353,359
353,348
353,350
354,147,27,28,153
354,356
354,358
354,360
355,350
355,360
355,346
356,346
356,346
357,348
355,357
357,359
358,359
355,358
357,359
358,359
359,360
356,357,348,360,350,351
358,360
424,360
357,360
363,361
370,361
22,362
373,362
363,289,4,16,17,42
363,375,364
363,373
363,366
364,361
364,371
375,364
364,361
364,365,368,370,371,361,362
375,365,366,369,371
365,369
374,365,373
374,365
366,369
375,366
367,361
368,361
367,368
369,371
369,362
369,40
374,369
29,370
369,371
371,373
366,371
170,372
373,362
365,373
374,368
374,368
374,362
375,366
385,376
376,388
376,382
376,384
377,389
378,60
378,390
378,382
377,379
388,379
388,379
380,383
380,381
387,380
378,380,381
390,382
377,382
390,381,383
387,383
386,387,388,382,383
387,383
378,383
48,383
381,384
378,381,383,384
390,384
385,387
385,384
386,377,378,384
386,390
386,376
386,377
387,389
387,383
388,378
388,389
388,377
389,378
386,389,384
388,390
388,390
403,391
396,402,391,392,393
39,192,391,392,393,394,395,132,396,187,397,399,400,401,402,403,404,405
392,395
399,392
403,392
401,392
397,403,405,393
399,393
402,393
400,394
401,394
399,394
400,394
402,394,395
394,395
402,395
396,404
396,398,404,392,395
396,402
397,403,391,394
398,192
398,404
398,402
399,391
399,392
399,403
400,8
399,401,405
401,405
397,401
396,402
402,337,72
401,402
402,405
400,403
403,404
26,404,60,21
391,281,392,393,283,394,395,0,396,397,167,398,399,401,402,403,404,405,43,54
55,404
396,405
391,392,393,394,395,0,396,397,398,123,399,400,401,402,404,405
405,391
406,409
416,406,409
416,406
410,414,407
145,408
417,406,407,408,409
25,47,408
419,408
419,408
414,409
412,409
418,409
410,411,416,417,418,407
410,418
410,413,414
410,413
411,409
410,411
410,412
412,418
412,415
412,418
412,407,419
413,409
377,414
415,418
420,416,408
412,417
418,96
412,418
416,419
419,408
416,419
420,417
421,39
432,421
24,421
421,435
47,430,431,421,432,422,433,423,434,424,425,426,427,428,429
421,422
422,427
432,423
424,428
424,425
425,427
433,425
430,431,432,434,424,425,426
434,426
430,426
2,427
435,427
425,427
433,427
424,428
433,428
427,429
428,429
430,426
430,429
431,433
431,433
431,421
431,432
432,422
432,433
432,422
432,5
433,435
433,435
431,433
433,425
432,434
434,428
421,434
12,434
435,426
441,436
436,437
437,450
436,437
448,437
437,449
445,438
438,439
440,4
440,436
440,448
440,438
441,32
441,445
442,445
440,442
442,450
442,436
450,440,441,442,443,444,445,446,436,447,448,449,438,439
443,439
443,446
443,445
441,444
444,445
444,438
441,445
445,437,439
441,445
446,437
446,41
441,446
447,450
448,450
448,450
436,449
440,442,444,437,449
437,450
451,456
451,463,455,459
452,463,453,465,454,455,456,457,458,461
453,458
462,453
454,457
451,454
452,455
455,460
456,457
452,456
465,457
453,457
458,461
458,460
464,454,455,458,460
288,458
462,459
464,459
452,460
465,460
460,461
457,461
457,461
464,461
463,461
451,462
462,461
463,460
463,464
464,465,457,458
464,454
453,465
452,465,457
466,467
466,478
474,466
466,472
467,470
467,468
469,471
475,470
478,471
471,472
86,472
467,472
473,475
473,466,478,472
474,475,466,467,472
474,479
474,479
474,475
475,466
476,466
477,468
477,479
477,468
478,470
476,478
478,471
476,479
469,480
467,480
475,480
479,480
475,467,479,480,471,472
477,480
481,494
489,481
481,493
481,483
41,482
487,482
35,482
271,483
488,483
483,494
80,483
493,483
484,488
485,483
495,485
486,491
486,481
484,486
487,488
485,487
487,491
488,483
485,488
495,488,494
489,491
489,130
495,490
46,490
491,482
44,492
495,485,488,492
484,493
490,493
29,493
483,494
490,491,482,483,494
495,492
495,493
495,491
496,498
496,499
497,498
497,500
498,502
498,16
499,505
23,499
496,499
500,506
500,503
496,499,500,501,503,504
498,502
498,503
323,503
503,505
49,503
168,504
503,504
500,504,505
503,506
497,506
