1,10
1,7
2,7
2,8
12,2
2,7
2,7
3,6
11,3
4,6
2,5
5,7
2,5,6
5,31
5,9
11,6
6,7
11,12,2,7,8
7,9
3,8,9
11,8
3,8
18,9
1,4,6,7,9,10
6,10
7,10
11,7
11,4
11,1
12,7
11,12,9,10
13,14
13,21
14,20
14,20
22,14
22,13,15,20
22,15
15,17
24,15
16,18
17,19
17,19
18,19
18,20
22,19
44,12,45,13,46,24,37,38,16,17,18,29,19,0,1,3,4,30,32,43
19,21
15,17,20
24,16,20
23,20
17,18,20,21
19,21
14,19,21
22,19
23,15
23,13
23,17
22,23,24,14,16,17,20
24,13
22,24
25,26
35,36,25
33,36,25,26
26,27
34,27
27,30
25,27
28,30
34,28
28,29
46,29
35,29
25,29
33,29
33,29
26,30
28,31
26,31
33,32
33,32
33,30
34,30
34,31
34,28
34,28
35,30
36,27
0,36
44,37,39
37,41
46,37
14,37
38,39
38,41,43
46,48,37,38,43
37,38,39
47,37,39
47,39
45,40
39,41
37,41
48,41
48,39,41
45,42
38,42
46,43
45,43
44,39
0,44,6,39
44,37
45,48
45,42
45,43
46,38
47,38
47,37
47,41
45,48,41,43
48,19
55,49,60
55,49
11,49
49,52
13,49,17,105,9,41
49,51
59,50
56,50
58,51,52
49,52
59,52
51,52
55,53
57,54
55,52
55,53
55,56
55,49
34,56
56,58
56,50
57,50
57,58
58,54
56,59,49
59,53
57,60
61,63
61,65
70,61
61,62
72,61
61,62
22,59,62
67,62
0,1,12,62,141
45,62
68,63
69,63
71,64
63,64
67,71,61,63,64
66,65
66,72
67,61
68,70
69,70
69,63
68,70
71,61
71,61
72,62
72,61
71,72
73,74,76
79,80,82,73
78,73,75
0,74
16,74
78,75
0,75
77,76
77,83,74
77,80
77,80
77,81
78,82
77,78
78,82
79,74
78,79,80,74,76
79,83,75
79,75
77,80
80,83
80,83
80,83
78,80,84
77,78,79,47,26,100,6,80,81,82,83,73,95,74,75,76
80,81
80,81,75
81,76
82,84
81,82
80,83
83,73
83,75
84,75
82,84
78,84
92,85
93,85
91,94,86
91,87
86,87
88,93
89,86
89,93
90,91
90,95
88,89,46,25,27,133,90,91,92,94,95,96,35,16,38,39,1,3,146,104,40,85,86,65,87
2,91
92,87
91,92
93,95
93,87
93,94,85
93,94
94,86
93,94
90,95
0,95
90,95
93,96,87
96,87
91,96
96,86
108,97
100,98
108,98
97,98
99,100
99,101,103,104,98
99,107
99,105
99,102,107
0,100
100,101,105
100,98
100,105
100,97
101,6,71,72
101,98
102,106
102,97
103,107
103,106
104,98
104,107
102,104
100,104
104,107
101,105
102,106
101,106
101,107
108,98
117,109
114,109
110,115
110,112
111,109
110,111,112,113,114,115,117,118,119,109,120
120,0,110,111,112,3,113,114,5,115,117,118,119,109
111,113
113,117
114,109
112,114
112,114,115,118
114,115
115,116
115,117
116,109
110,116
111,116
117,120
114,118,109
112,118
118,109
119,120
111,119
47,119
116,117,120
118,120
132,121
121,122,123,131
122,123
122,131
122,127
122,129
132,123,125,128
123,124
121,122,125
125,127
125,130
126,127
127,129
121,127
122,127
127,128
124,129
15,129
132,121,123,124,127,130
128,130
126,130
37,130
121,130,131
127,131
128,131
132,121
132,124,126,131
133,141
134,9
134,137
143,135
144,135
136,141
133,136
136,139
134,137
144,137
135,137
137,141
135,138
137,138
136,138
135,138
138,142
0,2,127,139,29,30,43
133,140
144,141
143,141
139,142
134,140,142
143,136,138,142
143,137
144,137
145,147
145,149
145,14
146,153
146,152
155,146
154,146
146,148
147,152
154,147
0,22,13,36,147,138,18,92
148,149
147,148
156,149,150
149,151
82,150
148,150
155,151
151,41
155,152
147,152,153
150,152
156,152,153
151,153
154,145,146,151,153
154,150
154,151
154,149
155,150
155,2
156,149
157,158
168,158
165,158
168,158
158,17
158,161
159,160
165,159
168,160
167,160
159,160
161,31
168,161
168,161
166,161
168,161
40,162
162,163
165,167,159,161,162,163
165,163
161,164
166,164
166,164
165,164
165,158
165,160
165,163
166,158
167,25
167,164
167,38,116,87
168,158
168,28
169,171
169,173
176,170
180,171
176,178,169,171,173
172,173
176,172
169,173
180,173
177,174,175
173,174
176,174
178,175
170,175
176,173
176,177,172
178,180
179,180
35,180
180,170
176,180
176,180
187,181
191,182
182,183
190,183
192,183
190,191,184
187,184
192,185
188,185
189,186
181,186
187,188
188,189
189,185
188,189,192
189,185
190,182
188,190,191,183
191,186
191,192
191,185
191,184
192,184
187,192
189,191,192,182,183,186
187,188,189,190,192,181,182,183,184,185,186
200,193
200,193
198,194
202,194
201,194
194,197
194,195
198,195
199,195
0,26,40,196
204,196
13,193,194,150,195,196,197,153,198,199,2,200,201,203,138,204
204,197
200,197
198,203,195
198,202
198,204
198,199,203
198,200
199,203
199,29
199,195
198,200,203
201,204
200,201
201,197
201,38
202,194
202,194
202,203
2,203
203,196
201,203
202,203,197
199,203
200,204
199,204
199,204
25,204
204,193
205,208
48,206
9,207
213,208
210,211,208
214,209
210,209
210,206
210,207
211,205
210,211
212,216
212,206
213,209
210,212,213,214,216,207
213,214,216,205,208
211,214
213,214
212,215
23,215
27,216
210,216
215,216
210,216
210,216
223,224,217
224,218
218,219
227,219
220,219
26,219
220,224
220,28
221,226
222,228
222,225
222,225
223,16
220,223,225,226,227
224,227
222,224
220,224
225,219
222,225
225,227
222,226
224,226
226,217
223,226
226,227
227,228
224,227
221,227
227,228
223,228
236,229
236,230
231,230
0,231
231,235
231,234,229
232,235,229
233,229
233,234
232,233
234,237
233,234
231,235
0,12,236
237,238
237,230
236,237
0,238
231,238
238,239
236,239
233,240
240,230
229,240
0,241
241,252
242,251
242,245,252
243,248
243,248
243,244
244,248,249
244,247
244,249
244,245
246,249
246,247
248,249,250
245,248
248,249
249,241
244,249
248,249
102,250
246,251
247,251
249,252
245,252
253,260
253,39
253,259
254,260
254,255
255,262
255,258
253,255
264,256
256,257
264,256
256,257
254,257
253,257
257,260
253,254,256,257,259,263
257,258
258,263
256,259
255,259
256,259
259,262
253,259
260,261
260,261
254,257,260
254,261
256,262
258,263
256,263
264,260
265,271
276,265
265,273
276,265
275,265
266,267
267,272
275,267
267,269
267,272
267,270
267,274
24,36,270,271,272,273,274,0,275,265,144,276,266,268,324,269
268,270
266,268
268,269
3,270
268,270
268,270
271,273
5,271
271,272
276,272
272,274
270,272
269,272
270,273
275,276,272,273
2,274
276,274
275,269
276,273
276,274
276,269
276,267
276,267
277,282
278,279
279,282
279,282
286,288,279
280,283
280,285
287,280
278,281
281,285
280,281
281,283
287,281
288,282
286,282,283
277,282
27,283
277,283
279,283
279,283
288,277,278,279,280,281,282,284
281,283,285
279,285
279,285
286,278
286,285
286,278,280,282,283
286,283
286,282
287,277
287,282
288,283
288,284,285
0,288,63
298,289,293,296
297,290
300,290
289,291
289,291
292,293
290,293
18,293
289,291,293,294,295
300,294
295,296
299,292,295
295,296
297,293
297,289
297,298,299,289,300,290,291,292,293,294,296
298,291
298,292
298,296
297,298,294
299,294
299,295
299,300,292
298,299
299,290
299,289
289,300,293,294
310,301,305,308
302,303
44,46,25,47,28,29,130,133,310,311,312,116,92,33,99,15,37,39,18,19,0,301,302,303,304,305,9,306,308,309,42
301,303
310,303
303,309
304,308
304,306
304,308
312,301,304,305
310,304
310,305
303,305
301,306
306,308
9,307
310,312,308,309
307,308
305,308
306,308
304,309
302,309
310,306
310,302
310,309
0,310
310,21
310,312
310,306
311,309
312,301
313,319
313,29,10
322,314
314,317
315,87
315,317
321,315
322,315
313,315,316,317,318
324,316
2,316
313,316
324,317
146,317
317,318
320,319
1,319
320,324,314,319
320,319
320,314
320,321,319
321,324
321,21
322,317
323,314
324,313
324,316
44,47,324,148,27
330,325
335,326
326,327
335,336,327
335,327
333,328
331,328
332,326,329
328,329
327,329
330,333,334,335
331,334
331,328
331,332,333,335,336
332,334
333,335
333,336
333,325
334,335
334,326
335,327
333,335
331,336
15,336
337,340
345,338
115,339
337,339
342,339
341,339
342,339
343,340
347,340
341,340
341,348
341,340
341,347
342,337
342,345
342,345,340
342,343,347
22,343
44,45,25,47,26,133,337,338,339,219,31,11,33,35,37,16,38,17,340,0,341,1,144,342,343,101,344,4,345,6,347,7,348,9,40,41,20
341,344
344,340
341,342,343,344,345,346,347,337,348,338,340
344,345
345,339
345,346
345,346
346,338
346,348
341,346
2,346
346,340
341,347
347,348
348,340
341,348
349,351
352,353,360,350,351
354,350
356,351
356,351
46,351
352,360
352,357,359,350
353,359
353,355
353,354
354,357
355,359
355,356
354,355,356,357
356,359
356,358
356,359
356,350
355,357
357,351
358,351
353,358
356,358
359,360
354,359
357,359
354,359
352,359
357,360
365,361
361,362
370,362
370,362
364,362
363,365
364,371
364,366
365,362
366,370
366,362
367,371
366,367
365,367
368,369
368,370
368,362
363,368,361,362
367,369
369,362
369,372
366,369
370,362
369,370
369,371
4,372
377,373
374,376
374,378
375,373
375,380
375,379
375,381
376,377,373
377,378
377,378
378,382
379,384
23,379
379,380
0,380
374,381
378,381
376,382
377,383
383,373
375,383
380,384
378,384
375,384
384,373
385,392
385,386
385,16
386,395
385,386
386,390
387,388
387,389
388,389
388,31
388,393
396,389,395
389,390
389,391
389,393
388,390
390,393
390,30
390,391
391,392
390,392
385,388,390,392,394,395
391,393
390,393
389,392,393
393,394
386,394
392,394
385,394
394,395
396,395
387,395
50,395
396,388
397,399
397,404
398,404
399,407
399,403
400,7
400,21
401,405
24,14,37,397,398,399,400,401,6,402,403,404,405,406,408,31
401,407
397,399,402
397,398,402,408
399,403
404,408
403,404
404,406
397,405
7,406
402,406
407,408
400,407
397,407
398,407
397,407
400,407
406,408
397,398,400,401,404,406,408
46,409
416,409
414,409
410,412
420,410
12,411
420,412
412,415
411,412
413,416
413,418
420,413
412,414
414,419
414,418
412,415
415,409
413,415
415,416,409
416,418
0,416
411,416
413,417
420,417
417,418
414,417
0,418
419,409
412,419
420,411
420,414
420,414
421,424
421,424
421,425
431,421
421,422,429
421,422
421,422
422,423
423,427
430,424
432,424
423,424
425,428
432,425
423,425
424,425,426
426,427
44,37,152,0,132,430,431,421,432,4,422,423,425,426,427,428,429,30
421,428
424,428
431,428
427,429
431,429
1,430
431,423
431,424
0,432,17
432,426
430,432
432,427
443,433
433,434
434,436
434,437
440,435,437,439
435,437
434,435
440,436
155,436,29,9,40,20,87
436,129
434,436
434,437
436,438
438,439
435,439
444,439
440,436
440,444
440,443
0,441
121,442
441,442
442,443
442,443
444,437
451,445
445,446
452,446
454,446
446,448
447,449
456,447
453,447
445,447,448
446,448
446,447,448
451,448
453,448
449,450
13,449
456,450
456,450
451,445
451,447
451,455
451,452
452,105,41
452,447
453,455
452,453
454,455,456,445,447,448,450
454,450
451,455,456,447,449
455,446
57,456
464,457
462,458
459,461
462,459
463,460
99,461
462,464
462,457
463,464
463,464
462,464
464,465
462,464
463,465,461
0,465
466,458
0,466
466,26
35,466
467,460
464,468
468,21
468,458
478,469
479,469
477,470
476,470
470,471
477,471
479,471
469,471
478,471
477,472
14,26,480,470,471,472,473,474,475,476,477,478,469,74,30
475,472
470,472
33,473
473,16
473,470
473,474,470
474,470
475,14
475,480
473,475
473,476
476,469
475,477
478,83
478,480
477,479
479,469
33,479
479,469
473,474,475,477,478,479,469,480,470,471,472
487,481
485,481
491,481
491,482
486,482
488,483
490,483
484,9
484,492
484,490
484,489
484,481
484,487,489
485,490
485,481
485,492
486,490
485,487
487,481
488,481,492
489,50
489,482
489,483
484,489
485,489
484,489
490,492
486,491
28,492
490,492
27,493
499,493
495,493
499,493
502,494
501,494
495,502
495,30
496,503
496,494
496,494
497,494
497,500
498,502
497,498
495,499
498,500
500,504
500,504
501,502
497,502,503,504
497,498,501,502,504,494
503,494
502,504
497,500,504
14,505
7,506
