11,1
1,4
1,6
2,9
2,7
2,3
11,3
11,25,15,19,0,1,2,3,4,5,6,7,8,9,40,10
2,4
12,4,5,8
1,5
11,5
1,5,8,9
5,10
4,6,8
1,6
6,10
2,7
3,7
5,8
9,10
11,9
6,9
8,10
2,10
32,10
0,10
6,10
11,5
12,4
22,13
24,13,14,15,16,17,18,19,20,21
15,42
13,15
16,38
16,17
17,21
13,17
17,20
18,21
14,18
19,21
23,19
22,23,24,25,26,28,34,13,14,15,37,16,38,17,18,0,2,3,4,5,7,40,41,20,21
14,20
14,19,21
15,21
22,23,14,15,16
22,21
22,17
22,23
23,19
24,16
24,19
23,25
25,32
26,27
25,26,28,32
26,27
27,32
25,28,29
33,28
33,29
25,29
30,32
33,31
35,31
25,31
17,32
0,29,32
25,32
29,32
33,32
33,34
33,29
34,46
34,31
34,30
35,27
36,4
36,32
36,31
36,27
37,43
47,37
37,41
37,38
38,39
45,39
39,42
26,27,40
46,40
37,40
41,43
41,42
48,42
45,43
44,37
44,40
44,38
45,39,40
45,48,37,39
45,38
44,46
46,29
46,47
47,48
46,48
47,48
45,48,43
59,49
56,49
49,53
49,51
49,52
55,57,58,49,60,50,51,52
50,54
49,51
51,54
49,52
38,52
58,53
49,53
53,54
55,50
55,53
56,60
56,21
56,58
55,57
58,108
58,52
59,51
57,58,59,49,60,50,51,52,53,54
59,60
55,59
49,60
60,53
60,50
55,60
72,61,63
71,61
67,62
71,62
71,62
61,62
68,62
67,63
63,64
66,64
67,64
39,28,64
69,65
67,65
66,64
66,64
67,64
67,61
68,64
68,61
69,64
0,69,15
68,70
70,61
70,63
67,68,70,71,72,65
71,61
66,71
71,72
67,68,71
72,61
72,63
72,62
79,73
79,73
74,21
78,80,74,76
78,74,75
2,75
74,76
81,76
74,76
74,76
77,82
77,76
77,74
78,83
78,84
79,82
79,74
79,83
79,80
80,81
79,81
80,81,83
81,74
77,82
82,83
79,82
77,83
80,83
82,83
78,84
83,84,73,76
84,75
92,85
92,86
35,86
0,17,87
93,87
88,92
89,86
88,89,24,26,48,28,90,91,92,93,94,95,74,30,96,11,79,16,38,39,19,0,4,127,7,9,62,85,20,86,42
90,95
91,87
89,91,94,85
91,94
88,91
88,92,93
92,94
93,96
92,93
94,95
88,94
94,85
92,95
146,95
91,96
94,96
102,97
100,101,97
101,98
13,98
99,13
100,101
100,107
101,92
101,105
99,100,101,102
100,101
102,105
102,103,98
103,106
103,98
103,104
104,106
104,106
6,105
105,106,108
105,108
99,105
104,106
102,106
101,106
100,107
107,108
107,108
105,107
99,100,101,102,103,104,105,106,108,97,98
104,108
109,120
117,109
110,109
110,13
111,117
112,109
111,112
112,118
110,113
110,113
113,116
111,114
115,118
113,116
111,116
117,118
110,117
116,117
110,118
17,118
110,119
112,119
116,119
113,118,120
132,121
132,121
122,130
122,131
122,124
122,131
122,124
122,130
123,126
124,128,130
124,129
124,16
132,123,125,130,131
121,125
124,125
126,127
121,127
126,128
126,128
132,128
128,31
123,129
126,129
122,129
130,10
128,130
25,130
127,131
121,131
129,131
121,122,127,131
132,28
133,137
133,134,137,138,139,141,142
0,134
134,135,138
143,144,133,134
144,135
135,141
135,84
136,139
144,136
137,140
77,138
143,136,138
138,142
0,138
134,139
139,141
26,140
144,140,142
137,141
133,141
144,141
22,141
140,142
143,137
143,134
143,133,134,135,138,140,141
144,133
143,144
145,149
145,90
155,146
145,146,147,151
146,153
145,146
147,151
148,41
148,151
148,153
149,151
145,146,149,153
149,150,152
149,150
148,150
155,147,150
146,151
44,151
149,151
145,152
148,153
151,153
155,153
145,153
155,153
154,145
155,156
155,156
156,149
157,162
158,159,162
157,158
158,159
166,159
159,163
159,161
168,160
167,160
160,161
166,161
158,161
161,162
158,162
163,164
166,158,159,160,161,162,163,164
165,162
166,167
166,162
167,161
167,16
167,164
168,160
169,29
169,170
23,169
25,169
170,174
178,171
171,174
170,171
172,173
180,172
177,172
173,175
179,174
9,174
176,174,175
171,175
170,175
176,175
176,180
176,179
177,170,172
177,174
178,175
178,174
178,3
177,179,174
179,180
176,179,174
176,179
180,171
176,180
189,181
181,182
188,182
181,182
182,185
181,182
187,183
187,190,192,182,183,185
191,184
187,184
191,184
187,185
188,185
181,186
184,186
187,184
187,191
188,183
188,181
33,188
188,181
189,185
190,182
189,190
188,190
191,192
191,185
25,16,27,18,191,192,181,182,183,184,185,186,0,187,188,189,31
188,192
189,192
193,194
200,201,193
203,193
194,197
193,194
198,195
199,204,195
307,195
204,196
193,196
195,197
202,197
198,38
198,200,203,204,194
199,193
200,196
200,194
200,193
201,194
201,202
198,202
201,202
201,202
201,202
202,203,204,193,194,197
198,203
204,197
204,194
205,50
205,207
205,206
214,206
206,208
212,214,207
3,207
210,211,213,216,207
214,205,207,208
214,208
216,208
216,209
212,209
210,213
0,211,48,4,107
211,18
212,207
23,212
212,213
210,211,213,214
214,6
214,208
211,215
210,215
210,215
216,209
222,217
224,218
227,219
222,219
228,219
220,219
220,179
220,221
221,226
221,222
220,222,224,225,218
222,226
223,228
222,223
222,223
223,217
224,227
224,31
224,227
220,221,222,223,224,226,228,217,218,219
221,225
226,227
226,217
44,226
224,226
221,223,225,227,228,218
222,227
227,19
228,218
228,217
236,229
25,229
233,230
231,239
231,239
232,235
232,234
232,239
233,234
233,234
231,233,234
233,234,240
235,229
111,235
235,240
235,236
235,240
232,236
237,163
237,229
238,239
238,239
231,235,237,238,240,230
236,238
232,234,238,239
239,240
234,240
232,233,240
243,241
243,241
243,241
242,243
243,244
243,250
242,243
244,248
242,244
242,244
244,251
245,247
242,245,246,249,250,251,241
246,248,249
245,246
246,247
243,247
243,247,249,251,241
244,247,248
245,247
243,248,250
246,249
244,249
246,250
249,250
246,250
244,250,241
250,241
245,251
243,251
247,251
245,251
15,251
248,249,251,241
251,252
247,252
251,252
253,254
253,263
254,259
254,256
264,255
255,257
264,256
256,261
254,257
258,262
256,258
264,258
258,262
253,258
256,258
259,260
264,259
253,259
255,259
259,261
260,261,262,263,0,264,253,254,101,256,257,258,259
260,262
106,261
264,261
262,87
260,262
255,262
262,263
261,263
264,260
264,254,261
276,265
276,265,269,271,272
265,269
265,267
265,266
267,271
265,267
275,267
275,267
268,273
265,268
269,271
275,276,270,273
275,270,271,272
268,271
271,272,273,274
272,273
275,272
266,272
266,273
273,274
267,274
269,274
18,270,271,272,273,274,275,265,276,134,266,267,269
275,269
276,269
277,281
277,281
287,277,281
277,279
288,277,280,281,285
286,278
278,285
286,278
278,279
280,283
280,283
277,281
281,285
280,281
287,281
278,282
287,282
282,284
286,283
278,283
279,284
279,283,284
283,284
288,284
288,285
286,287,288
286,76
286,287
287,288
287,282
287,281
288,285
289,102
297,289
290,295
297,290
290,293
291,294
46,292
292,293,295,296
297,289,290,293,294
291,293
290,294
297,294
298,293,294
300,295
290,295
294,295
44,45,25,28,290,291,292,293,294,295,297,298,299,135,137,314,317,71,72,96,31,97,32,12,34,13,35,36,17,0,3,289,300,8,65,21,87
299,296
291,296
291,296
297,24
298,294
297,299
297,299
299,296
299,300
299,300
301,304
310,301
301,302
302,309
311,312,302,303,304,305,308
302,305
302,305
302,305
303,307
303,305
312,302,304,305
302,304
46,304
302,305
310,311,301,302,303,304,305,306,307,309
312,305
301,305
302,306
312,306
312,301,302,303,306,307,309
303,307
311,308
310,311,303,305,307,309
24,46,25,48,27,310,311,312,91,34,0,1,301,302,6,303,304,305,9,108,307,308,309,21,87
311,309
310,307
310,105,119
310,302
311,305
311,309
311,312,308
312,308
312,309
313,319
323,314
314,317
314,317
35,315
314,316,319
322,317
18,317
313,318
317,318
320,321,313,314,315,319
320,315
320,321
322,316
323,313,316
323,251
324,319
323,324
325,326,327,328
325,327
335,326
334,327,328
335,327
327,328
333,328
330,329
330,329
328,329
329,318
44,1,303,329
336,329
330,335
331,332
331,334
331,333
331,332,333,334,325
331,332
332,61
0,332
333,327
332,333,334,336,327
333,334
333,334,325
335,329
16,335
244,126,335,117
335,43
333,336
332,336
334,336
345,337
344,337
337,340
27,337
338,75
343,347,338
343,339
344,339
343,340
341,344,346,337,339
341,344
341,339
342,346
342,344
342,346
342,337
343,338
343,344
343,344
345,346
345,339
343,345
1,346,140,76
346,340
346,347
346,340
346,337
347,348,338
347,340
348,338
348,20
349,351
359,350
357,350
352,354,357,360,350,351
355,350
360,350,351,0,353,354,355,356,357,148,358,359,349,108,81,40
359,351
352,72
352,4
353,355
354,350
355,356,350,351
354,356
353,356,358
357,359
357,349
358,351
353,356,357,358,349,360,350
358,359
357,360
354,360
365,361
369,361
368,361,362
369,362
363,364,368,361
363,366
363,366
363,368
364,361
365,19
365,361
365,369
366,369
363,366,368,369,370,372
366,367,362
367,371
364,367
367,370
367,54
365,368
364,369
367,370
363,370
0,370
367,371
366,368,369,371
368,371
368,372
376,377,379,381,373
380,373
374,383
374,381
374,381
375,382
375,384
375,381
376,378
375,376
374,377,379
376,377
377,373
378,380
379,43
379,381
379,380
375,380
375,381
377,381
377,381
381,382,383,373
377,382
48,383
374,383
383,384
378,383
382,384
383,384
376,377,380,381,382,384,373
378,384
385,32
385,396
386,393
385,386,389
387,393
396,387
387,395
385,388
385,386,387,388,392,393,395
12,389
388,390
390,394
390,394
396,391
385,392
385,392
392,395
392,393
390,393
389,393
56,390,391,392,393,394,0,385,330,396,386,387,388,389,8,81,97
385,394
392,395
396,388,395
396,387
396,388
385,396
397,399
397,405
397,405
398,405
399,400
399,10
400,401,402
399,400
397,400,402
400,408
399,401,402
399,401,405,408
398,401
397,402
400,402
403,407
400,403
398,400,401,403
403,406
399,403
397,400,403,404,406
398,399,401,402,403,404,406
404,405
405,407
405,408
405,406
0,405
401,406
403,406
406,31
400,403,404,405,406
399,406
406,407
400,407
398,407
405,408
404,408
416,409
411,409
410,419
410,415
411,417
411,416
412,415
412,418
412,409
413,415
420,410,414
414,10
414,417
410,411,412,414,415,416,418
414,418
415,418
415,409
414,416
126,416
420,416,419
414,417
414,417
420,417,418
415,418
26,418
418,419
418,419
420,414
430,421,425
432,421
422,427
0,423
423,428
432,424
421,423,424,426,428,429
430,425
425,429
423,426
431,426
425,426
431,422,427
430,428
428,429
432,428
426,428
427,428
421,429
424,429
426,429
2,429
430,423
430,6
431,428
432,427
432,423
432,424
433,71
433,17
433,437
433,436
434,437
434,437
434,438
435,437
435,437
440,435
132,436
26,18,440,441,376,442,443,334,433,444,434,435,436,437,438
436,439
437,439
440,438
440,438
442,439
135,439
440,442,433,444,435
440,439
440,439
441,433
441,442
441,436
441,136,129
0,442
442,433
441,443,438
443,444
440,444
445,446
24,5,446,7,172
446,450
456,447
451,448
447,448
452,448
113,449
449,450
454,450
451,456
451,452
452,449
452,447
453,447
453,447
454,448
451,455
452,455
456,272
455,456
456,447
457,84
3,457
457,42
458,461
468,458
458,461
466,458
467,458
465,458
465,459
463,459
463,460
132,35,39,30,461
45,35,26,16,39,19,151,461,0,2,5,6,8,42,32,65
33,462,15,39
463,466
23,45,24,25,48,297,111,112,338,72,73,95,30,75,10,33,55,34,14,15,16,182,0,100,464,147,5,6,7,129,107,305,9,40,41,42,87
465,458
465,457
0,465
466,458
466,468
466,468
463,466,457,461
467,460
467,457
462,463,468,461
462,465,467,468,458,459,460
468,460
12,36,460,461,0,462,463,464,465,466,467,457,468,8,459,9,52,97
473,469
469,471
473,469
478,469
477,470
475,471
478,471
48,147,471
0,36,325,8,472
471,472
473,476
473,469
473,469
474,46
475,477
475,469
475,479
476,469
477,28
477,472
474,477,478,471
478,469
478,470
478,480
474,479
473,479
469,480
469,480
480,472
481,482
481,482
487,481
490,482
488,482
0,482
484,483
487,483
484,489
484,487
485,489
486,487
485,487
485,487,490,491
488,482
77,489
485,489,482
489,492
489,491
485,489
488,490
485,490,481,492
490,492
486,491
491,492
484,491
484,487,492
17,492
502,504,493,494
503,494
496,493,494
501,494
495,23,30
495,28
495,498
495,496
496,502,503,494
496,6,32
496,499
496,501
496,498
497,494
495,498
498,501
498,504
498,501
499,503
497,499
495,500
497,500
499,500
496,500
500,493
498,501
501,493
498,502
496,502
498,502
499,503
503,504
499,503
496,504
500,504
501,504
502,504,493
37,505
34,505
59,505
0,506
19,506
