0,1
2,4
2,4
2,3
13,3,32
3,7
3,4
3,7
4,6
4,7
5,6
5,8
1,2,5
6,7
6,20
6,31
6,7
2,7
2,7
6,7
3,6,7,8
1,8
2,8
15,9
15,10
25,10
11,13
11,13
12,5
13,14
13,14
11,15
15,16
13,16
24,17
22,17
17,18
23,18
22,18,20
11,19
23,20
29,20
20,21
18,21
18,21
16,21
2,21
22,17,20
22,24
23,18
23,3
23,25
22,23
23,24
25,29
25,26
11,26,9
26,32
27,31
0,14,27,31
26,27
11,27
26,28
0,28,19,21
28,29
25,26,29,30,31,32
29,32
29,10
30,32
31,10
31,32
31,32
0,32
26,32
29,32
22,12,23,24,25,26,17,18,19,0,1,2,3,4,6,7,31,32
33,36
0,33
33,1
34,39
34,39
34,37
33,34
35,37
35,38
35,36
36,10
34,37
2,37,26,19,20
37,54
38,40
33,38
34,37,38,39
37,39
37,39
0,23,15,29,70,40
40,95
79,41
48,41
99,22,42
46,42
22,43
2,43
21,43
44,20
44,46
45,41
45,43
44,45
44,45
24,46
46,30
47,48
45,47
47,48
3,49
0,49
50,30
50,51
5,51
0,51
49,52
56,50,53
22,53
49,54
55,54
55,49,50,52,54
55,56
55,56
56,39
56,54
56,49
57,63
57,60,62
57,60
57,63
57,63
58,20
57,58,61,62,63
58,62
58,60
58,63
57,58
59,64
57,59,60,61,62,63,64
57,58,60
58,60
60,61
0,62
62,63
5,62
59,62,64
62,63
18,63
63,64
61,63
60,61,64
63,64
42,65
66,88,67,23,68,69,15,19,0,1,6,71,72,30,65,54
66,70
67,69
67,71
68,72
68,70
0,69
69,9
69,71
0,3,69,16,5,7
66,69
68,69
70,65
3,70
68,71
71,65
66,72
29,72
70,72
73,30
80,73
26,73
77,74
78,74
79,75
2,75
77,75
67,76
79,76
80,76
73,76
77,76
77,76
78,79
79,73
79,73
79,27,9
77,79
79,76
33,80
81,86
81,84
81,84
81,87
81,10
82,87
81,82,83
83,86
83,87
6,84
84,85
84,85
84,86
84,86
18,87
88,83,85
88,86
88,20
89,93
99,89
90,93
90,91
13,91
92,32
103,92
91,92
91,92
89,92,93,96
7,93
0,22,13,3,18,94,31
102,95
94,96
93,96
101,97
97,98
104,97
100,98
99,16
99,100,101
99,8,30
99,24
99,102
0,100
1,101
100,101
0,102
102,39
102,98
102,20
102,103
99,103
16,104
99,104
112,105
111,105
105,109
22,11,24,105
106,107
111,112,105,106,109
2,107
111,107
107,21
0,24,212,25,4,17,28,19,108,64
105,109
106,109
111,112,4,38,105,18,106,107,108,109
105,109
22,110
110,105
110,107
99,111
112,41
112,109
12,113
113,118
114,120
115,117
114,115
26,115
115,117
115,117,119
116,118
0,117
24,117
22,117
15,117
116,118
45,118
115,119
118,119
116,119
116,119
34,120
121,126
121,125
121,128
121,122,124,125,126,127
122,126
0,122,47,7
123,127
124,127
125,127
126,128
123,126
126,127
126,127
6,127
127,128
125,128
123,128
135,129
67,129
133,129
136,130
129,130
133,131
130,131
132,134,131
132,131
132,133,130
134,129
134,130
134,10
133,135
132,135
135,136
23,136,26
132,136
143,137
144,137
137,142
138,20
138,61
138,18
16,138
144,139
138,139
140,31
144,140
82,140
143,141
137,142
137,142
143,141
143,144,140,141,142
143,138
144,138
144,137
145,153
145,150
145,149,150
145,148,149,150,152
146,9
146,150
146,150
145,147,149
147,148
146,147
148,152
146,149
147,149
27,149
149,219
145,149
149,150
69,150
151,31
145,152
149,152
152,21
155,153
19,153
6,153
160,153
156,153
154,158
154,159
154,58
155,160
156,157
154,156
156,159
156,31
155,157
157,158
157,159
155,158
158,159
156,158
159,20
155,159
155,160
158,160
156,160
161,51
19,161
161,162
1,162
0,163
166,163
23,164
165,164
165,162
166,164
166,161
166,168
166,168
167,168
167,24,19
167,27
168,163
168,62
169,173
79,170
171,173
170,171
171,10
169,172
172,173
23,173
173,175
14,173
14,173
176,174
173,174
174,175
169,175
170,175
176,29
176,172
11,45,24,57,69,37,15,26,16,27,28,0,177,104,6,7,8,9,81,86
177,191
177,179
178,4
0,179
179,184
179,183
179,7
179,182
177,180
178,181
28,181
177,181
23,18,182,31
182,184
178,179,182,184
4,183
180,184
183,184
0,184
29,185
185,186
190,185
190,186
161,186
187,188
0,187,34,3,16,227,86
66,187
188,13,9
188,191
189,190
187,189
3,5,28,190,97
190,192
0,29,191
192,185
189,192
198,193
8,194
194,196
193,194
9,195
200,195
200,195,196,197
193,196
200,196
198,196
1,196,53
197,10
198,200,195,196
198,194
198,200
198,200,195
199,195
199,193,197
199,197
200,181
200,195
200,197
201,203,205,207
201,205,206
201,208
202,18
202,206
25,203
203,19
204,207
204,205
26,204
203,204
204,208
201,205
206,207
207,208
201,207
206,207
202,208
201,203,204,205,206,207,208
210,209
210,23,211,24,213,214,215,216,9,209,40
45,13,57,25,15,0,1,210,211,3,212,213,214,216,209
216,209
212,209
210,213
210,212
211,214
211,25
212,214
211,212,213,214,216,209
211,13,212,14,4,213,214,215,7,216,209
213,215
211,214
213,214
214,215
212,215
212,216
216,209
213,216
0,217
222,217
102,218
14,218
221,219
221,224,219
1,219
0,22,220,59,15,32
220,24
221,223
221,219
221,224
222,21
222,38,18
222,223
24,222
222,223
221,222,223
223,21
223,218
224,218
224,32
221,223,224
23,225,21
0,226
226,227
226,227
227,228
228,230
226,227,229
0,229
232,229,230
227,230
231,228,230
231,232
232,227
232,230
233,236
233,240
67,233,31
233,235
234,237
233,234,237,239
12,234,414
234,239
234,131
0,235
235,72
45,235
236,237
0,236
236,239
13,237
236,237
0,237,8
238,32
238,240
234,238
237,238
236,238,239,240
233,239,240
0,241
247,241
246,247,241
242,246
0,242
243,244
244,8
244,245
242,243,244,247,248,241
0,245
244,245
243,245
242,243,244,245,246,247,248
243,244,246,247
244,246
0,246
246,28
246,20
245,247
242,244,247
243,248
246,248
0,242,243,244,245,246,59,247,6,248,43
245,248
26,248
254,249
255,249
253,249
253,250
16,250
250,251
249,251
251,252
255,256,252
253,256,250,252
4,252
253,178,15,31
253,5
253,19
254,255,249
254,249,250,252
255,256
254,255,249,250
256,249
256,250
264,257
258,261
258,259
259,261
257,259
260,263
261,31
264,261
258,261
261,262
258,262
29,263
264,17
264,261
264,263
265,24,109
265,268
266,272
266,270
265,266,267,268,271,272
3,268,76
268,270
268,271
269,272
265,270
266,270
12,4,271
265,271
265,271
267,272
275,273
279,273
46,274
278,274
275,26,31
276,278
22,277
278,274
0,278
0,278,10
277,279
275,279
280,274
34,27,280,273,274,275,1,199,277,102,278,279,5,8,86,10
279,280,273
281,284
281,283
281,285
286,282
67,282
85,283
281,283
283,285
288,284
2,284
283,284
283,284
27,285
286,12
287,282
287,285
287,31
287,288
24,289
289,294
289,292
290,291
290,291
290,296
289,291,293,295
27,291
290,291,292,294,295,296
38,292
292,295
25,293
291,293
289,293
289,293
291,294
294,32
294,296
6,85,295,31
96,296
291,296
297,302,303
298,303
298,304
299,304
299,300
300,304
300,301
300,301,304
46,300
300,301
301,302,303
297,298,302
232,302
298,302
302,303
301,303
297,303
301,303
303,304
299,304
298,304
298,304
305,307
312,306
0,307
25,18,29,308
15,308
9,309
306,309
310,32
310,312
311,306
312,309
311,312,308
312,306
312,307
313,316
313,314
313,314
314,317
313,314
320,314
320,314
67,314
315,319
315,20
316,31
314,317
313,318
17,318
319,74
22,2,13,313,314,315,316,317,318,319,51
318,319
319,42
320,316
320,317
320,314
321,324
321,325
322,327
323,327
88,321,322,323,324,325,326,327
323,328
324,325
12,324
232,324
324,325
321,325
321,325
22,28,326,9,72
326,328
326,93
326,131
3,326
11,327
324,327
14,327
328,208
324,328
45,329
22,16,18,329,171
333,329
330,331,332,335,329
329,32
330,331,335
331,334
331,336
332,335
36,14,28,0,330,331,332,333,334,335,7,9,329
333,335
333,335
333,335
332,333,334,336
334,335
332,334
0,335
3,335
335,336
337,338
341,338
339,340
339,340
343,339
343,339
344,340
344,340
341,337
342,344
342,340
343,338
343,344
344,338
345,350
345,348
345,348
346,350
352,345,346
111,346
346,349
346,349
346,347
347,350
352,346,347,349,350,351
352,348
348,351
348,52
347,349
347,350
23,13,31,351
349,351
352,351
352,346
353,355
353,53
354,356
0,11,354,2,355,356,357,27,116,358,359,360
0,23,355
355,359
353,356,358
0,356
355,357,360
3,357
357,359
354,358
355,358
18,359,29,21
356,359
359,360
355,360
356,360
355,360
363,367,361,362
363,368,361
364,367,362
12,25,14,26,18,362
363,362
363,361
363,364
363,364
363,368
22,363
364,35,8
363,1,364,365,366,367,368,361
33,365,42
363,366,362
367,362
368,361
365,368
366,368
369,370
374,369,371,372
369,373
375,369,372,373
374,370
3,370
376,370
29,19,371,372,373,374,375,376,369,62,41,31,76
372,373
0,372
375,372
374,373
375,370,373
374,370
374,372
375,15
375,373
375,372
374,375,376,370,371,372,373
376,371
0,376
376,370
376,371
374,376
377,380
378,383
378,382
379,380
379,19
12,379
379,381
380,86
377,381
377,381
380,381
379,382
55,382
377,382
381,383
377,383
379,384
385,29
385,32
386,389
385,386
386,387
385,386
386,391
386,392
23,24,27,28,390,391,93,10,32,11,12,14,15,16,18,0,385,386,122,387,388,389,202,6,329
387,389
387,392
387,388
385,388
389,390
385,390
385,391
11,392
385,392
398,393
396,397,398,399,400,60,393,395
398,393
398,393
11,393
39,393
397,394
399,394
18,394
19,394
397,399,395
396,397
397,394
397,25
398,399
398,400
399,400
399,29
399,400
400,393
102,400,48
401,402
401,408
401,404
402,406
402,406
402,408
403,65
402,403
403,405
359,404
402,405
405,408
406,408
403,406
404,406
407,408
168,47,4,407
12,408
401,408
416,409
411,409
410,7
410,6
23,2,13,3,410,17,6,31
410,409
410,411,415
411,415,409
100,412
412,40
410,412
413,409
413,415
410,414
411,414
413,415
413,415
412,416
417,418
420,418
420,418
424,418
418,65
417,419
419,75
420,419
420,421
420,421,422,16,423,417,418,419,43
420,421
422,417,419
423,418
424,419
99,424
430,425
430,425,429
425,429
430,425
28,426
430,431,425,426,427,429
4,426
426,428
431,426
427,428
425,426,427
430,427
7,428
432,428
430,428
432,429
425,429
430,426
431,432
431,432
0,431
431,432,426,428
432,426
432,426
433,436
0,434
435,436
434,435
435,436
440,436
436,64
2,437
0,437
433,437
434,437
438,439
438,439
27,438
440,438
435,439
4,439
438,439
440,32
440,26
441,442
441,25
441,442
441,447
442,443
443,183
444,445
444,445
445,447
442,445,447
13,445
442,446
441,446
442,446
446,447
444,447
447,62
445,448
442,448
442,448
452,449
452,450
451,454,450
453,450
451,452
451,68
451,449
452,454
453,10
453,148
454,54
452,455
452,455
0,455
11,24,14,16,130,0,1,133,455,8,40,95,20,98,10
454,455
455,8
456,450
457,458
457,459
0,35,15,457
457,458
462,458
463,458
458,42
16,458
463,459,461
17,459
7,460
462,460
457,461
462,463,464,16,457,458,140,460,461
462,461
462,460
463,464,457,461
464,3
464,460
465,467
465,28
465,472
465,466,17,468,469,470,471,472
466,467
465,466,469
466,471
466,468
467,471
467,18
467,470
468,7
469,416
470,32
470,471
52,470
470,472
470,471
465,471
468,471,472
46,472
467,472
473,474
473,475
473,23
473,480
473,479
473,474,475,477
474,479
475,479
474,475,476,479
474,475
475,476
474,476
474,477
477,478
11,477
473,478
475,478
473,474,475,477,478,479,480
477,479
479,480
478,480
473,480
484,481
485,481
484,482
485,482
484,482
7,483
0,483
484,483
484,487
485,483
485,12,6
484,486
0,486
487,8
486,488
489,493
489,491
489,491
15,490
491,492
491,493
491,95
490,492
15,492
492,493
491,493
30,494
99,11,22,25,16,18,192,0,495,4,5,8,86,32
496,493
496,7
497,24
497,503
497,499,502,504
497,20
497,503
498,43
497,498,502
499,500,504
499,502
500,503
500,501
500,503
497,498,499,501,502,503,504
11,14,501
55,502
502,228
502,503
499,504
498,499,500,504
23,14,15,17,29,0,2,5,91,505,97,31,32,10
14,505
48,505
14,505
37,27,506
23,506
