1,10
0,1
1,5
2,3
2,3
3,20
3,18
4,8
0,1,2,3,4,6,7,8,31,21
4,6
3,4
5,19
4,5
5,21
0,11,5,17
5,17
3,6
0,7
4,7
8,9
0,8
11,9
9,20
14,9
0,6,10
11,23
11,16
12,28
11,13
12,13
13,16
12,13,15,16,9
0,13
0,14
15,10
15,7
1,15
14,16
16,20
22,17
24,17,18,20,21
18,20
0,1,17,18,8,21
0,19
23,19
24,19
22,23,19,20
14,25,16,27,17,19,0,2,5,7,20,32,10,21
20,21
18,21
22,7
22,20,21
22,23
23,20
23,25,31
24,19
24,20
24,20
25,27,28,29,31
25,31
0,25
12,26
4,26
26,5,20
0,26
26,9
2,27
26,27
15,27
0,4,27,19,30
0,22,13,25,26,27,28,29,30,31,32
25,28
28,30
28,32
0,29
0,29
29,30,31
30,31
15,31
31,32
30,32
0,32
19,32
33,28,19
33,16
34,36
35,39
35,40
35,32
35,39
35,37
35,70
36,39
36,40
34,37
37,39
102,37
38,30
38,39
39,40
39,40
0,39
35,39
22,23,24,27,29,94,73,30,31,98,55,34,13,35,14,36,15,37,16,38,17,39,18,19,0,1,2,4,5,6,7,8,9,40,63,20,42
38,40
38,40
33,40
44,41
47,41,42
0,41
46,42
48,42,43
0,11,25,43
44,41
44,46
44,47,42,43
45,24
0,45
45,4
45,46,42
46,3
0,46,26,6,29
46,42
47,17
47,41
46,48
48,10
48,9
49,18
0,22,24,50,42,31
49,51
55,52
55,52
56,52,53
51,53
51,54
4,54
24,13,3,4,54
55,13
55,52
0,33,55,56,7,71,50,51,52,53,54
56,50
56,50,53
55,56
57,59
57,64
57,25
58,61,63
0,58
0,59
60,20
0,60
59,60
60,63
61,64
71,61
0,61
15,62
61,62
3,62
24,9,62,30
60,62
0,23,68,36,27,17,18,62,52,63,86
59,60,61,63,64
22,35,101,13,5,40,64
23,65
66,71
67,71
67,96
66,68
68,18
68,72
0,11,100,68,30
66,69
69,7
69,70
12,70
0,27,17,6,70,31
66,70
19,71
70,71
69,71
72,21
69,72
0,72,31
69,72
79,73
0,24,25,14,28,9,73,30,20,31,43
77,74
0,74
74,75
74,75
80,75
0,11,8,76
27,76
0,76
3,76
7,76
77,73
77,87
78,25
78,74
0,79
79,75
79,74,75
0,79
80,9
15,81
81,83
0,82
82,85
83,85
19,83
83,84
0,83
0,84
82,85
22,86
88,86
12,87
88,81
88,82
88,18
88,87
89,10
89,95
89,90,91,95,96
90,41
24,90
90,94
0,89,15,28,91,92,93,94,95,96,31
0,91
91,31
5,92
92,96
11,2,4,92,30
6,93
22,93
94,10
11,23,56,89,15,38,16,28,0,8,82,94,62,20,10
26,95,21
93,95
4,96
4,96
103,97
0,97
23,97
0,98
99,15
99,102
99,97,98
99,104
99,6
99,103
99,97
100,104
100,101
101,104
102,6
22,24,102,20,31,32
103,104
103,98
103,104
25,104
103,16,104
99,104
105,106
0,105
110,105
0,106
106,107
111,107
106,108
112,108
112,109
0,33,109,72
107,108,109
110,105
110,4
110,111
110,111
111,10
112,6
112,24
112,106
113,7
113,116
114,119
114,9
3,115
116,31
116,32
115,116,117,120
28,117
117,19
115,117,118
116,118
1,118
119,20
117,118,119
114,119
119,120
3,120
0,2,27,21,120
121,72
122,126
123,18
123,124
24,123
123,18
124,17
124,18
125,126
0,125
125,128
121,126
121,127
0,127
127,18
0,121,123,13,69,124,125,126,127,128
125,128
129,130
129,130
134,131
136,131
132,174
33,23,68,24,27,29,0,132,104,9,93,96,30
0,133,23
133,134
134,20
135,29
133,135
134,135
136,32
137,141
137,139
144,138
139,20
140,142
143,141
141,142
71,142
23,142
143,140
144,6
144,16
0,144
145,98
146,150
146,152
56,146
146,147
146,7
24,147
147,152
147,8
148,152
147,149
23,68,13,14,15,17,28,29,150,0,5,6,8,93,30,42
150,31
147,150
149,151
145,151
2,151
26,29,152
27,152
192,152
160,153
0,11,4,153
9,153
153,10
154,28
154,160
0,155
0,155
156,160
156,97
157,158
158,80
157,158
158,160
157,159
154,159
159,73
155,160
160,21
160,153
165,161,163
0,66,17,81,161,30,20,31
6,161
29,162
25,163
1,163
166,163
168,164
0,165,16,30
165,162
165,166
165,166
166,162
166,168
165,167
167,164
165,167,168
0,167
168,163
11,168
169,173
0,169
13,170
0,170
0,170
171,173
171,173
170,171
172,174
172,175
172,31
16,173
173,174
170,174
174,10
5,174
0,175
169,175
176,30
0,177
177,3
178,17
178,13
178,31
22,78,178
178,179,181
0,179
179,14
0,180
14,180
179,181
0,103,181,50
78,182
182,32
179,183
178,184
179,184
187,188,191,192,185,186
26,185
185,186
22,186
3,19,186
188,185,186
187,185
0,188
188,192
188,25
189,185
189,191,185,186
187,190,191
190,20
27,191
22,23,24,26,48,27,28,190,191,192,31,53,10,32,11,77,12,13,35,14,15,16,18,186,0,187,1,188,2,189,3,4,7,8,82,60,21
5,192
192,94
24,193
199,193
8,193
193,194
0,194
193,194
195,197
199,196
195,196
31,197
198,197
22,197
200,197
18,197
198,197
199,8
66,22,23,24,25,47,27,29,194,195,196,197,198,199,30,31,10,32,11,77,12,13,14,15,18,19,0,1,2,200,4,104,6,7,8,9,20
200,7
0,200,17,28,9
201,202,204,206,207
201,90
103,202,18
202,21
103,202
203,204
203,8
11,203
204,208
26,204
203,205,207,208
23,205
205,31
201,203,204,205,206,207
12,23,13,24,15,17,29,201,202,203,205,206,207,208
206,208
204,207
0,207
206,207
201,202,204,205,206,207,208
19,208
208,32
215,209
210,213
210,212
210,75
0,210
211,20
0,211
211,215
212,216
212,215
213,216
213,26
212,213
213,215
212,214
214,209
26,214
214,209
0,215
15,215
210,215
210,216
212,216
11,217,20
218,30
220,218
220,219
220,221
221,222
100,221
221,86
222,217
223,19
223,218
223,219
0,224
231,225
225,228
225,105
0,225
0,13,226
14,227,41
227,228
0,227
226,227
0,24,26,228,171,41,21
24,228
0,229
0,229
0,229
232,230
57,230
20,230
231,225
232,7
233,235
234,7
23,234
233,234
234,235
235,7
11,235
0,233,235,236,237,238,239,240
236,237
233,238
238,30
238,240
236,239
239,240
88,240
248,241
11,241
244,241
242,244
243,26
243,241
244,245
243,244
242,244
22,245
0,245
0,246
246,16
244,246
246,30
247,10
245,248
4,248
253,254,249
253,249
249,252
2,250
0,6,7,250,30
27,250
249,251
249,251
1,56,52,252
26,5,252
253,250
253,249
254,26
254,9
254,85
253,255,256,249
255,14
256,6
0,256
256,6
257,260
257,259
264,257
257,27
258,259,261
258,263
257,259
259,260
259,10
258,259
259,260
0,261
0,68,3,261
261,262
257,263
264,263
2,263
0,24,263
264,258
265,20
265,10
265,96
266,13
265,266
267,268
267,270
1,267
267,269
268,16
268,271
267,268
265,269
266,269
0,155,4,269,51
269,270
270,272
0,270
57,271
0,271
267,272
265,272
275,276,278,279,273
276,273
0,274
275,278
275,280
275,102
276,279
277,4,18,42
276,277,280,273,274
277,3
277,274
277,278,279,273
276,278
279,9
279,274
279,6
276,277,280,273
15,281
287,281
281,32
287,282
286,281,282,283
0,282
282,283
282,284,285
24,283
27,283
286,284
286,284
28,284
0,285
9,285
286,288
286,28
287,282
287,283
288,285
22,288
24,289
289,295
11,289
289,292
290,291
289,291
289,290,291
291,294
291,295
0,292
0,4,9,292
292,293
29,292
18,293
3,293
289,290,292,294,295
3,294,32
292,294
293,295
5,295
12,295
1,296
13,296
296,10
297,18
297,98
298,300
0,298
297,298
299,303
0,299
300,303
300,17
300,8
299,301
301,304
14,302
300,303
298,303
298,304
299,304
304,18
23,304,21
303,304
301,304
297,304
301,304
310,312,305,307,309
310,305
0,306,32
0,306
307,308
307,308
306,307
308,72
311,305,308,309
0,308
307,309
310,309
310,309
11,310
310,311
311,20
312,308
312,306
312,307
311,312
0,312
22,46,25,26,28,194,313,314,315,316,317,319,30,96,10,32,13,16,17,18,0,320,1,2,4
313,317
313,18
314,317
22,14,25,18,0,1,2,313,314,315,316,317,318,319,30,21
315,73
0,316
316,318
316,317,319
0,22,13,317
313,317
0,317
315,318
320,318
14,319
69,319
25,319
320,316
320,315,317
321,327
321,322,323,325
0,321,38,8
322,324,328
0,100,23,322,47,20
322,27
322,324
322,327
323,7
323,10
323,324
3,324
22,11,324,5,19
325,7
0,200,16,17,326,172
326,328
0,327
327,21
324,327
325,327
325,328
26,328
323,328
330,329
335,329
15,329
333,329
330,336
330,32
331,335
331,28
331,332
333,26
333,329
333,27,9
333,16,30
334,15
331,334
330,335
333,335,336
334,336
333,336
0,336,6,18,7,19
335,336
331,336
337,338
337,339
344,338
80,339
344,339
50,340
0,341
341,337
341,339
341,29
0,342,12,5,7
342,7
343,340
344,17
344,18
344,338
345,20
22,345
45,346
16,346
352,347
348,351
346,348
348,349,350,351
34,349
348,350
83,351
345,351
348,351
352,17,8
353,359
0,353
0,354
354,355
354,357
354,360
354,355
2,355
355,357
353,355
356,31
357,359
357,173
12,357
0,357
356,357
354,357
357,20
0,357
355,356,358,360
358,10
68,359
359,21
357,359
359,360
26,361
19,362
364,362
363,365
363,367
364,222
364,366
365,5
365,366
364,365
366,20
14,367
0,368
0,368
369,19
369,373
375,369
370,30
22,23,25,49,17,29,371,0,4,5,7,359,9,30,32
374,371
376,371
371,372
371,373
0,373
374,13
374,25
375,373
0,1,375,96,32
375,369
0,376
376,373
0,376
376,29
377,384
377,378,379,380,381,384
14,378
11,69,378
378,382
377,379,382
379,90
22,380
22,23,28,377,378,379,72,31,32,99,55,13,14,19,380,381,383,384,0,1,200,6,7,9,21
377,380
379,380,381,384
377,382
381,382
381,383
381,383
13,383
29,384
16,384
385,392
385,14
386,25
387,28
388,30
388,392
11,389
386,389
388,390
390,391
386,391
387,391
388,392
388,392
0,25,393
12,393
27,393
18,394
398,394
393,394
396,395
399,395
396,32
397,398
398,4
398,393
396,398
396,397,398,399,400
399,393
399,395
399,5
400,395
3,400
400,43
400,394
401,407
58,401
401,404
401,407
402,29
402,405
401,402,403,404
0,403
404,8
0,404
404,407
402,405
18,405
405,406
405,408
406,30
90,406,32
403,407
2,408
413,409
0,409
410,413,414,415
410,411
13,412
412,415,416
412,21
413,21
413,414
414,30
410,415
216,415
15,416
2,416
0,417
423,417
420,423,417
0,48,17,418
22,418
422,418
11,12,13,14,25,29,19,0,1,2,102,4,6,8,80,419,30,32
0,420
420,417
420,5
0,421,93
422,419
422,32
422,26
420,423
0,423
12,24,423,28,19
422,423
0,423
424,29
424,418
18,425,10
432,425
425,427
426,429
430,427
1,428
427,428
430,429
429,21
12,430
430,427
430,8
431,14
431,425
432,425
432,429
433,436
434,437
15,435
434,435
440,435
12,57,436,20,53
436,437
436,437
437,82
0,437
434,438
440,438
3,5,8,438,10
435,438
440,438,439
0,439
0,440
440,436
1,441
441,142
441,442
0,443
441,442,443,444,446
444,27
441,444
444,28
444,445
445,39
445,446
446,448
447,448
441,448
28,448
451,449
24,17,19,450,452,453,454,102,455,5,456,6,8,449,30,54
451,449
32,450
451,455
451,450
451,95
452,14
452,453
453,25
453,25
453,454
454,450
451,455
0,455
454,455
0,14,4,456,9
456,449
11,457
0,458
458,461
1,458
462,459
0,459
462,459
458,459
462,460
0,460
0,461
463,461
10,461
458,461
462,464,461
462,27
462,23
462,39
462,457
462,459
463,461
1,463
0,464
464,2,4
465,19
465,469
466,471
466,468
16,467
468,469
468,30
468,6,42
0,468
4,468
22,469,91,21
466,470
29,470
0,471
21,472
468,472
466,472
473,478
473,72
473,478
0,474
474,477
23,13,14,28,29,0,1,321,475,6,8,9,96,86,21
473,475
475,32
475,69
476,4
0,476
476,478
0,477
477,479
474,477
79,477
473,477
11,45,23,13,24,37,16,27,0,1,101,478,6,7,8,92,20,10
479,480
0,479,18
477,479
478,479
474,480
480,20
481,20
484,481
484,482,483
52,482
482,483
15,482
20,483
487,483
0,484,26,5,9,94
484,482
0,484
485,488
0,486
486,483
0,23,487,19,84
487,482
485,487
0,488
0,488
487,488
0,488
15,489
489,90
489,7
489,490
490,31
0,491,20
12,491
5,491
492,493
492,21
490,492
489,492
489,493
492,493
0,493
492,494
489,494
495,21
495,490
496,95
0,496
497,503
497,502
0,497
497,500
498,503
498,17
498,499
22,498
0,498
0,498
0,499
499,20
497,498,499,501,503
499,26
500,28
498,500
499,500
501,9
501,19
0,502,19
503,504
11,22,55,12,45,23,36,14,26,19,0,7,503,83,30,21
15,504
12,504
0,505
506,52
506,32
