1,2
1,24
1,4
1,4
1,3,6,8
2,3
2,3
2,7
2,3,6
0,3,19
4,7
2,5
5,8
4,5
0,6
7,21
12,4,8
26,8
0,24,19,9
27,9
11,13,14,9
6,10
0,11,13,25,14,5,28,18,19,9
11,15
0,11
11,12
12,16
0,12
12,13
13,9
0,13
12,13,3
12,14
14,15
14,9
15,32
16,7
3,17
14,18
12,18
0,18
27,19
23,19
11,20
19,20
22,18,20
17,21
17,21
22,17
22,21
23,15,17
0,23
24,15
24,20
24,20
25,32
25,26
25,26,28,29,30
0,12,26,18
25,26,28
25,27
26,27
27,31
28,31
28,30
26,27,28,32
0,28
25,28
26,29,30
4,29,19,8,9,31
18,30
6,30
25,26,28,30
27,30
22,13,4,8,9,31,32
0,31
26,32
25,26,28,32
26,32
33,25,14
33,36
33,49
33,54
0,34
34,8
34,43
34,35
35,20
22,36
34,37
34,37
0,37
38,82
0,38
38,39
39,18
35,39
40,74
24,40
46,41
44,22,45,23,14,47,15,48,16,27,29,101,7,41,42,43
73,41
1,42
42,76
30,42
0,42
19,42
7,43
78,43
44,42
45,9
45,2
22,45,78,68,79,24,17,28,18,29,0,3,6,9,84,30,31,98,76,87
46,41
0,22,44,45,46,47,48,42,43
11,47
14,47
24,47
0,47
47,48
68,48
49,52
49,52
89,49
19,50
49,50
50,51
70,51
25,51
52,53
57,52
9,53
6,53
3,53
88,54
19,54
12,54
55,63,43
55,26
55,20
56,49
55,56
44,56
56,49
57,60
58,14
58,62
58,59
59,98
59,28
59,15,28
59,60
60,62
25,61
61,64
59,62
27,62
60,63
63,64
58,64
62,64
71,65
71,65
66,5
66,67
55,67,23,13,15,16,0,1,2,30,31,32,21
67,68
68,19
0,68
66,68
69,16
70,65
70,72
6,70
71,65
2,71
72,65
73,76
70,73
73,74
78,74
0,74
74,76
96,75
78,75
80,76
46,76
77,6
77,79
77,78
77,78
22,78
78,19
77,78
11,79,15,9
79,75
80,74
15,81
4,82
88,89,13,27,0,2,4,81,82,84,85,86,32,10,87
9,83
0,83
28,83
11,83
82,84
17,84
84,31
22,85
85,87
26,85
27,85
104,85
93,86
31,87
88,15
88,85
89,92,95,96
89,91
89,92
90,92
91,96
23,91
17,91
91,31
13,91
92,72
92,93
92,93
92,94
92,94
55,94
90,94
89,94
93,95
92,95
94,95
94,96
100,96
97,98
97,31
99,98
104,98
0,98
99,101
100,101
100,3
100,51
101,38
101,103
102,25,8
102,103
104,18
105,75
105,18
111,105
105,106,107
106,80
112,105,106
1,107
11,107
11,108
206,109
105,109
29,109
107,109
0,110
110,111
110,4
110,28
0,110
110,111,106
111,17
111,105
111,75
112,26
113,117
0,114
114,119
113,114,115,116,117,118,120
114,117
115,96
113,115
0,116
116,117
22,117
116,117
114,115,117
0,118
3,118
113,114,118
117,118
7,118
116,119
118,119
80,119
117,120
119,120
121,11
121,20
121,16
11,122,35,61
122,15
122,82
121,123
124,87
125,93
125,127
0,22,2,37,103,126
126,18
44,126
127,30
55,127
6,128
135,129
129,130
131,10
132,130
132,11
133,212
132,134
134,8
66,135
134,135,136,130
135,19
136,131
0,136
136,43
137,18
79,137
138,139
143,138
11,139
144,140
143,140
137,141
1,141
4,142
138,142
143,137
0,143,59,16
144,16
144,65
145,27
145,17
145,30
145,146,147,149,150,151,152
100,145
145,147
145,146,147,150
146,125
147,152
145,147,152
147,17
148,150
148,149,152
145,146,149
1,150
150,152
9,151
149,152
24,153
15,153
154,58
154,4
154,1
155,25,4,28,96,130,10
155,153
155,158
156,157,159,153
156,13
156,79,25,16,84
155,156,157,158,160,153
157,27
158,87
22,26,28,153,175,154,155,156,158,159,91,51,10,32,15,17,18,160,0,144,3,6,7,20,43
15,159
155,159
155,160
11,160
0,161,140
161,162
162,20
3,162
23,163
166,167,162,163,164
163,164
25,163
163,174
161,164
168,164
165,161,164
165,161
166,164
165,167
167,27
165,168
168,29
169,172
170,120
170,174
26,170
176,171
0,171
176,172
172,174
172,20
172,85
169,173
172,173
173,21
171,174
171,174
174,175
32,175
176,174
176,175
176,173
23,68,24,26,28,29,177,178,179,50,74,31,53,10,11,16,17,18,19,180,181,182,184,0,143,1,100,2,103,5,104,6,7,8,63,21,87
177,184
0,177
178,179
179,53
179,3
179,182
179,18
13,179
177,179,180,184
7,180
181,20
89,181
179,181
181,183
181,183
99,181
178,182
178,182
177,179,181,182,183
180,183
17,183
183,21
177,183
0,101,183,31,32
182,184
178,184
24,184
180,184
28,185
180,185
88,190,191,192,212,71,95,30,53,32,36,18,185,186,0,187,188,3,7,229,60,63,20,21,43
11,186
187,188,191,192,186
187,188
188,186
188,18
189,191
188,189
232,190
0,190
189,191,185
188,191
191,192
191,192
12,78,5,8,192,61,10
9,192
188,192
192,64
11,193
7,193
194,197
194,195
194,196
200,195
193,196,197
67,24,57,25,38,193,194,196,197,0,198,100,199,200,108,30,20,32
0,196
193,197
25,197
17,197
198,194
198,12
198,42
198,113
198,199,197
198,196
199,23,25,15,216,8
22,199
199,23
199,29
199,200
201,207
12,201
202,208
202,28
44,202
203,18
203,205
201,202,204
204,19
205,20
0,205
206,21
3,206
24,58,207
203,208
208,85
202,208
204,208
12,18,29,174,0,2,3,7,80,209,61,94,20,10
68,209
210,81
211,213
211,212
211,212
211,213
0,212
211,212
0,213
79,213
214,216
215,85
215,216
215,64
0,11,215,8
212,216
27,216
23,217
57,217
12,217
220,218
217,218
218,219
221,219
221,222,218,219
220,222
220,219
220,221
221,6,193,97,20,32,21
221,102
0,220,221,222,223,224,28,217,219,10
22,222
22,222,5,20,186
222,224
221,223
223,29
223,218
223,172
187,224
224,84
232,225
211,225
0,225
226,229
26,226
226,229
231,227
227,230
1,227
5,228
13,7,228
24,228
0,17,7,91,229
232,229
225,229
11,229,53
14,15,127,29,8,108,230
231,226
231,3,25
100,232
232,9
233,238
0,23,233,234,14,235,27,236,238,239,240
168,234
0,234
233,234,237,238
135,235
235,27,7
235,50
23,46,26,240,0,155,233,235,236,204,237,238,8,239,91,60
236,237
26,236
236,17
0,89,25,237,9
237,240
368,238
234,239
233,239
239,240
238,239
240,31
7,240
234,240
248,241
246,241
244,241
245,241
29,196,241
9,241
0,242
242,5
243,3
0,243
244,245
245,27
0,245
246,30
246,20
246,247
242,246
0,13,246,8,197
245,247
247,248
247,419
242,248
246,248
246,248
22,249
249,250
253,250
28,250
249,250
254,251
255,252
254,252
12,23,79,260,252,0,3,8,81,71,208,51,20
253,249
253,251
253,255,256,251,252
254,8
253,254,255
255,249
255,251
256,252
257,30
258,260
259,6
259,280
258,260
257,258,259,261,263
257,261
259,261
264,259,260,261
92,262
258,262
264,262
264,262
259,261,262
28,263
258,263
264,261
264,262
265,270,271
265,268
265,266
0,267
13,267
265,268
2,268
268,8
268,19
268,270
4,269
56,36,14,269,17,10
269,271
269,270
266,270,271,272
268,271
29,272
276,273
276,273
29,274
277,274
275,150
276,280
277,6,96,30
277,408
275,278
278,26
278,274
22,23,25,16,28,29,0,1,2,3,278,116,8,30,64,10,43,76
0,279
22,279
44,89,13,15,280,274,0,275,220,276,277,278,279,8,30,75
288,281
282,285
28,282
286,283
288,283
90,284
288,284
287,285
0,286
286,283
287,285
287,281
286,288
288,49
288,281
0,288,31,32
12,289,39,31
289,290
291,293
27,291
292,295
16,292
48,292
293,295
386,19,293
292,293
290,294
12,78,24,183,294,0,1,2,124,4,5,90,70,60,83,75,21,54
0,13,7,90,294
0,294
289,295
69,295
289,295
1,295
15,295
291,296
3,296
0,297
88,297
298,15,10
298,80
299,300
299,8
299,19
300,54
3,300
298,301
297,299,301,304
297,301,302
301,16
0,302,18
303,7
177,303
302,303
300,304
12,304
304,19
16,305
305,306
306,98
306,309
214,306
227,306
312,306
19,307
311,307
310,308
305,308
306,308,309
312,307,309
25,309
0,310
311,8
310,311
312,306
312,306
312,306
312,158
320,313
313,319
314,317
22,89,46,24,36,14,15,27,18,0,315,8,74,52,32,98,10,21
6,316
317,318
317,71
313,317,318
315,318
320,318
0,318
28,318
14,318
316,318
313,318
4,319
320,6
320,314,319
321,49
321,327
322,19
321,322
323,326
24,323
323,29
68,38,16,29,0,1,324,5,8,70,9,40,32,98
15,325
22,44,24,28,18,326,80,8,272,96,31
326,327
12,326
3,327
0,23,169,59,15,327,9,82,21
321,323,324,327
325,327
322,323,324,325,326,327,328
321,328
14,328
56,329
331,329
335,329
330,329
330,329
331,333
331,208
332,20
0,332
333,336
333,148
68,333,18,21
23,24,46,26,48,27,28,29,177,333,30,96,10,76,54,11,13,35,57,16,38,19,162,0,1,2,3,103,5,104,6,8,80,9,408,40,42
334,30
335,336
0,336
336,21
27,337
337,340
341,338
341,338
343,338
341,339
341,339
342,339
342,338,340
337,340
0,340
342,340
0,341,3,25,6,8,85
341,30,10
88,342,14,4,16,30,31,10
343,29
344,339
344,31
22,26,29,391,132,90,50,96,75,55,18,19,182,0,1,3,344,102,4,83,40,63,86,42,21
345,32
345,349
345,351
346,173
345,347
14,347
348,10
15,348
12,348
349,65
6,350
346,350
346,351
352,351
352,345,348,350
0,353
353,358
353,355,357,358,359,360
354,360
11,355
355,356
356,10
356,7
357,359
357,8
0,358
24,359
354,355,356,359,360
360,30
356,360
353,360
93,361
2,361
368,362
363,361
23,364
132,364
0,1,364,60
364,10
365,5
23,68,69,25,27,49,73,51,76,32,11,78,17,19,361,362,0,165,363,1,364,145,365,366,367,6,9,61,84,40,20
363,366
364,367
367,8
366,367
199,56,15,368,5,50
369,371
66,369
22,370
29,370
374,375,369,370,372
19,371
371,31
16,371
8,371
16,372
369,373
273,373
24,373
89,373
374,25
0,374
375,369,370
375,370
0,376
376,373
376,8
11,377
0,378
378,28
378,18
69,379
379,98
38,379
24,15,380,381,383,384,1,168,377,378,5,379,6,7,20,31
381,384
381,383
378,382
382,30
47,382
377,378,379,381,382
383,384
70,384
12,2,200,3,16,384
380,384
385,387
1,386,103,18,73
0,386
386,389,390,391
386,388
387,79
387,6
34,387
387,389
388,25
389,32
388,390
388,390
390,391
387,391,392
391,392
385,391
6,392
391,392
101,392
388,392
22,392
400,393
24,5,17,393,31
2,48,28,393
396,34,397,398,399,400,393,395
394,54
398,395
398,395
396,397,398,399,394,395
396,31
396,395
396,394
396,393
397,393
396,397
396,397
397,6,74
397,394
0,397
398,399
399,29
25,400
400,15
401,64
0,56,401
402,404
401,402
403,408
403,405,407
404,408
24,49,27,19,0,166,2,322,4,103,404,70,31,32,10,21
38,404
405,407
7,405
29,405
118,406
405,406
401,406
13,407
83,407
407,10
36,408
406,408
412,409
415,409
410,416
410,64
411,414
411,162
411,59
12,13,411,7
412,415
410,412
13,5,413,90,53
412,413
102,414
411,415
4,415
416,61
410,416
22,416
0,416
16,417
417,419
421,417
424,417
421,417
19,418
422,418
26,418
424,419
424,419
420,51
421,7
421,419
421,6
422,29
422,419
0,423
420,423
0,423
5,423
420,423,418
420,424
4,424,20
422,424
424,419
424,95
364,425
432,425
432,425
426,160
430,427
431,428
425,428
430,429
430,16
154,430,14
430,432
430,429
430,432,428
431,425
431,48
431,427
23,432
432,429
433,31
433,151
189,433
434,438
0,434
434,436
434,439
434,435
435,438
433,435
436,437
435,436
440,437
437,438
46,17,18,440,2,433,434,436,206,437,438,439,83,408,30,20,43
0,438
438,439
13,438
435,439
438,439
440,438
0,440
441,447
11,441
442,444
442,21
0,443,26,21
444,447
33,23,46,24,59,29,0,441,266,3,443,444,445,446,447,448
443,444
444,31
444,138
442,445
441,446
442,446
446,83
13,446
447,97
448,76
11,449,85
456,449
0,2,5,17,51,31,450,10
455,450
453,450
451,452
451,452,449,450
452,87
453,4
454,450
454,28
0,11,12,454
451,453,454,455,450
455,450
15,456,27,20
455,456
456,449
457,65
457,30
23,457
5,18,458
462,458
464,459
462,464,459
29,459
459,460
25,461
24,461
462,459
463,459
463,464
464,457
2,465
466,64
466,31
14,467
465,467
0,467
467,468
468,7
468,52
0,468
469,470
470,471
28,470
5,470
471,472
28,471
17,472
0,472
473,480
473,476
473,475
474,476
473,474
474,475
474,8
475,479
474,475
12,475
475,476
475,480
476,477
473,476
476,15
477,7
477,479
474,478
477,479
475,479
5,480
0,480
485,481
0,482
484,482
0,482
486,483
484,486
484,481
485,10
484,485
485,486
486,488
2,486
486,481
486,18
11,177,487
0,488
488,42
485,488
23,489
489,60
496,490
496,491
490,492
0,103,492
490,492
491,492
489,493
0,493
8,494
495,489,490,492,494
0,11,495,23,229,153
495,183
496,492
496,492
497,501
498,15,65
498,84
498,499
499,503
3,499
499,500
500,501
500,502
498,500
500,502
500,504
0,501
501,20
159,501
501,504
497,502
497,502
503,504
498,503
499,503
500,503
3,503
504,30
26,505
1,48,505
15,505
25,506
