1,20
1,9
1,2,46,48,7,41,42,21
12,2
3,8
3,5
4,26
4,9
44,4
3,5
12,5
1,4,6
6,7
5,8
46,8,41
5,9
33,9
6,10
25,26,10
23,25,10
6,9,10
11,24
11,9
11,43
12,7
12,2
23,13
13,16
14,17
0,14,17
14,18
14,19
15,39
16,17
2,16
13,16
4,17
17,18
38,18
19,31
19,20
22,15,20
15,21
34,21
22,45
23,15
24,13
33,25
25,27
36,26,27,30
25,26
2,27
34,28
16,28
25,28
29,43
34,30
13,30
1,30
29,31
31,32
25,29,32
35,32
27,32
30,32
33,36
34,30
35,25
44,35
35,28
35,29
36,25
35,36
37,18
48,37,16,41,20
38,40
38,41
0,39
48,39
44,35,46,24,47,15,38,27,39,28,18,3,4,6,9,42,43
39,43
44,12,39,28
40,43
27,40
41,42
40,41
46,41
19,42
36,42
48,43
8,43
38,43
22,44,45,46,48,27,28,30,31,33,34,35,15,37,38,17,18,0,1,3,6,7,8,41,21
44,40
44,41
44,46,48,41
44,2,24,21
45,42
44,46,38,43
46,41
47,20
47,27
33,48
35,48
49,98
57,49
121,49
70,50
50,54
28,50
91,51
60,52
69,52
67,137,53,21
50,53
45,68,25,149,81,53,76
57,54
55,56
55,60
56,78
56,137
56,35
44,57
57,5
22,58
56,58
58,52
11,22,56,35,79,58,49,39,130,142,133,135,148,9,71,20
59,31
57,59
60,87
60,52
59,60,54
55,60
12,79,39,119,9,61,32
67,61
121,154,4,93,62
68,62
150,62
63,65
62,63
70,64
66,67,64
64,65
33,65
63,65
66,69
66,62
66,3
67,114
67,41
68,28,75
68,69
68,72
69,71
69,47
69,71
69,148
68,70,63
114,70
71,63
71,62
14,129,72
88,72
73,75
49,74
73,74
74,75
78,74
79,75
75,76
75,76
26,76
1,76
77,81
77,81
78,107
78,16
78,82
78,81
79,76
79,82
34,80
121,80
80,83,73
80,31
81,152
78,80,81
134,82
77,82,83,73
77,67,78,79,130,110,80,81,82,83,40,73,74,42,75,76
128,82
83,84
112,83
83,94
78,84
4,137,84,97
81,84
90,85
85,41
89,86
0,86
89,47,113,90,91,92,93,94,95,96,85,42,86,87
95,96,86
33,86
93,87
96,87
88,85
88,94
89,90
89,93
89,86
90,92
90,86
88,91
89,91
92,74
88,92
143,92
93,86
93,94
91,93
88,89,93,94
94,86
102,94
90,95
95,96
90,96
145,96
97,153
146,130,98
100,98
108,98
99,43
99,98
99,102
100,106,97
100,104
100,84
100,103,105
0,101,46,125
23,101
35,101
102,47
102,107
102,40
99,102
88,103
103,128
99,103
104,97
68,28,154,111,137,72,74,96,97,98,99,34,58,18,0,145,101,3,146,102,124,103,104,105,128,106,107,9,108,21,43
48,104
105,98
100,104,105,97
13,106
33,11,44,28,106,96
106,107
107,9
108,97
108,98
103,108
105,108
67,109
44,110
110,29,71
110,120
110,28
111,68,46
112,117
112,32
110,112,113,115,119,120
113,114,119
114,103
114,117
113,115
115,116
112,116
46,116,84,141,76
117,43
117,80
111,114,118
118,83
22,120,110,111,134,112,113,114,115,116,118,119,109
119,60
44,120
114,120
121,3
121,146
122,129
122,128
123,47
123,125
123,36,90,8
22,55,78,57,15,17,132,2,102,124,104,116,7,92,93,30,42,31,10,43
122,124
132,123,124,129,131
88,24,25,47,152,110,133,111,113,70,94,74,76,33,55,56,17,39,18,124,126,6,8,108,40
125,21
34,125
126,131
126,128
124,126
112,126
103,127
127,153
22,133,2,58,136,17,128,40,120
128,76
44,45,13,58,15,17,125,115,148,129,107,109,94,40,73,20,32
126,129
129,76
132,124,130
124,131
132,42
132,21
132,70,73
133,134
133,141
143,133,139
121,133,14,61,74,131,43
100,133
134,3,119,40
135,138
143,135
112,135
135,142
136,141
48,136
67,137
13,137
88,37,125,137,27,39,42
5,137
121,137,62
135,138
138,129,62,10
112,138,28,19
78,139
139,95
84,140
140,142
133,140
144,141
13,141
35,141
42,141
144,142
55,142
138,142
143,149
143,142
143,144
144,38
144,1
145,3
22,145
145,146
46,147
145,147
147,32
148,95
148,149,152
147,149
146,149
149,107
104,80,19,150
11,17,150
156,150
154,150
155,151
114,151
151,152
39,151
88,44,69,27,150,151,152,153,154,155,156,137,119,71,96,98,11,34,36,18,0,121,144,100,2,101,146,147,103,125,148,149,105,8,82,60,62
145,152
150,152
118,153
154,153
97,153
154,1
154,11
88,154
154,9,151
154,156
155,19
155,156
156,47
157,5
166,157
56,158
158,164
167,158
110,13,146,14,15,159,170,30
158,159
33,159
291,160
234,160
160,153
161,230
162,76
326,162
157,161,163
18,163
2,163
166,159,163
165,163
162,164
168,164
168,164
165,12
165,306
165,249
166,161
166,31
167,163
167,164
167,157,162
167,168
168,141
168,161
143,169
169,173
88,44,45,68,46,25,47,170,171,173,174,175,176,177,178,179,90,71,95,30,10,14,180,164,200,201,124,103,169,247,7,129,228,9,108,109,209
169,170
11,18,190,170
37,170
176,170,171,172,174
9,171
180,171
270,172
180,172
170,172
191,172
180,173
297,173
147,173
244,173
69,174
264,174
180,175
227,175
176,171
176,67
177,174
178,169
178,171
178,54
179,258
179,172
179,172
178,180
119,181
189,181
189,181
192,182
36,183
188,183
158,183
155,183
33,184
181,185
25,186
182,186
187,145
187,189
22,188
189,5
276,189
188,189
190,185
188,190
190,172
189,190
190,30
190,273
190,191
192,183
102,193
193,96
198,199,200,202,193,194,195
246,194
195,30
99,195
201,196
324,196
344,196
200,201,193,196
201,197
198,50
198,195
198,111,14,38,181,83,63,131
198,94
199,201
200,203
200,193
199,200,197
200,195
198,199,201,202,193,196,197
201,294
66,12,89,38,27,39,142,132,341,2,201,126,138,237
198,201,202,193,194,195,197
202,71
203,194
203,29
242,203
204,293
25,204
204,191
39,205
212,205
210,206
216,206,209
206,209
216,206
216,206
323,206
207,208
0,145,123,179,47,48,59,268,116,207,280
206,208
45,208
239,209
212,209
48,27,28,292,131,252,211,212,213,235,214,138,215,216,339,50,96,97,10,32,34,56,16,281,0,123,267,300,302,126,205,249,206,207,208,209,43
210,216
210,214
210,212
210,214
210,214
210,268
211,326
211,206
212,326
212,51
213,207
213,274
212,213
213,319
212,214
214,219
215,53
211,215
37,215
216,207
216,209
228,217
324,218
13,218
218,140
217,219
220,222
220,222
220,37
220,218
220,221
220,14
221,222,223,227,218
222,225
222,226
223,218
223,28
22,224
224,218
224,10
225,218
26,225
224,226
26,226
227,219
227,228
5,228
24,69,193,172,164,120,122,112,136,147,228,107,329
15,228
234,236,237,229,230
305,230
232,230
231,233,234,235,236,238,239
231,239
231,232,239,229
232,229
233,26
233,17
232,234
234,196
231,234
276,235
235,237
235,31
236,229
25,237
138,237
235,238
233,238,240
239,41
239,240
247,241
251,241
242,9,161,62
242,3
242,62
242,312
242,113
243,53
242,244
244,218
244,292
0,244
244,245
242,245
246,27
246,252
47,247,137,96
26,247
248,249
146,248
247,248
246,249
246,249
249,91
323,250
168,250
56,250
22,250
328,251
248,252
245,252
253,57,123,25,334,8,239,109,308,74,54,10
253,263
253,32
254,46
11,254
77,254,5,149
255,259
264,255
255,47
255,173
256,258
49,261,262,263,264,253,254,255,256,257,258,5,259
257,73,62
254,256,258
258,139
255,258
253,257,258
253,255,256,259
59,259
253,254,260,261
23,260
254,260
257,261
40,261
262,175
262,32
264,263
264,196
264,255
265,268
276,265
265,267
266,25,136
266,119
276,265,267,274
267,16
267,274
266,268
268,5
269,138
269,130
275,269
275,270
50,270
270,274
276,271
265,271
145,271
266,271
270,272
15,272
265,272
276,273
276,273
276,274
267,274
275,269
275,266
275,43
276,274
277,18
278,41
22,88,67,150,333,278,115,71,72,30,53,55,37,59,38,19,280,282,143,220,266,345,6,129,85
1,278
279,126
277,280
287,281
1,311,19,281
147,282
286,287,288,277,278,279,280,281,282,283,285
281,283
35,283
280,284
335,284
34,285
283,285
166,285
286,280,281,285
286,282
286,177,12,322,124
287,10
287,281
287,28
288,282
288,29
288,76
288,277
289,163
297,298,289,290,292,294
39,290
56,290
297,291
48,291
106,292
227,292
293,296
294,153
294,197
171,295
297,296
297,289
297,295
297,291
297,150
297,293
298,245,116,7,106,84,41
299,13
300,295
301,304
310,301
0,301
26,302
36,303
304,305
311,305
303,305
242,306
306,31
82,307
101,278,307,120
301,307
301,306,308
308,20
305,309
310,58
2,310
310,103
310,312,305,308
11,25,232,221,310,311,301,269,302,335,303,314,304,305,306,109,307,308,309,74
198,311,223,147,4,325
312,306
182,310,311,301,312,125,302,303,304,305,306,308,309
323,313
321,313
143,233,313,303,20,65,175
313,43
324,314,315,319
133,314
324,314
321,314
79,315
315,319
316,319
315,316
320,317
316,318
320,155,321,322,323,313,314,315,316,317,318,319,51
329,319
320,324
320,324
321,323
55,23,47,15,171,273,0,132,1,199,321,205,238,119,42,32
321,313
321,316
166,322,32
322,7
322,48
298,48,323,59,17
15,324
22,324
321,324,319
48,325
12,325
330,326
336,326
326,328
288,327
46,327
331,328
29,328
331,328
119,329
13,329
330,36
331,335
331,333,326
332,197
332,92
275,331,233,332,234,4,15,17
332,8
102,333
334,151
334,42
334,65
299,335
335,336
254,336
335,336,328
336,328
342,337
17,337
345,338
333,338
339,340
346,339
348,339
105,340
123,340
0,340
341,329,274,120
341,95
341,246
342,344
0,67,155,211,343,20,196,274
344,345,337
345,339
346,339,30,21
154,346
346,348
346,6
341,346
347,63
347,337
342,345,347,337
341,347
347,348
267,348
348,339,340
359,349
355,350
352,350
4,351
155,36,468,191,184,351
353,358,351
352,355,349
352,80
352,353
354,360
355,350
355,422
355,358,504,141,285
48,356
357,27
352,357
125,357
11,265,357,130
355,358,359
15,358
356,358
358,359
360,21
359,360
485,360
47,361
66,361
0,341,30,361
110,361
12,75,87,362
363,40
363,254,10
364,372
365,368
365,366
366,368
366,21
366,370
367,94
368,314
221,387,147,59,368,49,446,361,31,65,87
368,371
368,369
367,368,369,370,371,362
334,369
228,370,74
379,371
46,372
286,14,39,408,372
114,372
373,76
374,456
374,62
374,384
374,89
375,384
110,375,486,103,160
34,375
376,384
253,377
378,383
375,378,382
378,384
379,393
379,119
379,316
379,9
374,380
378,381
2,381
381,383
376,382
168,382
57,383
338,383
297,384
374,384
385,25
385,386
386,28
352,386
387,57
88,110,210,364,387,116,8
387,267
23,388
387,388
22,389
100,390
385,390
390,393
390,393
387,391
388,391
26,108,392
254,392
393,98
119,393
387,394
11,394
33,394
17,395
385,386,388,394,395
396,128
396,387
397,398
398,399
398,401
398,92
398,406
398,401,402,404,406
399,20
399,207
400,52
401,405
330,46,3,401,19
77,401
397,402
402,348
400,403
403,407
403,404
39,127,404,295
405,73
88,167,399,349,405,50,83
397,405
437,405
403,406
405,406
401,406
28,406
405,406
36,406
400,401,407,408
104,407
408,251
407,408
412,409
72,409
410,417
155,311,411
411,413
411,418
410,412
412,139,51
169,412
412,163
413,94
420,413
113,413
414,417
414,415,416,417
411,415,416
415,409
420,415,416,409
416,419
19,416
416,417
412,416,418
414,416
416,409
417,419
275,330,35,57,79,476,202,149,128,207,417
46,418
419,21
420,117
420,204,92,351
420,70
421,163
421,107
422,142
423,162
423,424
424,425,428
423,424
424,428
421,422,423,424,425,426,428
421,426
422,427
431,427
213,427
33,46,162,430,431,421,432,422,423,456,424,425,427,428,429
423,428
118,428
429,96
430,2,421,16
430,431
11,430,40,30,142
430,428
431,147
431,39,96
432,427
432,114
432,422,424
431,432
433,42
442,433
434,335
434,438
434,437
435,437
435,116
436,92
115,436
135,436
363,437
442,437
441,442,435,437,438,439
438,439
434,438
435,439
440,501
441,442
441,230
440,442
132,442
442,209
440,442,434
440,443
443,434
440,444
444,40
445,130
445,31
451,445
446,447
451,445,446
446,9
446,70
451,447
445,446,447
26,447
264,11,46,27,424,447,80
452,447
3,447
446,448
448,63
136,5,17,449
449,42
449,31
456,448,449
137,450
453,449,450
455,450
238,450
451,288,400
451,54
451,453
451,453
452,449
453,455
453,447
453,456,447
454,449
453,454
455,205
456,450
456,446
456,449
456,404
463,464,457,459
49,457
464,457
22,457
396,433,17,458,29
433,5,458,153
458,461
35,459
364,460
460,21
465,460
457,460
233,460
66,461
32,461
466,461
462,409
462,48
462,460
463,321
253,23,463,123,47,367,148,460,32
463,466
463,464
464,458
464,79
33,465,8
465,245
465,27
56,79,24,26,18,160,163,395,472,0,330,286,1,155,466,313,105
466,458
466,459
101,467
467,351
463,468
466,468
469,480
475,469
474,475,476,478,469,480,470,472
480,470
475,476,471
480,471
75,472
473,281
474,480
475,469
475,471
476,373
475,477
477,479
253,477
478,469
479,76
479,249
480,472
489,481
47,482
486,482
99,482
245,483
484,492
484,491
484,149
484,481
485,491
485,481
485,489
485,488
485,486
486,5,8,151
486,489
487,489
487,70
488,127
488,295
245,488,31
489,482
489,482
489,370
489,491
490,75
489,490
222,490
333,490
114,491
491,30
93,491
491,95
491,492
503,493
501,493
167,493
23,37,141,494
498,494
68,47,330,495,331,111,299,113,116,117,31,34,15,16,38,39,181,380,142,0,143,2,101,201,146,344,289,124,301,368,126,303,80,329,61,84,64
496,16
497,24
497,27
0,45,13,431,498,405,131,472
496,498
498,500
499,82
500,436
59,501
502,93
502,174
499,503
503,482
503,504
504,193
242,504
27,504
139,505
80,9,505
505,40
19,505,96,42
101,505
506,283
