1,60
2,46
12,2
11,2,4
0,2
3,5
3,9
2,4
15,5
5,10
13,6
3,7
6,7
45,7
14,7
0,8
8,31
0,8
8,41
3,9
2,9
24,10
11,5
11,14
11,9
12,16
12,2
12,6,9
45,13
14,7
15,42
15,52
16,41
16,31
22,16
37,17
17,32
25,17
24,17
0,17
57,18,43
27,18
23,19
0,20
17,30,20
22,16,20
16,21
22,21
22,41
22,25
22,28,21,54
22,26
23,20
23,56
23,29
23,56,12,19,9,10
24,17
12,24
25,4
25,30
26,32
26,18
24,27,20
27,17
0,55,4,15,27,18
27,28
25,28
24,28
17,28
0,29
23,29
22,23,17,29
23,26,27,17,30
23,30
45,31
35,31
20,32
42,32
32,43
33,37
34,31
34,31
35,38
35,40
35,38,39
35,36
36,40,42
0,36
37,42
33,38
44,39
0,39
39,42
40,42
26,40
8,40
33,41
37,41
44,41
36,41
11,41
40,42
34,42
40,42
14,43
44,7
44,29
44,59
44,35
44,56
45,31
45,41
46,54
46,58
36,47
22,23,47,26,48,49,28,50,51,52,53,10,54,55,34,56,57,58,59,17,0,7,8,60,20
47,48,52
48,49
44,49
49,50
46,50
60,51
60,52
57,52,54
57,46,48,52,53
58,53
55,53
50,54
48,54
51,54
58,54
58,47,60,51,52,53,54
49,54
55,48
55,10
56,17
56,15,20,53
57,58
57,52,53
58,53
58,59
46,59
47,59
59,60
0,60
59,60
28,61
66,67,68,69,27,177,70,71,72,61,62,74,63,64,75,65
70,62
62,64
67,62
71,63
70,63
67,64
74,65
62,65
11,34,45,46,14,27,17,130,0,123,4,158,51,65,10
62,65
66,61,74,63
67,69
0,67
68,73,65
67,69
57,69
69,75
70,61
0,70
23,70
136,71
66,72
72,64,75,65
68,72
45,73
66,73
66,68,73,62,74,63,75
67,68,70,61,73,74,65
66,67,68,13,58,26,102,70,71,72,83,61,73,62,74,52,63,64,75,65
74,75
83,76
78,76
77,189,25,5
0,77
77,172
78,87
78,79,82
79,82
88,79,90,80
79,25
79,52
88,80
80,82
81,86
19,81
82,85
25,82
81,83
82,84
82,84
49,119,85
77,55,12,78,89,79,90,80,81,82,50,83,84,85,86,10,76,87
88,85
41,86
86,76
0,24,40,86
85,86
81,87
44,88,34,56,14,15,0,134,169,8,50,62,41,52,30
88,79
88,89,79,90,81,83,84,85,86,87,76
44,89
90,82
88,79,90,86
88,90
105,91
91,192
91,98
91,92
25,9,92,140,43
92,98
35,93
103,93
94,30
94,98
45,95,30,53
102,95
95,98
96,98
99,96
102,97
102,97
91,98
178,98
99,100
100,190
101,105,96
101,94
101,95
102,98
99,102
103,21
101,104
105,92
106,118
111,106
28,106
110,107
112,107
107,108
39,108
8,108
111,109
17,109
110,117
110,111,109
110,120
111,17,29,75
111,109
111,109
111,106
112,115
113,119
114,28
114,118
114,107
0,114
111,114
115,107
55,115,43
116,109
114,116
117,65
113,117
48,28,131,117,50,51,52,97,54,33,55,34,36,58,38,186,0,1,100,2,167,169,42,65,21
117,109
116,117
117,164
110,118
118,21
16,119
189,119
113,106,119,120
108,120
121,41
121,125
121,123
132,122
121,122
123,124
121,123,124,125,126,129,130
124,125,128,129
123,124
124,54
121,125
125,126
133,125
132,125
133,126,128
33,187,11,112,126
126,129
127,72
133,127
125,128
133,129
135,129
149,7,129,190
130,32
122,126,127,128,130
126,130
36,130
28,130
134,131
122,131
132,131
134,131
132,30
132,133
133,128
133,124
134,127
121,134,127,128
134,135
68,25,58,37,48,16,29,141,0,1,135,116,53,31
2,135
37,136
136,139
147,137
137,29
178,137
137,139
138,50
0,139
139,140
144,140
150,140
150,141
139,141
141,10
53,141
147,149,140,142
143,146,138,142
145,142
105,172,142
143,148
143,147
143,145
143,140
144,145
144,145
144,7
0,144,45,2,40
145,139
145,142
143,146
146,5,6,170,53
146,47
146,150
145,147
147,136
146,147,136,148,137,142
147,26,192
11,147
147,140
148,93
148,137
0,11,148,137
145,149
143,147,149,139,140
137,150
40,151
155,151
158,152
156,152
156,152
44,55,46,17,160,161,162,151,163,152,164,153,165,154,155,156,158,159
162,153
165,154,155,156,157,158,159,161,162,164,153
154,162
154,157,161,162,164
56,155
156,162
12,156
57,157,41
33,157
157,186
157,152
156,158
26,158
159,163
160,163
160,163
56,161
60,162
56,35,13,57,16,18,162,0,178,51,53,32,10,54
163,164
151,164
38,164
38,164
155,164
165,152
165,57
166,179
166,170
176,166
167,180
167,168
167,173
168,194
168,14,6
169,174
178,170
170,172
103,171
166,172
177,172
172,41
23,172
177,170,172
7,173
179,174
172,174
151,175
147,175
176,33
177,175
178,167
178,170,171
179,169
177,179
179,173
179,180
169,180
169,180
176,180
180,170
191,181
190,181
49,182,20
188,182
19,183
191,184
184,185
182,185
190,191,192,193,182,194,183,195,184,185,186,187,188,189,52
66,11,26,162,186,0,114,5,7,92,50,51,41,30,63,32
187,195
187,193
187,182
187,188
188,183
189,16
189,48
189,190
47,190
191,192
188,192
192,32
7,192
192,181
192,32
193,185
194,186
187,195
181,195,184
17,195
182,195
206,196
56,196
196,197
198,204
198,205
198,5
199,201
199,152
200,50
11,34,200,4,103,10
201,15
201,209
69,202
202,40
4,203
203,204
202,204
204,208
205,207
22,205
202,205
199,205
199,206
200,207
33,208
203,208
363,208
209,196
116,209
210,199,205,209
33,209
210,12
210,164
220,211
211,223
211,224
211,174
11,212
220,211,212,217
12,212
212,213,225,216,217
225,214
56,214,53
214,215
211,215
224,215
223,215
211,216
222,217
214,217
221,223,225,218
217,218
224,213,217,218
211,219
0,220
221,213,216,217
221,213
221,213
221,222
222,212
222,5
111,223
224,6
221,224
224,218
224,32
211,212,224,213,225
213,225
226,50
231,226,240
226,227
226,230
232,233,234,236,226,237,227,238,228,239,240
227,239
227,229
228,120
228,239
235,229
231,234,235,226,238,239,229,240,230
239,230
239,230
29,230
22,231
231,226
231,39
0,231
232,238
232,227
232,229
233,227
233,238
231,234
234,14,17,39,194
234,235,228,239
235,228
235,230
236,240
237,229
237,227
231,234,238,228,240
55,238
239,230
235,239
234,228,239
236,240
232,240
16,241
250,241
243,241
242,254,255,247,241
242,245
242,241
242,255
243,255
243,250
243,20
250,251,153,374,253,254,299,255,51,52,10,32,55,56,36,15,38,39,18,241,0,242,243,188,244,3,245,124,103,246,5,247,248,249,404,9,63
242,245,247,249,252
255,246
44,49,250,251,131,252,253,254,255,179,57,181,142,241,0,242,243,2,245,246,125,247,248,249,21
255,247
154,248
27,248
248,73
248,249
44,250
12,57,250,43
242,249,251
187,251
255,248,252
253,32
253,254,244,255,246,247,249,250,252
254,245
254,250
255,40
242,255,246
264,265,266,256,257,269,259,270,261,262,263
256,27
256,257
256,269
257,261
268,258
257,258
258,260
268,259
258,259
259,263
55,259
48,260
259,260
260,261
270,261
261,262
261,87
3,261
258,259,262
265,262
268,263
261,263
262,263
261,263
264,53
264,257
363,265,60
265,258
264,266
267,270
267,263
55,57,14,59,0,143,176,146,268,214,149,40,73,42
256,269
269,97
267,270
256,270
56,270
275,282,271,285
117,271
280,271
168,7,272
271,273
274,285
277,284,274
275,280
275,12
99,11,45,35,59,39,185,0,275,2,189,149,7,8,50,419,62,53
276,282,274
276,160
0,277
277,279
277,107
277,278
275,278
278,279
275,278
279,59,38,9,60,41,20,120
279,271
56,280
280,281
281,273
18,281
38,282
281,282
279,283
281,283
275,283
23,284
283,284,274
276,277,279,273,285
286,298
286,292
286,294
287,357
286,287
287,292
288,289
298,288
430,289,53
299,289
286,290
286,290
290,291
286,291
29,291
289,291
36,292
292,293
299,293
299,293
294,295
288,294
300,295
288,295
58,268,53,295
295,296
287,299,293,296
297,300,293
297,289
298,288,290,292,296
298,30
298,52
298,37
298,79
299,300
300,296
287,300
300,293
298,300
287,300
311,301
301,304
302,308
312,302
302,314,315,308,309
302,303
303,306
311,303,305
304,315,305,306,307
304,305
311,304
305,309
303,305
56,205,306
306,307
312,303,306
306,307
305,308
129,308
305,308
56,308
0,309
307,309
310,305
310,307
310,311
311,309
311,312,314,306,307
311,40
33,311
311,9
311,302
312,306
312,306
1,69,313,10
312,313
16,313
314,306
314,306
396,310,311,301,312,302,335,313,303,304,315,305,9,306,307,308,309,53
322,316
317,318
0,317
328,318
320,318
7,318
325,318
327,319
317,319
330,320
320,327
321,327
321,316
321,328
322,326
322,7
323,324
322,323
324,316
321,324
322,325
325,318
321,326
325,327
326,327
327,329
321,327
330,328
182,330,320,321,322,323,324,326,327,316,328,317,329,318,319
328,319
7,329
5,329,42
321,329
330,321,322,323,324,326,327,316,328,317,319
275,330
331,343
331,332
332,333
333,48,40
342,333,334
333,334
0,334
333,334
344,335
332,336
335,336
336,337
334,337
336,338
336,338
59,6,339
333,339
334,340
104,340
333,340
341,342
341,334
341,340
342,340
342,32
342,333
331,343
343,340
344,333
344,338
343,344
344,333
342,345
333,345
342,345
22,89,346,107
355,346
14,347
16,347
356,348
348,152
348,349
352,349
353,354,349
352,353,346,347,349,351
358,350
350,351
356,357,347,348,351
352,353,354,355,357,346,358,347,359,349,351
352,353
352,19
352,358,347,359,360,350
352,353
353,359
353,357
352,354,346,349
354,355
354,355
354,359
355,359
353,355
355,351
354,355
354,356
354,356
356,349
357,21
37,357
353,358
359,82
354,359
359,351
312,360
361,373
372,361
366,362
363,367
363,366
363,373
363,365
363,366
364,368,372
364,365
375,365
365,370
55,366
366,371
375,366
367,193
366,367
367,372,362
368,372
365,368,370,361
368,8
369,42
59,370
363,370
370,53
25,371
371,373
8,372
365,372
134,372
159,373
370,373
0,373
364,373
374,78
375,364,365,366,368,370,371,372
375,367
376,42
388,377,384
143,377
377,380
378,418
388,379,380
385,379
379,384
388,389,380,382
380,53
158,380
376,381
387,381
386,381
386,382
382,383
82,382
381,383
379,384
378,384
380,384
385,381
385,378
386,115
387,382
388,390
388,381
388,380
68,14,176,389,334,5,269,7,50,61,40,41,20,53,31,32,10
108,390
385,388,390
16,391
135,391
111,392
396,401,392
402,392
399,393
396,394
399,394
398,404,392,394
402,395
400,395
399,395
396,398
396,399,401,402
396,392
396,405
396,151
397,405
397,398
398,394
397,398
398,267
397,398
0,398
399,404
399,7
400,401
400,405
46,400
333,401,261
401,404
401,405,394
402,97
402,395
402,60
44,403
17,403
403,391
404,395
404,51
397,405
397,405
411,413,416,406,418,409
412,406
413,415,406
71,407
407,419
2,408
45,408
413,408
406,409
418,409
410,227
411,413
411,419
411,409
0,1,111,3,14,4,411,16,17,60,162,41
411,412
410,412
412,413
412,414
415,418
410,415
416,417
44,23,27,370,410,411,412,413,414,415,416,418,419,54,99,34,56,13,36,16,39,140,0,1,2,420,289,4,422,7,8,406,407,408,409,20,21
420,417
416,417,419
411,417
417,419
9,417
406,418
406,418
410,419
146,419
411,419
420,53
44,421
421,422
421,29
432,422
422,434,427
423,428
423,428
423,427
431,424
424,151
425,426
425,428
423,426
422,426
430,427
432,427
427,428,429
434,428
422,429
45,429
424,427,429
430,424
430,422
431,26
432,421
432,434
433,425
433,425
433,108
434,423
166,25,14,434,252
434,435
48,435
12,435
18,436
442,436
3,437
442,437
442,437
441,438
446,439
14,439
446,439
440,437
440,76
441,449
442,9
35,442
442,450
0,443
444,436
442,445,449,450
445,449
445,446
446,438
441,446
443,447
440,447
443,448
436,449
440,450
447,450
451,455
451,34
451,465,458,461
451,463
452,464
462,452
453,456
453,455
453,30
454,461
454,43
465,455
464,455
455,461
455,458
452,456
451,457
465,457
457,460
463,464,453,465,455,456,458,460
463,457,459
454,460
93,460
451,461
454,461
454,461
462,458
462,463
462,464
463,7
463,454,460
464,460
464,50
0,465
465,459
462,465
453,465
35,466
466,471
474,466
466,477,468,471
466,477
466,467
474,467
467,470
467,105
38,468
27,468
468,469
476,467,469,470
469,470
59,470
156,48,103,82,470
12,471
39,472
466,472
148,472
473,466,467,468,472
473,471
473,479
474,119
475,472
475,472
476,468
476,479
477,468
477,472
467,478
478,469
25,478
478,117,91
468,479,471
473,467,479
474,479
479,470
466,480,471
480,470
67,480
479,480
114,481
490,481
50,482
492,482
127,482
492,482
127,482
486,483
14,483
492,483
484,481
484,494
33,484,307,152
485,21
485,57
486,491
486,247
486,494
486,491
487,494
495,487
488,104
45,488
488,98
46,488
45,489,27,8,51
489,481
490,481,492,494
11,490
9,490
0,491
55,491
492,483
492,483
19,492
488,492
484,487,493
484,493
491,494
481,494
489,494
495,492
495,30
495,492
495,492
67,45,23,58,39,185,131,0,496,497,135,498,499,500,501,502,503,504,506,10
496,504
497,504
497,499
498,503
498,502
499,500
499,504
496,498,499,500,501,149,6,502,503,504,505,506
499,500
500,501
24,501
501,504
501,504
502,504
497,503
499,503
14,504
504,506
504,506
18,505
24,505
505,32
505,162
503,505
33,506
504,506
46,506
