1,23
1,2,3,6,8
1,4
2,6
3,5
2,3
3,5
3,6
23,3
2,4
2,4
5,6
5,8
25,6
1,3,14,4,5,27,17,6,7,29,8
4,8
11,23,29,8
1,8
11,9
16,9
11,13,9
11,10
11,12,13,14,10
17,30,32,10
11,14
11,14
11,10
11,16
12,16
12,25
11,12,23,13,24,14,15,26,18,0,8,9,20,32,10
11,13
14,10
15,9
15,9
12,16
16,10
24,17
24,17
24,18
17,18
18,19
23,19
24,18,20
23,21
17,21
20,21
18,21
22,10
22,19
23,17
24,18
22,24
25,26
25,30
26,27
26,31
27,28
27,28,31
11,28
28,31
26,29
25,29
27,29
25,30
25,28,30,32
30,31
28,32
28,32
15,32
33,34
34,36
35,37
35,36
36,40
36,37,39,40
36,37
37,39
37,40
36,37
38,7
37,39
34,35,39,40
66,2,19,41
11,41
44,45,46,47,48,42
47,42
47,42
48,42
46,42
41,43
42,43
44,48
45,46
45,46,47,41
45,41
46,43
0,47,19
44,45,46,47,41,42
47,43
44,48
48,43
55,49
49,53
55,49
55,50,54
50,52
50,53
50,51
49,51
56,51
49,51
50,51,54
52,54
52,54
50,53
51,53
56,52,54
56,54
55,56,49,50,54
55,50
56,49
56,52
56,50
56,51
57,81
57,62
57,63
58,61
59,16
59,63
60,62
57,60,62,63
46,60,10
61,62
58,61
61,63
61,62
57,62
60,62
57,63
62,63,64
61,64
62,64
58,64
66,71,65
68,65
66,67,70
67,25
66,67,68,72
69,70
68,69
70,71
70,65
66,70,71
71,65
69,71
27,72
68,72
68,71,72
69,72
9,73
77,73
46,73
73,74
74,75
80,74
78,75
75,76
77,80,75
75,76
2,76
79,76
77,80
78,75
78,103,32,21
79,80
79,73
80,20
0,80
90,81
36,81
81,86
82,86
88,82,85
81,82
3,82
14,83
82,83
82,83
83,86
83,87
83,85
88,84
83,84
81,85
82,85
86,87
88,86
82,87
88,82
88,4
88,81
89,94
89,90
90,91
90,91
89,92
89,90,92,95
92,93
89,93
19,93
93,94
11,55,12,23,89,14,26,6,90,91,60,93,94,95,96,10
89,95
90,95,96
92,96
94,96
89,90,91,93,96
94,96
100,97
100,98
97,98
99,102
100,98
100,102
101,98
99,102
102,104
102,104
103,104
102,103
103,98
99,100,101,103,104,97,98
100,103
99,100,102,103
104,97
104,98
104,97
102,104
105,109
105,109
106,107
106,109
112,106
48,106
111,107
105,107
110,107
105,107
106,108
106,108
108,109
105,107,109
110,106,109
111,112,108,109
112,109
112,105,107,109
89,25,26,110,111,112,6,105,106,8,107,109,74,30,97
111,109
110,111
111,86
111,108
112,107
113,119
113,118
114,17
114,115
115,118
115,120
115,117
113,116
114,116,117,118,120
116,117,119
117,118
14,118
113,114,115,117,118,119,120
101,8,119,76
118,119
114,119
113,116,117,118,120
121,128
122,124
122,124
122,124
122,126
123,124
122,123
123,126
121,124
124,128
125,126
125,126
121,125
125,126
127,128
124,127
125,127
125,127
124,128
122,128
129,130
2,130
136,130
134,136,129,130
135,130
134,131
132,136
132,133
132,135
133,130
133,134
134,135,131
133,135
132,136
133,136
134,136
143,137
138,141
139,141
22,137,138,139,71,73,95,30,31,32,13,79,19,140,142,0,143,144,3,102,226,9,61,41,21
143,139
140,142
138,140
68,24,15,26,140,141,0,143,144,137,138,7,139,93,83,86,31,10
143,141
139,141
141,142
143,142
138,142
139,142
139,142
33,143,25,27,28,7
143,137
143,140
144,141
144,141
144,137
144,27
145,152
145,149
146,147,152
147,149
147,148
147,149
145,148,149
148,152
149,151
149,150
150,151
145,150
146,147,148,149,150
146,147,148,149,150,151,152
150,152
154,158,159,153
154,153
159,153
154,160,153
154,153
154,155
155,158
156,158
156,158,153
156,158
157,159
155,157
155,158
158,153
158,159
158,159
159,153
157,158,159
155,160
168,161
161,162
167,161
166,162
166,162
165,163
162,163
3,164
14,27,161,162,163,164,0,110,166,2,167,168,7,10,21
165,162,163
165,168
165,4
166,168
166,161
166,163
166,163
166,161
166,164
166,161
167,163
168,161
167,168
169,174
169,173
169,174
170,172
5,170
171,172
171,175
172,175
29,173
172,174
176,174
176,175
169,175
176,170,171
176,169
177,180
177,180
177,180
177,182
178,180
178,179
178,181
179,7,29
179,183
180,183
180,184
180,184
177,180
180,181
178,181
182,184
182,184
178,182
3,183,73,21
183,10
183,98
16,184
188,192,185
192,185
187,185
188,185
191,185,186
188,185
191,186
187,186
187,190
187,189,185
188,192
189,18
189,185
190,191
189,191
190,192
191,192
187,192
193,196
194,195
195,196
11,196
195,196
194,197
198,194
199,197
198,199
198,200
200,193
201,202
201,203,204
201,208
201,206
201,203
201,202
202,204,206
14,203
203,205
203,208
203,207
202,204
201,204
24,205
205,207
202,206
25,15,26,29,0,1,2,3,201,202,204,7,205,206,9,207,208,63
201,205,207
17,207
202,208
204,208
206,208
207,208
201,208
213,209
0,22,23,48,26,18,19,81,209,31,21,10
22,209
210,24
210,211,213
210,209
210,215
210,216
211,216
211,209
212,214
23,213
213,216
211,213,216
212,213
214,209
6,215
210,211,215
213,216
212,216
211,216
222,223,224,217
221,222,224,217,218
221,217
224,218
218,219
224,219
220,219
221,219
220,221
220,221
222,218
222,219
221,222
221,223
223,224
221,223
11,220,221,222,223,224,15,28,217,219,32
221,222,224,218
231,232,225,226,229
225,226
226,229
226,230
225,226
227,229
231,227
227,229
226,227
232,228
225,229
19,230
227,230
231,227
231,230
231,226
232,230
232,225
233,238
233,239
233,234,235,236,237
233,235
234,235
235,238
235,238
235,236
237,240
237,239
238,239
238,239
237,239
236,238,239,240
235,240
236,240
247,241
242,241
242,246,248
243,244
242,243
243,244
244,247
244,241
245,246
244,245,246
245,246
242,243,244,245,246,248,241
244,245
246,241
246,247
245,247
247,248
246,247
244,248
23,24,27,29,176,234,92,93,30,10,32,54,77,12,34,13,35,14,15,17,18,241,0,242,121,243,3,245,4,103,246,247,6,248,7,8,20
245,248
254,249
249,252
250,251
250,252
256,251
251,252
0,253,254,255,249,250,251,252
251,252
253,254
253,251
253,255,250
253,250
254,249
253,255
255,252
256,251
256,251
256,18
257,259
257,261
258,262
259,30
259,263
4,260
260,263
15,260,262,263,0,132,264,388,257,4,258,335,259,83,20,32
260,263
261,262
264,261
260,261
258,262
261,262
264,263
77,57,37,327,32,65,263,43
264,261
264,263
265,271
265,267
266,27
266,267
267,271
265,267
267,268
267,270
265,268
266,268
268,271
266,269
269,272
3,270
16,80,8,270
268,270
47,271
269,272
270,272
269,272
273,21
30,273
275,274
279,274
278,274
275,278
275,276
210,276
276,279
277,273
277,278
276,277,278,273
277,279
276,279
279,105
279,280
8,280
277,280
281,282
281,282
281,285
287,281
287,281
281,282
282,283
286,283
282,283
283,284
17,28,281,282,283,284,285,0,330,100,287,288,211,9,20
283,284
288,285
286,288
287,282
286,287
288,281
287,288
289,294
289,291,293,294,295,296
289,293
0,290
290,291
289,290,293,294,295
289,290
291,293
289,291,296
24,291
24,291
291,294
291,292
292,296
291,292
293,295
292,293
294,296
290,294
292,295
291,296
81,296
297,298
297,301
298,299
0,298
298,304
298,302
298,299
298,303
299,300
298,300
300,301
299,301
301,302
302,304
297,302,303
297,298,299,300,301,302,303,30
297,303
304,93
312,305
312,306
306,307
312,307
311,312,305,306,307,309
310,307
311,307
306,307
312,308
307,308
306,308
310,311,307,308
307,308
310,312,306,307,308
312,309
310,309
310,306
310,311
311,308
311,307
311,312,305,307,308
311,312
312,308
312,308
313,317
313,317
313,317
313,317
320,314
314,318
313,314
313,315
315,317
314,315
313,316
313,316
316,317
320,313,317
313,317
317,318
313,318
314,319
0,319
320,318
320,313
320,317
321,327
321,327
322,325
322,325
323,325,326,328
321,323,324,327
323,326
324,327
321,324
324,328
324,325
323,324
324,325
322,325
324,325
326,7
321,326
326,328
326,327
327,328
15,328
334,335,329
330,9
330,333
331,332
331,335
332,336
332,334
330,332
332,336
332,335
333,334
331,333
332,333
333,335
332,333,334,329
334,336
334,30
330,335
335,336
333,336
342,343,344,337,339
343,337
343,337
338,71
344,338
337,339
337,339
343,340
15,340
341,338
342,337
341,342
343,30
344,31
344,338
345,41
345,351
345,347
346,347
346,349
14,347
352,347
348,351
345,349
345,350
350,351
352,4,345,346,348,349,350,54,351
345,347,350,351
348,351
352,351
352,347
352,347
353,358
353,354
354,360
354,359
354,355
355,357
353,355
354,356
354,356
99,357
358,359
88,44,24,25,27,49,29,378,137,358,30,31,10,11,14,59,16,17,19,186,0,1,101,3,102,4,5,203,6,8,84
355,359
354,360
353,360
353,360
363,361
368,361
366,362
364,362
366,362
364,366,367,362
364,362
363,364,365,361
363,362
363,32
363,364
363,364
364,367
365,16
364,365,361
68,192,361,362,0,363,364,365,366,368,40,30,10,21
365,367
366,361
367,362
367,368
363,367
22,45,24,26,179,72,94,73,11,12,36,15,18,19,361,362,0,363,364,365,366,4,367,80,81
368,20
12,369
374,369
375,370
100,370
369,371
369,371
372,373
369,373
371,373
374,371,372,373
371,373
374,369
374,369
374,369
374,376
375,371
375,376
375,372
375,376
377,378
377,250
377,384
378,384
378,381
377,379
377,378,379,19,380,382,383,384
379,381
352,380
380,381
381,383
381,384
381,382
381,383
379,383
22,384
379,384
378,384
385,388
385,23
386,388
385,386
11,23,56,24,390,391,385,386,387,3,388,389,8,32
386,387
387,391
387,388
387,388
388,391
389,10
389,390
387,389
385,386,387,388,36,389,390,391
388,390
391,392
389,390,391
392,30
393,394
398,393
399,393
394,395
400,395
397,395
393,395
396,29
396,395
396,400
397,399
397,395
397,394
397,399
397,399
397,394
397,398
398,393
25,393,394,395,396,398,399,218,73,51,52,10,11,14,15,0,2,102,400,5,9,81,85,20,86
396,397,398,393,395
399,395
399,393
396,399
397,400
401,408
401,404,405
401,403
401,408
402,82
401,403
27,403
13,404
404,407
5,405
401,405
406,408
401,407
405,407
402,406,408
404,408
412,409
415,409
410,413
410,415
410,412
411,412
411,409
410,411
412,409
413,415
412,413
411,413
412,414
27,414
412,415
410,416
411,416
413,414,416
410,416
416,409
415,416
23,13,14,29,0,420,421,224,4,423,6,424,417,418,419,20,65,21
417,419
417,418
418,419
422,418
419,65
420,421,422,424,418
420,422
420,421
420,421
422,29
423,419
420,424
420,424
425,426
432,426
430,426
431,426
430,426
426,427
431,432,427,428,429
430,427
431,427
431,425,426,427,428,429
431,428
431,429
425,429
430,426
431,432
431,426
430,431,426,429
431,432
431,432
431,432
433,437
433,436,437,439
433,435
440,433,434
434,435,437,438
440,435,436,437,438
435,437
434,436,437,438
440,434,436
433,436
434,436
437,438
23,14,15,0,440,5,434,435,7,436,8,437,438,439,64,21
440,434,435,438
435,438,439
440,439
438,439
440,439
433,439
440,434
440,436,438
440,439
441,446
441,4
441,442,443,445,446
441,446
0,441
442,444
442,443
443,445
443,448
441,443,446
443,444
443,445
444,18
444,445
444,445
444,445
100,445
27,445
441,443,445
442,446
445,446
442,446
442,446
446,448
22,24,28,210,30,10,32,12,57,14,15,18,19,0,1,441,101,442,443,445,6,446,447,448,21
445,447,448
442,447
445,448
454,449
451,452,456,449,450
452,450
451,453,450
451,449
451,453
452,453
452,449
452,454
451,452,454,450
451,452,453,456
451,453,454,455,456,449
451,452,454,450
451,453,454,456
451,454
0,455
453,455
451,455
455,456
457,461
68,457
457,461
457,458
459,75
458,459
457,459
464,459
462,460
458,460
457,460
457,461
458,459,461
462,464
463,461
463,461
464,5
464,457
464,461
464,460
464,7
465,468
465,470
465,466,470
465,466
466,467
466,467
466,470
465,467
467,471
467,470,471,472
468,472
468,261
466,468
469,472
465,469
467,469
470,472
468,470
468,471
466,472
467,472
465,472
473,474
473,477
473,474
474,10
474,479
474,476
475,477
475,479
473,475
476,479
476,480
474,477,478
473,478
476,478,479,480
475,480
474,475,476,479,480
474,480
481,482
484,481
0,481
488,482
484,486,482
488,483
488,483
484,483
27,483
484,486
484,486
484,482
485,487
1,485
485,486
485,486
486,483
486,482
486,487
34,487
484,486,487,488,481
488,481
486,488
484,488
488,482
489,490
495,490
490,494
495,490
496,491
495,491
496,491
491,492
491,494
491,492
0,77,15,28,74,492,10
492,493
492,494
491,493
22,23,24,27,491,492,493,494,495,496,70,50,73,97,32,56,13,57,14,15,181,0,489,8,82
491,494
495,494
495,489,490,493
496,494
496,494
78,497
497,18,40
498,500
498,502
499,501,503
499,503
499,139
498,499
500,504
500,504
499,500
498,501
501,502
500,502
0,502
499,502
19,503
497,498,14,499,501,502,503,504,87
27,503
498,503
498,504
503,504
45,505
1,505
23,17,18,140,0,1,102,91,506,30,65,10,54
