1,12,2,13,3,14,15,5,6,10
2,14
2,10
3,10
3,50
4,15
5,32
5,7
6,9
4,7
7,8
14,8
8,9
7,8
8,10
2,6,8
12,9
5,10
12,9,10
11,9
11,12
13,7
13,9
13,10
2,14
14,15,8
3,15
2,15
15,7
16,19
16,28
24,26,16,27,17,28,29
17,18
18,29
26,16,27,19
28,19
27,19
28,19
25,20
25,21
22,27
22,23
23,26
23,19
23,24
23,16
23,29
24,29
25,29
23,25,18,20
25,17
24,25,26,17,29,19,20
27,18
25,28
28,18
22,28
24,28
22,23,24,25,47,26,27,28,29,30,31,32,36,37,59,17,39,18,19,1,3,6,7,20,21
17,28
16,29
24,29
27,29
18,30
31,32
40,31
17,18,31
45,32
33,45
33,36
33,39
34,36
34,32
34,41
35,39
45,36
36,41
33,37
37,32
34,38
45,38
4,39
33,39
39,32
35,40
40,41
44,39,40,41
34,38,42,32
44,42
38,43
39,43
32,43
44,45
44,34,36,39,42,31,43
44,39
44,36,38
45,40
46,59
56,47
56,48
48,49
11,48
48,50
49,60
35,49
49,50
50,51
17,51
56,51
46,51
57,52
46,52
22,35,52,21
58,60,50,53
55,57,53
52,54
55,59
56,53
56,53
56,6
57,47
57,59
57,60
57,52
57,59,60,51
55,58
55,58
55,57,58,48,59,50
59,49
46,59
48,60
61,30
61,62
66,69,70,71,72,61,73,62,74,63,64,65
74,63
63,64
68,64
64,65
63,64
72,64
74,65
50,65
67,75,65
66,68
66,62
66,74
67,62
67,75
67,63
66,68
69,70
69,73
67,69
69,62
70,61
70,64
71,61
71,62
191,71
71,73
71,72,75
70,72,75
68,72
68,73
73,75
68,74
62,74
67,75
62,75
67,75
61,75
67,75
86,76
88,77
77,89
88,44,89,28,150,137,90,52,76,77,78,79,16,38,0,104,80,81,83,84,85,86,21,87,43
88,77,89,81,83
77,57
77,78
78,83
78,80
77,78
79,81
78,79
79,76
78,80
80,87
90,80,85
88,79,90,81,83
81,84
89,81,85,87
79,81
82,85
89,78,90,81,82,84,76
79,82
80,83
78,84
89,84
79,84
78,84
81,84
77,80,81,85
83,85
86,76
79,86
89,87
88,82
88,83
88,79
88,77,89
89,79
90,19
105,91
91,63
101,92,95
92,93
99,93
102,93
92,93
103,94
92,94
94,96
94,95
95,96
94,96
96,97
96,98
100,97
105,97
97,20
99,97
100,102,92,93,97,98
93,98
100,96,98
105,98
99,94
99,97
99,102
100,101
100,97
101,91,97
12,101
101,102
102,98
101,102,95
103,93
104,105,91,92,96
101,104
102,105
0,105
105,96
106,109
106,119
110,107
111,107
112,108
112,108
110,111,112,113,114,115,116,106,117,107,118,108,119,109
113,109
113,109
111,109
107,109
119,109
110,113
110,53
110,106
110,111,107,109
111,112
112,120
112,114
112,108
110,113
113,107
114,107
113,114
115,38
112,116
116,106
112,116
116,106
116,109
117,106,120
117,109
113,118
112,118
117,119
119,108
111,119
123,42,120
106,120
114,120
117,120
121,133
121,135
121,123,124,126,127,128
121,122,135,124,126,129,131
133,122,126,127,128,131
134,123,131
0,124,26,96
122,125
135,125
133,125
126,131
126,127
127,131
135,128
132,122,129
132,129
135,129
123,130
121,130
132,130
129,130
135,131
132,131
126,131
132,134
132,126
132,127
133,134
133,130
134,123
132,134
135,128
135,40
122,135,127,130
135,124
136,118
136,138
144,137
145,138
143,138
143,144,145,147,138,141,142
143,144,145,146,148,137,149,138,139,140,141,142
148,139
138,139
94,140
147,140
149,141
146,137,141
149,142
143,138
143,148,150
144,142
144,149,139
144,149
145,147
145,146
146,139
143,146
146,6
145,147
147,139
145,147,138,139,150,140
148,137,141,142
148,140
148,150
149,142
149,7
137,149
143,150
139,150
148,150
59,151
151,163
165,159,160,162,151,163,152
151,152
156,152
158,153
154,157
154,86
154,152
155,156
155,161
156,152
156,160
156,163
156,152
157,158
157,161
157,161
158,31
165,154,158,162,153
158,163
159,153
160,151
157,161
161,152
162,153
165,156,161,162,163,164
159,163
160,164
156,164
165,164
165,160
165,155
165,163
165,155
177,166,168
167,170
167,175
167,175
168,180
167,168
169,171
168,170
168,170
167,171
178,167,168,172,175
178,172
166,172
173,20
5,173
144,173
168,174
167,175
176,167
176,177
176,174
177,170
177,175
176,178,175
178,168
178,168
178,174
176,179
179,168
179,180,170
179,169
168,180
191,181
191,181
182,194
182,195
17,183
189,183
193,184
191,194,184
110,184
40,185
181,186
189,186
184,186
187,189
187,192
188,115
190,191,192,193,182,194,183,195,184,185,186,187,188,189,137,107
189,182
190,192
187,191,181,185
191,194
191,184
189,192
190,180,191,192,181,193,182,194,183,195,173,185,186,187,188,189,96
192,193
182,194
188,194
187,195
182,195
148,195
182,195
203,196
210,197
208,197
198,197
198,209
199,206
199,337
199,205
199,202
199,206,207
200,135
210,200
200,202
201,273
201,203
201,202,204
202,197
202,334
200,202,197
203,197
204,196
22,196,197,132,198,199,210,200,201,202,204,205,206,207,208,209
205,197
201,205
204,205
205,80
206,197
200,206
199,207
204,207
208,161
199,203,208,197
0,208
210,209
206,209
203,209
210,207
210,201
210,173
210,203
210,202,206,207
211,47
211,215
211,216
211,215
212,224
213,214
222,214
224,214
223,215
212,215
213,216
224,217
220,221,211,212,223,224,213,225,214,215,216,217,218,219,75
220,223,224,213,217
218,219
216,218
214,219
223,219
220,223
220,214
221,213
221,213
221,222,214,219
223,225
220,222,223
223,218
224,309
223,224
221,224
225,219
220,225
231,232,226,230
226,241
226,230
233,226
235,226,238
234,227
227,228
228,229
228,240
235,229
235,230
139,230
238,230
226,230
240,230,231,232,233,234,235,236,226,237,227,228,239,229,42
231,227
232,240
232,230
233,229
231,233
233,228
233,234
234,240
234,237
235,240
235,230
235,237
231,235,236,226,237,238,239
235,236
235,236
237,228
26,238,20
238,239
226,239
233,239
229,240
244,241
255,241
242,255
242,243
243,241,252
243,244
244,252
244,245
244,241
244,250
255,245
253,245
254,246
25,47,246,16,19,130
255,246,248,250,241,252
242,246
254,246
254,247
243,247
243,247
247,248
249,252
254,249
250,251
250,241
250,251
245,251
250,251
249,251
255,252
253,248
253,111
253,251
254,244
254,245
242,253,255
244,255,251
256,291
256,257
257,258,270
264,267,257,261
256,257,258,269,260
258,120
266,258
258,259
259,261
259,270
260,262
260,261
260,261
267,261
265,261
262,263
270,262
260,262
268,262
259,262
261,263
262,263
270,260,261,262,263,264,265,420,266,256,267,257,268,269,259,349
264,269
264,116
265,319
265,260
265,257
266,258
266,262
266,263
267,18
268,262
268,263
265,268
269,263
267,269
269,261
265,269
268,270
264,270
271,283
279,271
313,271
272,284
431,272
276,273
276,274
281,274
280,274
275,272
275,258
276,273
276,273
275,276,277,281
276,280
275,277,281,271
278,284
278,280
277,278
68,24,278,26,348,182,40
278,273
279,19
280,274
278,280
281,273
281,282
282,283
282,271
276,283
278,283
284,274
432,284
274,285
279,285
283,285
275,285
274,285
286,295
286,292
287,290
287,295
286,288
289,300,291
289,324
287,299,289,291,293
288,290
288,290
297,287,289,290
290,291
287,291,296
298,291
291,293
290,291,170,292,294,295,185,296,297,286,298,287,288,299,289,300,74
265,292
292,293
290,292
297,293
299,293
289,294
297,294
289,294
287,295
300,296
288,296
297,296
298,296
297,287,289,294,295
297,290
297,292
298,299
299,389,49,6,50,295
299,292
299,295
287,300
301,315
301,309
310,301
301,302
301,306
312,301
302,304
302,181
302,308
311,303,315
303,307
310,303
302,304
303,304
312,304
302,305
33,28,18,306
310,312,306
315,307
313,307
312,315,305,307
306,307
303,308
304,308
301,308
302,308
310,308
315,309
308,309
313,309
310,312
310,308
311,313
311,304
312,301,306
311,312,315
310,312,313,315
23,313
313,309
313,306
314,315
301,303,315,306
316,317
316,318
322,317
317,318
356,115,317,173
328,318
330,318
316,318
330,319
323,319
320,318
320,252
320,329
321,329
123,322,158,324,206
322,318
0,323
323,326
322,324
193,330,374,377,239,316,317,318,319,77,17,281,186,320,321,101,3,323,324,325,326,327,328,329,208
324,318
330,325
320,325
326,318
330,327
134,189,327,373
325,328
326,328
326,328
327,328
316,329
324,329
317,329
330,324
330,316
0,330,100,139
331,344
331,343,334,336
331,338
332,344
332,345
332,338
342,333,338
333,334
332,334
45,334
334,339
343,335
344,336
331,337
338,9
338,340
344,339
339,130
331,340
339,340
341,340
335,340
341,339
341,345
342,335
342,336
57,59,391,0,297,176,220,342,2,355,137,405,119,71,52
343,336,337
344,340
344,340
344,345
344,335
342,345
354,355,346,360
353,346
56,346,71,50
357,347
353,347
347,84
357,348,360
358,348
143,348
353,348
348,349
353,349
349,350
357,349
176,350
4,350
352,353,350
348,350
350,351
347,351
347,351
352,358
352,353
353,355,348,351
353,349
354,351
353,355
0,355
353,356
352,356,347,351
356,347
357,346
357,359
352,357,360,350
357,347
352,358
353,357,358,351
355,356,358,360,351
358,350
346,358
353,359
359,349
356,360
369,361
361,373
361,362
372,361
367,362
371,362
363,375
363,368
364,373
364,366,367,373
374,364,373
66,364
364,367
365,268
365,367
366,373
364,366
366,370
365,367
374,363,375,365,366,367,369,371,372,373,362
374,368
367,368
367,369
369,372
368,370,373
370,362
308,370
370,371
371,361
367,371
369,372
371,372
375,372
370,371,361,372,362,274,373,0,363,374,364,375,365,366,368,369
371,373
374,373
374,362
375,370
375,364
375,364
376,380
377,379
377,390
378,381
389,378
379,383
379,105
377,379
377,380
385,380
380,384
376,381
390,382
387,376,390,382
388,383
379,383
378,384
383,384
385,379
385,386,381
386,376
386,389
386,382
387,378,390,384
387,376
388,382
386,388
389,380
377,390
89,391,43
402,391
404,391
392,393,394
392,395
403,393
394,395
400,401,402,394
392,395
404,395
396,403
396,391
397,391
397,404
397,401,402
398,404
398,401
399,392
399,403
399,59
400,395
400,403,405
397,400
400,391
401,402
35,402
400,402
403,392
397,403
400,404
405,395
396,405
403,405
410,406
406,408
410,406,409
417,407
416,408
412,409
410,419
411,419
411,417
411,415
411,412
412,416
412,406
413,8
414,407
420,414
414,415
415,407
412,415
415,406
37,415
410,415,416
414,416
414,416
355,416
415,417
417,419
414,418
419,409
413,419
410,419
420,414,418,409
420,407
420,419
421,429
421,428
421,423
421,433,423
431,422
422,429
423,425
423,425
421,434,424
424,427
424,427
424,429
433,424
434,425
435,426
426,427
431,426
431,427
426,427
423,428
435,427,429
434,429
430,425
430,434
431,433,422,426
432,433
432,429
432,434
432,428
430,433
433,422
434,426
421,434
422,434,427
435,309
435,427
436,447
442,447,437
446,437
437,450
444,437
447,438
448,439
439,450
449,439
440,439
440,443
440,168
441,438
441,447
441,444
442,127
442,446,447
443,448
443,449
444,439,450
444,447
444,448
444,436
444,437
445,450
441,445
444,446
445,446
446,450
436,447
446,448
448,437
442,448
440,449
447,449
443,449
267,449
436,450
451,460
452,453
463,453
454,379
463,454
3,455
456,461
462,453,456
456,457
456,459
453,465,456,459
456,460
453,457
452,457
463,458
464,458
453,459
457,459
147,38,460,21
451,460
462,460
454,461
454,461
462,456
462,456
463,453
463,465
463,455
463,460
464,149
464,456
464,458,460,461
464,465
465,460
463,465
464,465,457,461
452,465
465,326
474,466
466,477
467,478
474,468
469,472
476,470
466,470
467,470
474,471
474,471
466,471
466,472
480,472
470,472
473,469
474,471
474,479
474,14
475,468,480,471
475,467
134,475
475,468
476,466
476,472
473,476
476,477
473,474,475,476,466,477,468,479,480,471,472
473,476,478,470,471
478,426
477,478
467,478
479,480
479,471
476,479
467,480
488,481
481,483
482,494
490,483
482,483
484,486
484,489
484,481
485,487
22,486
485,486
487,492
487,490
495,487
487,491
487,490
485,487
488,481
488,493
489,483
488,489
487,490
33,55,133,3,119,9,490
490,186
491,493
485,491
495,491
485,492
486,487,489,492,482,494
490,492
484,487,481,492
481,493
490,493
212,494
495,494
484,494
487,494
495,487
496,500
496,238,9,109
497,503
497,499
25,27,190,195,174,372,496,497,498,158,235,499,32,56,57,37,59,17,382,387,266,400,103,169,104,501,502,447,8,80,503,504,109,505,506,84,408
498,168
499,505
496,500
46,346,501,107
498,501,505
502,506
502,503
368,502
496,500,502,506
498,503
59,504
497,504
503,504
71,505
496,505
504,506
501,506
505,506
