1,29
1,12,3,7,9
2,19
12,2,6
3,42
3,4
4,51
4,6
4,10
5,29
26,5
5,10
6,9
13,6
1,7
28,7
26,7
38,8
27,8
9,51
4,9
9,50
12,10
4,10
11,13
11,7
0,11
12,10
11,13
13,43
13,52
22,14
14,4
57,15
15,7
11,15
35,15
26,16
56,16
25,16
17,29
48,17
5,17
15,17
37,18
18,53
23,19
19,20
26,19
30,20
5,20
30,20
18,21
29,21
26,21
17,21
16,21
0,22
22,24
22,28
22,25,26,16,29
23,27
23,18
23,28
23,14
24,29
24,18
25,19
23,25
26,20
23,26
23,26,16,18,19
34,26
49,27
27,30
28,41
28,8
36,29
1,30
24,30
12,30,53
1,31
51,32
4,32
34,32
33,39
33,41
34,42
34,60
35,40
44,35
34,35
33,44,34,45,35,36,59,38,39,40,41,42,31,32,43
34,36,37,41
36,41
45,36
33,37,32
45,37
37,40
36,38
33,39
36,40
56,41
57,27,8,41
0,23,9,41
50,41
39,42
33,34,45,36,37,38,40,41,42,31,32
36,42
23,42
8,43
17,43
17,43
44,31
44,37
44,31
45,32
45,37
45,48
46,7
55,46
36,47
46,47
58,48
56,48
55,56,49,5
49,52
24,49
11,1,37,16,49,50
49,50
49,50
12,50
51,54
58,52
60,52
55,53
51,53
53,54
59,54
26,54
55,48
55,9
56,6
22,23,45,24,46,25,47,29,50,31,53,11,33,55,56,57,14,36,58,59,16,38,18,19,2,3,4,60,41,20,43
24,57
57,59
57,32
12,58
58,52,53
59,20,21
48,60
47,60
60,53
36,61
102,61
61,73
61,63
78,62
50,62
62,87
17,62
69,63
63,75
71,64
0,65
55,23,16,49,39,184,186,154,100,188,126,8,62,74,30,65,10
61,65
66,61
67,71
67,65
67,42
68,72
69,74,63
68,69
70,92
70,72
70,71,63
68,70
71,51
72,75
33,3,105,73
67,73
67,71,74
37,74
61,75
63,75
81,76
80,81,76
77,112
77,82
77,85
77,158,92,183
88,77,89
78,103
79,6
79,4
79,80
79,90,80,81,87
89,79,90,83
80,84
80,83
81,183
29,81,164
187,81
81,20
82,84
82,63
78,83
83,31
113,83
88,83
83,86
1,84
80,84
85,10
80,85
110,85
89,85
7,86
161,86
89,86
54,87
80,85,87,76
88,82
89,76
89,78
90,86
90,83
79,90,82,85
26,90
99,91
91,119
46,104,127,92
92,184
168,93
166,93
93,97
15,94
99,94
84,95
105,96
12,18,96
102,97
96,97
38,98
91,96,98
99,193
99,115,52,140
99,103
100,39
68,13,24,47,48,27,100,2,3,146,124,126,105,81,109,51
100,95
34,100
101,95
102,92
35,102
103,140,53
103,158
104,31
112,104
104,60
102,105
106,109
89,106
112,116,118,107,119
106,107
107,109
117,108
110,118,119,108
109,32
46,69,28,110,111,134,112,113,114,115,116,117,118,119,10,98,54,55,13,79,164,120,186,0,144,124,7,107,108,109,21
110,120
55,111
12,112,102,47
176,112,29,53,32
112,107
112,115
113,119,120
113,118
113,81
110,113,106
114,107
114,27
114,15
115,149
115,51
116,117
116,117
116,109
116,108
114,116
117,164
118,119
80,118
118,119
114,119
119,120
149,119
119,160
0,91,120
121,122
122,78
122,14
122,114
123,129
124,48,26,160,53,175
123,124
1,125
55,125
122,126
127,53
135,127
132,128
3,129
160,130
126,130,131
132,130
126,130
123,131
45,131
132,122
23,13,24,25,59,193,185,1,133,3,102,91,52,32,10
133,124
134,118
134,125
134,127
132,135
135,130
135,17
135,139
135,131
4,136
137,138
148,137
137,30
33,138
138,7
138,53
148,138
143,139
24,140
149,141
117,141
145,159,195,141
137,141
136,142
144,146,147,142
143,141
143,147
143,140
144,138
144,149
144,81
144,141
144,61
145,142
143,145,149,150
12,145
146,169
143,147
165,147
147,142
99,147
147,138
148,91
148,142
122,148
48,149
149,141
146,149,142
137,150
156,150
25,151
157,151
102,152
121,19,152
12,152
165,154,155,156,157,158,161,162,152,164,153
143,153
154,61
165,155
156,172
156,142
45,156
156,164
157,164
34,157
132,157
111,158
159,151
159,164
159,161
160,32
160,152
60,161
0,161
156,161
157,162
165,162
60,163
161,163
173,163
161,164
165,154
165,159
166,16
166,168,7,81,161,85
167,194
176,166,167,168,169,170,173,174,175
168,169
168,173
178,169
169,52
169,30
57,170
170,83
166,170
176,170
133,171
4,171,186
101,171
178,171
170,172
179,172
178,172
176,172
166,173
2,38,173
167,173
167,173
180,170,174
8,174
180,175
176,42
177,133
177,171
177,174
177,167
177,138
178,5
176,178
178,43
178,179
177,179,168,170,171,173,175
179,173
24,180
180,170
181,60,42,65,175
121,181
190,181
182,43
110,183
181,194,183,195
191,184
52,185
44,185
193,185
191,186
19,186
187,28
187,13
188,190
188,74
189,183
189,30
189,46
189,190
191,181
191,109
191,181
192,194
188,192
193,185
57,193
193,185,186
194,185
37,194
193,195
195,53
191,193,183,195,185
196,197
209,196
207,197
210,18,360,197
71,197
58,171,197
198,204
199,208
199,170
199,435,359,405
200,302,390
201,202
201,174
201,206
202,209
202,53
201,202
203,250
210,204
176,204
199,205
111,168,103,128,205,190,182
276,14,206
198,206
206,20
68,206
198,200,204,205,207,196
208,162
199,207,208
208,197
5,208
204,209
209,21
210,73
211,30
211,215
211,24,41
212,225
220,221,211,222,289,212,223,224,213,225,214,215,216,217,219,31
212,214
212,214
212,224
213,40
122,214
214,215
215,139
215,307
215,219
433,216
223,216
379,216
214,217
223,217
215,217,219
221,218
101,218
220,215,219
9,219
220,38,238,10
220,104
221,40
222,224
222,218
223,118
212,223
223,158
212,223
222,224
266,224
212,225
226,319
423,227
227,239
234,227
228,426
235,236,237,229
236,229
229,240
232,226,238,228,229,230
277,256,226,127,162,230
24,434,346,230
38,230
231,232
231,77
231,424
232,239
232,155
233,163
233,350
233,405
234,108
231,235
35,235,358,350
236,7
236,228
236,372
233,237
236,237
233,236,226,238,229
238,228
236,238
29,239
227,239
154,239
239,407
231,234,236,226,240
18,240
241,252
249,241
242,251
242,247
243,247
243,244
11,243,388,42
244,26
244,245
245,27
245,252
146,245,130
255,246
255,247
247,248
247,18
248,19
243,255,249
246,250
242,251
250,251
246,249,252
27,49,273,230,252,176,155,157,334,356,114,52,35,37,16,186,320,223,169,5,423,105,128,406,61
253,254,252
254,246
254,250
254,27
255,16
256,175
256,258,269,262
256,270
265,257
257,262
265,256,257,268,259,270,262
388,257
0,257
270,260,261,262,264,265,254,288,266,256,267,257,268,258,269,434,259,97
264,257
0,258
258,252
258,262,263
267,259
260,262
348,261
254,261
371,262
266,262
262,263
256,263
264,28
265,256
55,265,431,60
265,269
265,183
264,266
267,262
268,260
258,269
266,258,269
3,5,269,318,350
125,270
267,257,269,259,270,261
222,103,415,270
264,265,256,269,259,270
278,271
91,271
385,271
22,271
14,272
272,173
273,131
273,285
18,274
277,274
24,274
53,274
275,168
276,18
276,279,281,282
22,277
278,271
276,279
279,40
279,280,282,284
280,271
278,281
157,281
100,282
277,281,282,272,285
282,283
283,30
379,184,283
283,284
248,140,284
407,284
312,285
69,285
286,177
286,21
286,293
286,399
287,54
297,298,287
287,292
287,288,289,291,293
288,183
45,56,49,392,188,288,225,5,423,412,159,226,314,216,92,418,31
297,288
289,290
49,290
286,290,294,296
12,291
291,294
292,293
286,293
5,293,20
90,294
294,42
107,294
297,295
288,295
289,295
286,295,296
295,296
297,299
298,296
298,293
299,201
286,299
299,14,47,16,316,229,191,219,380,84,142
44,299
288,299
300,48
300,81
301,306
301,304,308
3,302
104,302
303,304
303,306
302,304
301,304,306,308
305,308
34,48,59,2,354,387,299,344,259,305,118,71,60,31,98
238,305,54
310,306
306,293
310,307
310,308
307,308
304,308
309,141
310,156,388,14,27,325,29,8,40,262,42
310,130
310,202
311,313
311,205
88,38,18,251,276,278,311,389,147,139,8,109,82,54
311,307
312,6
312,315
310,313,308
313,40
311,313
47,313
311,313
302,314
314,306
310,314
315,53
315,206
316,85
169,316
330,316
317,71
93,318
329,318
321,318
305,319
330,321,318,319
320,324
320,104
320,140
321,24
321,319
322,28
323,325
122,323
146,324
57,324,129
420,325
323,325
325,329
330,325
378,325
326,329
325,327
326,327
327,317
327,52
36,327
322,323,328
23,57,81,180,328,52
327,328
0,34,328
329,319
1,329
330,50
330,326
330,322,326
44,331
331,147
341,332
332,333
332,337
146,333
345,334
334,292,10
35,334
145,334
332,335
335,337
335,338
344,336
336,337
337,151
337,52
157,59,337,150
337,81,51
343,338
338,394
331,339
339,151
12,35,15,339,428
334,340
341,339
341,336
341,256
0,341
341,344,337,339
340,341,331,342,332,343,333,344,334,345,336,337,338,339
342,318
342,295
342,343
341,343,334,336
1,343
344,225
121,344
345,339
137,346
346,51
354,346
354,346
358,347
348,318
348,317
349,295
300,349
57,349
348,349
84,350
347,350
359,351
355,359,348,351
352,55
352,355,360,351
353,101
110,353
354,346
354,161,273,87
355,10
355,357
355,356
356,17
114,246,357,239,171,41
357,346
357,349,350
357,41
358,152
401,358
354,358
359,348
359,350
356,359
355,360
356,360
349,360
125,360
89,361
364,361
368,362
115,104,42,362
363,362
363,105
363,254
364,362
374,364
365,367
365,369
365,367
365,433
110,1,299,366,163
69,14,37,15,29,176,341,1,386,366,104,203,239,50,408,97
367,362
364,367
366,367
363,368
375,369
369,19
187,369
370,64
1,371
371,20
272,372
0,372
370,372
368,373
373,76
374,85
374,386
374,124
375,362
375,178,48
375,364
375,371
376,383
12,376
79,377
386,378
78,420,124,378
378,91
57,379
379,292
378,380
376,381
3,381
382,383
382,384
290,382
81,382
107,382
388,383
183,384
388,377,384
385,22
385,387,379
33,386
386,389
387,40
385,387,376,388,377,389,382,384
178,388
389,247
389,41
389,390
246,390
26,426,390
377,390
127,390
404,391
402,391
13,391
392,393,394
393,74
393,41
16,393
393,395
393,395
0,248,413,160,96,173,152,394
418,394
404,395
19,395
396,98
396,42
396,397
397,395
397,9
397,36
398,399
398,393
398,405
398,269,50
399,395
399,401
400,402,405
143,401
401,393
401,84
0,402
401,402
403,393
404,393
3,405
47,406
34,6,406
420,412,406
410,417,407
411,408
416,408
407,409
147,409
25,410
410,59
410,411
411,406
412,406
12,413,294
358,413
159,413
165,354,49,38,414,182,51,294,30,263
414,407
24,414
232,415
420,416,419,408
416,93
417,295
0,418
420,410,411,412,413,416,417,406,418,407,419,408,409
406,418,419
407,419
57,419
420,159,360
420,413
420,149
420,205
100,101,421,414,60,32,241
421,347
421,422
310,422
422,20
423,90
367,423
330,423
423,184
424,425
424,41
423,424
38,425
425,426
425,19
434,426
125,426
12,427
69,116,70,427
424,428
69,429
430,426
430,427,428
430,429
23,430
431,427
431,434
34,431,147,142
431,149
431,432
432,421
433,422
433,426
430,432,433,425,427,428
34,135,433,53
434,29
434,292
435,391
443,436
436,194
444,436
143,436
435,437
443,437
438,207
200,438
0,439
441,439
447,439
149,439
441,439
444,438,439
440,162
242,440
440,44
441,444
441,329
441,308
442,438
442,446
443,26
443,437
444,438
441,444
445,437
445,446
446,448
145,446
436,447
447,19
145,448
211,234,448,272
143,478,448
449,63
442,450
194,450,153
79,304,450
451,465
451,139
452,367
452,250
144,453
454,41,20,230
455,40
455,458
177,145,113,14,455,27,336,260,120,186
421,455
455,460
455,418
464,456
464,456
276,457
2,457
22,457
265,457,51
452,458
469,458
465,458
457,459
144,157,91,460
86,460
456,461
462,50
462,465
463,454
462,463,464,465,458,459,460
463,38
463,36
464,453
464,465
466,477
46,466
467,404
467,500
477,468,469
474,468
469,306
322,469
1,470,76
73,471
503,472
473,472
473,475
474,476
475,477
475,479
475,471
113,476
34,477
477,348
169,477
2,477
478,72
478,469
12,147,49,479,32
479,472
479,196,42,131
338,480
480,183
480,20
468,480
481,151
334,481
481,493
490,482
495,483
485,483
490,483
484,489
484,302
484,490,482
485,326
485,486
485,35
486,481
486,482
486,504
495,486,489
486,487
487,491
488,494
495,488
495,489
489,490
484,495,485,487,489,481
485,490
490,492
193,490
417,491
489,491
266,399,491
492,482
449,492
345,493
392,493
484,493
482,493
492,494
495,485
495,328
495,57,226,80,482
495,488,481,492
496,58
497,502
497,504
498,8
498,503
499,70,86
499,137
500,28
501,170
501,153
501,505
502,504
278,502
497,502
37,59,28,271,294,352,222,278,158,259,116,503,339,72
497,499,503
346,503
215,504
504,74
499,505
379,505
426,505
496,23,12,497,499,500,501,502,503,504,505,506
22,506
503,506
