1,24
11,1,7
1,2
2,36
11,2
0,34,2,35,36,27,28,18,51,53,32,10
3,6
3,10
4,9
0,11,45,24,5,6,51,31
5,52
5,6
6,7
13,6
13,7
0,7
4,8
14,8
12,9
14,9
49,9
0,10
12,10
11,10
11,38
11,35
12,3
12,15
12,3
13,8
13,8
14,50
14,9
14,53
15,41
15,10
15,7
16,6
17,42
0,18
4,18
16,18
16,18
18,29
48,19
25,19
29,19
23,20
30,21
26,21
27,20,21
22,17
22,16
22,17
23,30
23,4
24,51
25,19
26,52
26,28
16,27,29
26,27
27,9
27,21
1,27,31
27,28
28,21
27,29
27,29
24,27,28,19,30,20,21
23,30
41,30
58,31
40,32
20,32
42,32
37,32
35,32
33,49
33,36
33,37
33,34
34,10
55,35
35,60
36,41
36,32
36,31
35,36,37
24,38
34,39
11,39
22,44,23,45,46,25,26,48,27,29,51,52,31,53,10,54,33,13,35,36,37,59,16,38,18,0,2,6,8,60,40
0,41
0,55,49,41
7,42
53,42
41,42
5,43
34,43
24,43
24,43
44,43
36,43
38,43
44,38
44,23
44,45
34,45
45,49
0,46
47,29
0,47
0,48
56,49
49,50
50,31
55,51
60,51
25,51
58,52
26,52
44,52
51,52
20,53
0,1,56,58,38,30,54
18,54
51,54
55,16,29
55,51
56,58,47
57,49
55,57
55,57
11,57
58,53
58,53
58,10
46,58
0,59
59,52
58,59,60,52,54
69,61,74,63,64
124,17,62,86,42,10
25,63
56,63
58,63
63,64
62,64
61,64
22,102,16,172,140,65
25,65
40,65
62,65
66,64
67,93
33,67
155,68
68,25
68,30
66,68
69,18
57,69,58,31
36,69
69,70
70,73,63
70,74
23,70
70,54
17,19,8,70,42
70,63
16,70
66,69,70,71,72,61,62,74,63,64,65
67,72
72,42
37,59,60,72
0,73
69,73
73,74
62,74
39,74
74,30
69,74
0,74
135,75
73,75
52,75
81,76
34,45,56,89,47,59,38,17,5,126,40,20,53,76,21,54
77,54
77,81
78,79
44,78
88,89,45,46,48,27,190,175,177,90,31,76,54,77,78,79,57,58,15,59,17,18,186,0,1,4,5,104,6,80,81,82,83,84,86,42,87
78,76
78,174
89,78
79,118
79,48,17
11,24,79,10
89,80
80,51
80,84
80,83
38,81
89,81
79,81
82,43
34,82
82,87
80,82
83,85
83,20
84,86
35,84
81,84
36,85
85,87
58,86
89,86
86,87
85,86
83,87
88,83,84
88,87
77,89
89,50
89,80,85,86,87
89,41
4,90
90,84
102,91
92,10
101,92
104,91,92,93
105,93,96
105,93
104,105,94
71,94
123,94
95,10
60,95
102,96
100,96
47,16,80,118,96,97
150,97
99,96,97,98
0,99
99,26,130
99,97
99,26
100,58
99,100,105,95
25,26,29,193,171,195,177,92,75,31,10,13,79,57,15,37,17,120,0,100,146,40,64,21,43
100,101
101,14,42,54
101,53
102,192
47,103
103,16
103,59
0,104,27
104,29
103,105
132,105
104,105
106,109
107,119
0,107
110,108
38,108
12,108
110,108
107,108
37,108
24,109
91,109
115,109
110,116
110,20
111,37
111,107
111,25
111,52
110,112
112,118
112,21
112,19
110,112
55,44,112
110,113
33,24,113,58
113,60
120,110,112,113,114,115,116,106,117,107,108,119,109
24,114
114,120
112,115
11,23,115,10
35,116
116,117
5,117,164
118,52
118,108
118,119
9,120
114,120
135,120
121,5
121,128
132,121
122,2
123,125
13,124
124,30
125,128
125,120
134,125
122,125
126,93
126,127
138,127
135,127
44,89,15,27,17,151,0,133,159,127,9,41,52,32
1,128
132,128
132,128
123,129
47,130
11,44,38,28,106,9,130
124,130
130,131
19,53,131,164
132,134
132,51
132,158
132,55
133,37
133,32
0,134
57,135
121,135
135,127
144,136
137,139
137,149
137,138
22,138
146,138
138,9
132,57,59,38,138,18,139
39,138
56,139
45,38,139,180
139,141
140,32
140,43
24,141
148,141
141,142
143,40
143,145
144,141
144,141
144,148
144,147
144,195
145,146
145,4
145,146
146,192
55,1,146,117
22,147
148,139
148,139
137,149
0,22,26,15,149,119,43
0,149
48,150
35,151
151,152
8,151
46,25,152
162,152
156,153
154,159,153
154,120
154,2
155,36,6
155,36
154,156
156,37
157,29
157,27
158,152
158,41
155,158
159,152
154,159
159,18
60,160
154,155,158,159,160,161,151,163,152,164,153
160,164
159,161
158,161
162,32
161,162
155,162
155,162
1,162
94,163
156,163
5,163
163,164
165,38
166,168
166,153
166,123
167,156
166,178,168
169,29
176,169
55,169
177,166,178,179,170,172,174
177,170
2,171
171,173
171,40
170,172
51,173
176,173
170,174
177,180,170,172,174
166,174
48,174
173,175
179,175
176,168
176,46
176,180
177,168
177,111,179
0,177,101,6,81
177,178
176,178,167,179,168,169,180,171,172,174
166,178,168
176,179
156,179
179,171
179,180
180,172,173
0,180
181,195
181,193
37,15,27,28,18,182,194,0,1,144,112,7,8,50,54
187,181,182,195
182,183
46,182
183,195
190,193,183
182,183
0,184
51,184
26,184
189,184
50,184
46,185
41,186
185,186
187,189
188,184
188,58,47
166,188
189,37
169,190
47,190
56,191
192,181
189,192
35,48,49,6,8,192,60,51,52,75,164
190,192
188,192
193,186
193,173
193,195
193,182
193,184
67,25,194,185,31,98
171,194
181,195
208,196
210,196
103,197
198,34
198,37,50,53
198,60
198,199,197
0,199
200,5
201,208
0,201
210,201,196
202,6,60
202,203
203,72
49,203
26,203
204,205
201,204
198,204,205,206,197
204,20
132,204
0,205
201,205
115,205
205,206
22,206
15,206
206,21
207,32
178,207
28,208
58,208
209,32
2,209
6,209
210,81
210,32
210,15
211,17,130
211,216
212,214
213,17
213,40
213,40
222,214
178,214
214,216
215,216
221,215
57,215
0,216
45,216
221,225,216
22,217
221,217
212,217
55,218
211,222,213,225,215,218
144,218
219,40
216,219
47,205,219,42
220,224
0,221,46,36,47,49,38,126,17,19,107,119
221,48
221,215
22,222
223,19
223,215
224,213
224,87
55,3,224,192,142
222,224
225,219
225,185
235,226
226,52
27,226
111,226
26,227
12,228
228,272
229,230
0,22,229
240,230
237,230
36,20,230
231,238
232,390
233,228
233,238
233,226
234,27
234,228
26,235
231,235
236,153
236,18
48,237
234,237
16,49,240,230,231,232,233,234,235,236,226,237,227,238,239,229
58,238
233,238
233,238
44,22,24,37,19,186,0,3,124,127,139,117,239,119,63,54
233,239
239,229
0,240
237,240
52,241
46,241
0,242,13,26
242,252
242,24
242,248
242,254,247,252
243,245
243,59
243,249
243,32
243,2
242,244
244,246
244,418
244,255
99,244
1,245
245,249
242,246
49,247
243,247
99,247
242,247
344,248
255,249
255,249
38,249
250,53
249,250
242,250
249,250
243,251
86,252
241,252
177,14,80,252
82,252
253,243
253,254,241
254,249
22,254
255,37
256,28
256,268
102,257,29
167,257
267,257,270
258,291
259,116
12,259
257,260
61,260
11,44,22,57,260,0,168,157,4,358,138,149,50,94,84,52,53
22,261
52,262
11,262
260,262
25,263
59,263
264,263
264,28
264,267
265,15
265,258
265,27
264,265
266,256
46,267
265,267,269
267,269
268,270
268,412
0,269
265,269
0,270
16,39,61,271
22,271
272,285
40,272,163
12,273
19,273
8,273
277,274
281,274
16,274
275,276,277
275,4
275,271
275,41
276,273
276,58
277,24,58,59,269
35,277
277,280,282
277,241
24,278
279,54
112,279
280,282
3,280
281,10
271,272,273,372,274,275,276,278,279,10,11,13,35,14,36,280,281,282,283,284,285,0,102,268,326
281,283
280,284
277,271,272,284
55,280,271,282,272,283,273,284,274,285,275,276,277,278,279,159
0,37,285
41,285
5,285
280,285
286,288
286,296
286,47
287,300
287,300
288,112
289,3
289,108
289,300
290,292
299,290
297,291
57,291
44,291
12,291,263
291,87
292,76
6,292
124,292
287,293
298,294
0,295
23,39,19,51,296
297,46
298,181,50
298,295
298,51
299,53
299,293
300,295
300,72
301,303
302,309
49,302
11,302
302,263
188,303
314,303
25,304
37,304,65
315,305
165,243,56,188,48,59,305,60,171,62
306,52
376,307,32
311,312,313,303,307,308,309
1,308
302,308
309,40
27,309
310,312
310,309
310,303,304
311,313,308
312,340
312,313,303
313,91
313,314
313,314
313,307
312,313
0,314
314,307
314,360
311,315
111,13,315
315,60
320,321,322,323,324,327,316,328,317,329,319
326,317
321,317
317,43
318,43
326,318
318,319
28,318
318,42
37,319
320,322
320,27
321,24
321,317
321,50
322,51
322,318
48,323
323,4
323,81
324,329
4,324
325,370
16,326
326,327
323,327
38,327
327,40
26,327
327,319
16,328
322,328
9,329
23,46,329,60
330,319
330,29
77,331
331,337
331,332
333,43
333,337
0,333
0,333
332,334
179,335
335,84
0,335
336,51
335,337
338,339
342,338
6,338
331,339
334,339
331,340
341,333
341,9
342,334
33,342,123,25
45,2,343,311
344,337
344,335
332,344,30,64
46,345
345,39
23,345
354,346
0,346
353,346
356,347
358,347
347,42
352,354,357,348,349,360,350
357,348
348,350
0,349,10
118,349
28,350
347,350
357,349,351
356,351
352,355
352,4
353,410
44,69,25,48,350,351,352,155,353,354,355,356,357,358,90,359,51,74,33,14,59,360,163,343,346,347,8,349,9,40,41
353,272
354,130
354,349
355,346
355,48,8
55,355
355,351
356,51
357,10
357,43
346,358
59,358
321,359
0,359
352,359
337,360,87
37,59,139,8,360
347,360
46,360
363,361
14,361
14,361
361,373
193,361
365,362
363,370
363,372
364,365,367,369
364,365
0,365
365,371
366,15
366,30
366,95
36,58,367,148
367,40
368,371
368,104
369,17
55,369
375,369
369,372
370,52
371,373
58,371
371,31
371,41
0,371
171,371
363,372
369,372
366,372
46,372
69,58,59,373
374,361,362
374,60
375,53
22,376
376,378
377,389
33,378
386,376,388,377,378,381,384
136,378,18
378,384
378,59
11,379
389,379
379,27
376,379
28,380
389,381
381,21
390,381
302,382
382,163
162,382
25,383
377,383
34,383
104,384
385,378,380
385,152
385,56
385,383
385,378
386,379
386,378
387,379
388,382
389,382
385,390
34,391
398,392
6,393
47,393
401,394
391,394
393,394
403,404,394
16,395
396,399,400,405,391,395
396,93
397,14,52
22,397
398,402,395
398,391
12,399
400,393
400,393
400,392
396,401
402,394
402,73
12,403
403,404
35,404
404,394
396,404
1,405
402,405
405,109
405,394
59,406
60,407
47,408
57,408
411,408
15,408
416,407,409
410,65
132,410
420,411
246,411
411,419
412,407
412,414
11,412
412,409
412,413,406
0,413
414,407
414,415,417,419
414,75
15,415
415,97
416,406
411,416
416,409
417,418
410,418
418,419
56,201,59,5,418,150
419,162
419,21
33,419
420,409
420,416
0,420
421,426
422,60
432,423
434,423,427,429
11,423
49,424,87
431,424
425,19
421,425
431,432,422,434,435,424,425,426,427
422,435,424,426,427,429
433,426
433,427
435,428
431,428
23,428
0,429
422,425,428,429
430,427
430,431,422,435
430,424
122,45,430,48
45,431
432,43
46,432
433,30
433,108
433,435
434,424
434,429
433,435
156,435
1,436
0,47,147,49,436,7,9
134,436,19,53
436,30
441,437
441,446,438,439
441,438
166,439
436,439
440,443,446
440,441
441,437
441,439
442,215
443,59
443,448
443,439
444,449
0,444
11,445
446,449
446,450
446,449
442,446,447,439
444,448
445,448
39,448
449,439
7,449
440,450
448,450
451,49
451,118
452,457
452,6
452,460
452,454
453,458
464,453
452,454
454,455
454,461
464,454
455,367
56,455
455,456,458
464,456
462,456
34,456
455,457
77,457
27,451,176,452,453,454,455,456,458,459,30,54,55,59,39,460,461,462,463,464,3,465,9,42,43
457,458
464,456,459
25,459
45,459
452,460
459,460
11,461
464,461
458,461
0,462
462,465
463,464
451,462,463
464,461
465,9
465,461
56,466
0,34,466
466,471
466,38
466,7
33,466
23,467
466,467
468,6
468,84
473,469
478,469
46,470
467,470
478,470
471,472
6,471
38,472
473,23
473,476
473,466
474,472
474,477
475,18
474,475
475,476,466
476,471
476,48
46,477
477,471
467,478
475,478
478,470
476,479
115,479
166,479,190
479,271
478,480
49,480
488,481
481,492
97,482
482,483
109,483
484,14
484,4
484,490
485,39,41
485,482
485,6
375,486
487,483
495,487
487,59
14,488
24,488
484,489,491
47,489,39
489,43
489,483
495,489
490,491
490,395
486,491
0,491
485,491
147,492
485,492
486,492
272,493
482,493
49,493
0,46,493
495,494
493,494
495,489
0,495
495,487
496,505
22,496
23,497
0,497,347
57,498
45,498
499,503
500,60
35,58,500
38,501
3,502
502,503
55,503
503,163
496,503
0,24,128,503,170
25,504
11,505
23,505
59,506
499,506
502,506
