1,8
2,6
2,8
2,13,3,4,5,6,7,8
1,3
4,8
5,7
5,8
5,7
3,4,5,6
1,6
5,7
2,7
3,7
5,8
14,9
12,9
11,12,14,16,10
11,16
11,12
11,12
12,10
12,13
12,15
13,15
13,15
12,14
12,15
12,13,14,15,16,9
11,12,13,14,15,26,16,17,29,9,20,32,10
16,9
17,20
24,17
18,21
22,18
18,7
22,19
18,19
19,20
22,21
20,21
22,21
22,24
23,18
23,18
22,12,23,24,25,26,17,18,19,3,9,30,20,32,21
23,24
24,21
24,21
23,24
25,27
25,27
25,26
26,30
27,28,29,30,31,32
25,28
29,31
26,29
29,32
28,29
26,29
26,30
25,26,28,29,31,32
25,31
30,32
33,34,39
34,39
34,37
35,40
36,40
33,34,37
37,39
37,76
35,37
35,38
35,38
39,40
38,39
37,39
17,40
60,40
41,42
28,41
44,41
44,42
48,42
42,43
47,43
47,43
44,95
44,43
45,48
45,42
46,47,48
46,48,43
46,64
46,47
47,42
48,103
45,48
56,49,50
56,50
56,50
9,50
55,50
49,51
2,52
52,53
56,53,54
50,52,54
49,54
49,54
56,54
55,51
56,52
56,54
55,56
57,60
58,60
58,63
59,62
59,60
90,61
59,61
60,62,63,64
8,62
61,62
58,62
58,61,63
59,64
59,64
70,65
66,70
66,72
67,72
67,70
67,69
68,65
68,69
68,70
69,70
69,70
66,70
67,71
67,71
102,71
71,72
67,69,72
72,65
79,73
78,73
78,74
74,75
75,76
75,76
80,76
75,76
77,80
77,73
77,79
77,75
77,78
78,79
78,79
79,80
80,73
45,81
81,86
81,82
81,53
81,95
82,83
82,86
82,84
83,86
82,83
83,84
88,81,85
82,85
84,86
19,86
9,87
84,87
88,81
89,96
89,90
23,89,68,5,70,71,50,52,21,10
89,93
90,92
89,91,95
91,94
91,96
92,94
14,92
89,92
89,46,27,3,90,91,92,82,93,94,96,97,10,43,54
89,93,96
93,94
94,96
89,95
94,96
94,96
100,97
100,97
100,97
104,98
100,98
99,100,101,102,103,104,98
99,50,20
100,101
100,101
99,100
101,97
101,42
99,100,101,104,97
99,102,97
102,98
102,5
99,103
103,80
99,100,101,102,103,104,17,97
103,104
100,104
111,105
111,105
27,105
106,107
110,106
105,106
106,107
110,106
106,107
110,111,105,107,108,109
110,107
107,108
106,108
108,109
111,105,109
0,110,13,46,15,129,182,52,30,75,175
110,105,107,108
110,107
110,111
110,111
110,111,107,109
111,107
110,111
112,105
112,105
113,117
113,118
114,117
113,115
116,118
116,118
116,120
113,116,120
117,9
117,120
117,119
118,119
114,119
115,119
115,116,120
159,120
115,120
121,124
121,123,128
121,122
123,21
121,124
122,124
124,126
124,125
124,125
122,123,125,126,127
126,128
123,126
39,127
124,127
123,127
124,127
127,128
26,128
127,128
128,208
124,128
132,129
135,129
135,129
135,130
132,134,130,131
134,129,130
130,131
134,131
136,131
30,131
132,136
132,133
133,131
133,135
133,136
133,129
132,133
133,129
133,131
134,129
134,120
134,129
135,130
134,135
135,224
132,135
135,129
132,136
135,136
132,136
137,10
138,141
138,140
143,144,138
139,141
138,139
139,140
138,140
141,142
139,141
143,137,141
139,141
138,142
138,142
143,144,137,139,142
143,144,34,137,138,139,140,142
143,144
143,142
143,142
143,139
143,141
143,144,139,141
143,144
144,142
145,146
145,150,151
145,148
145,148
146,148
146,147,149
146,148
147,148
147,152
146,148
146,148
148,149
145,146,149
150,152
150,151
145,148,149,151,152
151,152
149,151
150,152
146,152
150,152
155,153
158,153
154,155,158
176,155,12
155,153
156,160
156,160
156,153
156,158
156,157
11,172,152,153,154,155,156,3,157,158,159,6,9,30,65,10
156,158,159,160
157,7
157,153
157,158
154,158
155,159
154,159
154,159
156,160
157,160
160,30
161,163
168,161
168,162
163,164
162,163
166,163
165,162,163
168,164
165,164
161,164
165,166
166,168
165,166
166,161,162
167,161,162
165,167
167,163
166,168
165,168
144,169
169,171
169,170,173,175
169,170
169,170
171,172
172,174
170,173
169,173
173,175
174,175
172,174
176,174
172,175
24,29,170,172,173,174,175,176,211,138,70,30,55,13,37,59,19,222,169,225,127,8,82,41,42
172,175
176,175
176,169,170,171,172,174,175
176,28
177,181
177,184
177,179,181
177,181,182
177,183
178,180
178,184
178,179
179,181
179,59
177,180
181,184
181,183
181,184
178,181
22,88,89,46,48,192,174,113,214,70,92,31,53,76,54,55,78,56,16,181,140,185,142,4,125,5,203,226,105,7,9,207,208,209,84,41,87
182,183
182,183
177,182
177,178,179,180,181,182
180,183
180,182,183,184
34,2,118,183
181,184
56,184
190,185
191,185
189,185
185,186
101,186,10
37,186
187,186
191,186
54,186
187,189,190,192
187,185,186
188,191
189,84
187,189
189,186
188,189,186
188,189,190
187,191,186
191,185
189,191
191,185,186
188,192
193,197
193,194
200,194
195,196
195,197
51,196
200,197
198,197
199,197
198,196
198,200,196
198,191
198,199
198,199
199,194
198,199
200,193
201,203
201,202,203,207
202,206
202,206
202,203,206
201,202
203,207
204,205
204,72
203,204
205,63
202,206
206,207
205,207
204,207
207,208
214,209
211,209
46,209
210,214
210,215
210,215
211,209
211,214
211,212,213,214,215,216
212,209
212,215
210,212
213,209
213,216
212,213
214,209
214,216
212,214
215,209
210,215
215,216
215,216
224,217
220,217
221,223,217
220,218
220,218
8,218
220,219
220,218
220,217
221,219
221,222
221,222
222,224
221,222
223,127
222,223,219
2,224
232,225
225,226
231,225,226,228
225,228
232,226
226,228
231,226,227,228
227,228
227,228
232,228
231,228
226,228
227,229
232,227,228,229,230
232,229
225,226,230
231,225
231,230
231,229
232,230
232,225
33,233
233,237
234,236
235,41
235,139
189,235,20
235,237
235,236,237
234,236
237,239
234,236,237,238
238,239
238,239
235,238
236,237,239
237,239
237,239,240
233,240
243,246,241
242,246
242,243
243,244,246
243,245
242,243
0,244
244,245
244,241
243,244
244,241
244,245
245,247
245,248
245,246
244,246
242,246
244,247
247,241
247,248
166,248
244,248
4,249
255,249
253,250
253,250
255,251
253,251
255,251
255,252
253,256,250,251
253,254
253,254,255,250,251,252
255,252
255,252
255,256
255,256
264,257
257,263
257,258
259,262
258,259
259,262
111,259
264,260
264,260
257,259,260,261,262
261,262
262,175
260,262
257,259,260,261,262,263
264,257,258,259,260,262
262,263
264,262
264,260
264,262
265,272
265,269
265,269
266,272
266,271
266,272
267,269
24,57,29,270,271,272,130,387,266,267,268,269,9,65
267,269
268,269
269,272
267,270
265,270
269,270
271,272
267,271
267,271,272
271,272
266,272
266,272
269,272
270,272
278,273
279,274
279,274
60,274,43
280,274
275,278
275,276
276,279
276,277
275,276
276,273
276,278
277,31
277,274
277,273
275,277
276,277
278,279
278,279,274
278,377
277,278
275,276,277,278,279,280,274
276,278
277,279,280
277,279
280,293
279,280
275,280
281,283
286,281
286,287,281
282,283
286,281,283
282,283
282,284
282,284
282,285
282,285
284,285
286,281,285
286,287
286,287,288,4,281,282,283,284
287,285
287,288
288,284
289,293
290,292
291,295
292,295
293,295
231,294,31
289,294
290,294
293,294
291,295
295,296
290,296
290,296
297,303
297,339
298,303
298,301
297,298
298,304
299,26
298,299
66,299
299,300,302
298,300
179,301
297,298,299,301,303,304
301,302
302,303
299,302
301,302
300,303
301,303
299,303
301,303
298,303
298,302,303
304,20
299,304
302,304
298,304
298,300,301,304
305,306
312,305
305,308
310,305
306,308
306,309
312,306
311,305,306,307,308
307,308
307,62
310,307
307,308
311,312,306,308
307,309
310,311,312,308,309
310,306
310,312
310,309
310,312
310,311
311,307
312,307
320,313
320,314
313,315,316
313,316,317
313,316,318,319
317,318
317,318
320,318
316,318
314,318
316,319
320,319
321,325
321,322
322,27
322,324
322,323
322,324
322,323
323,326
323,325
321,323,324
324,325
322,325
321,322,325,327,328
326,328
325,326
326,328
324,325,326
326,328
323,327
325,327
215,328
332,329
334,329
330,335
331,336
331,336
330,332
332,333
332,335
332,336
79,333
333,334
335,336
332,336
332,336
334,336
331,336
47,28,161,252,121,166,111,155,2,222,128,304,337,9,60,51,42,87
337,339
116,337
338,340
343,338
337,338
341,339
344,339
344,339
338,339
339,340
342,339
342,340
341,340
341,342
341,344
341,342
342,344
342,337
342,340
342,343
343,344
342,343,344,340
343,340
344,339
341,342,344,338,340
343,344
352,345,346,349
352,346,348,350,351
346,351
346,349
346,349
347,348
347,349
410,347
346,348,349,350
349,351
346,349
348,349
346,349
347,350
350,351
352,346,348,350
346,351
346,351
350,351
352,348
352,31
352,350
353,360
354,359
354,356
354,356
355,359
354,355
355,357
356,357
356,359
356,359
353,357
357,360
358,359
358,360
356,358
357,359
353,354,355,356,357,358,360
367,361,362
367,361
364,361
363,362
365,362
367,362
366,362
366,362
363,367
363,362
364,361
364,367
364,367
365,366
365,3,69,84
365,368
366,361
366,361
366,368
366,361
366,367
367,368
364,367
365,368
364,368
374,369
376,369
376,370
371,372
376,371
369,372
347,372
372,373
374,375
374,370
374,372
375,369
376,372
375,376
376,372
376,370
376,369
377,380
378,381
378,382
379,30
377,379
77,379
379,380
381,382
78,29,382,130
382,383
382,383
13,383
381,383
379,383
383,384
378,384
379,384
385,386
385,388
385,387
386,390
386,391
387,389
387,389
385,386,388
388,390
389,391,392
388,389
386,390
386,390
386,390
389,390
389,390
386,390
386,391,392
386,392
399,393
400,393
399,394
396,394
396,395
396,395
396,30
396,397,398,393,394
396,399
396,399
397,394
398,395
397,398
398,393
399,395
400,395
400,395
401,402
401,407
402,405,408
401,402
402,407
403,407
45,79,57,161,287,401,402,403,404,328,405,406,407
401,403
403,406
403,404
404,405
404,408
404,405
404,405,407
404,405
403,405
405,406
404,405
401,405
297,405
402,406
401,407
402,408
407,408
402,403,404,405,406,407,408
402,408
401,402,403,404,406,407,408
410,409
410,414
410,416
411,416
412,184
413,409
413,414
413,415
414,416
415,307
412,415
412,416
416,409
423,417
417,418
16,418
424,419
424,419
420,419
420,418
421,31
421,422,424
421,422
422,419
421,422
421,422
422,418
423,418
420,423
420,423
423,424
424,419
431,425
426,429
425,426
34,18,140,263,430,188,112,432,425,426,427,71,428,429
426,427
431,428
426,429
430,431,426,427,429
430,432
430,427
430,137
431,426
431,429
432,429
440,433
433,435
433,434
433,435,439
476,434,369,129,85,152
434,435
440,435
436,439
433,436,437
434,436
436,437
436,437
79,39,192,162,130,0,275,440,431,433,434,159,435,129,8,107,437,438,439,73
437,438
436,438
435,438
410,439
434,439
437,438,439
438,439
440,436
440,434
441,447
441,80
442,448
443,37
442,443
443,444
442,444
444,447
444,445
444,446
443,446
444,447
447,448
442,448
452,456,449
456,449
449,450
454,450
451,453
452,449
452,454
453,454
453,454
451,453,454
453,455
455,456
455,456
451,456
452,456
463,457
457,472
458,461
457,458
463,458
459,461
459,460
463,459
458,460
463,460
459,461
459,461
462,460
462,459
463,459
463,458,459,460
463,459
463,79
464,460
465,469
465,468
466,468,472
253,466
466,471
466,467
467,471
468,472
466,467,468,472
465,469
465,470
466,470
467,471
467,471
466,467,470,471
467,471
470,471
468,472
468,472
471,472
466,472
473,477
473,479
473,475
473,101
473,474
474,475,477,479
475,480
474,475,476
474,476
474,477
474,478
474,478
478,10
476,479
475,479
473,479
479,163
480,383
475,480
481,483
486,482
488,482
482,483
487,483
482,483
486,483
484,483
484,487
484,482
484,487
485,481
45,486
485,487
487,483
487,481
486,488
489,31
495,489
489,491
490,493
491,492
490,491,494
495,496,489,492
496,493
491,493
492,493
496,494
52,494
136,494
132,495,496,112,134,489,490,491,42,493,494
495,8
495,494
496,490
497,501
497,498,501
363,497,498,499,500,502,503,504,96,75,10
499,500
497,499,501
497,499
499,504
500,501
500,504
501,503
500,501
502,503
17,502
497,502
501,502,504
500,503
502,503
500,503
36,503
502,504
501,504
106,505
103,505
212,505
24,357,506
349,506
