1,32
33,1,25,5,7
1,2
2,10
3,9
3,7
4,6
5,10
6,7
1,6
11,6
7,10
5,8
12,8
11,8
0,9
12,5,10
44,22,12,24,15,48,19,0,1,4,42,20,31,10,21
11,41
33,11
11,3
11,12
0,33,1,12,36,26,32
13,15
13,16
24,14
22,23,13,24,14,37,15,38,16,17,18,19,0,6,21
22,13,15,19
35,16
13,16
0,16
16,18
16,20
24,17
13,17
16,18
23,18
0,19
17,19
19,20
0,20
20,42
17,20
17,20
17,21
22,1
22,11
23,24
23,31
23,15
33,24
24,21
22,23,24,17,18
24,21
25,40
34,36,25,28,31
23,25
25,27
34,25
33,35,25,26,28,29
26,31
12,26
45,26
37,27
24,27
28,29
28,32
0,29
16,29
1,30
0,31
26,31
9,32
34,32
40,32
33,26
34,36
34,32
34,31
11,35
35,28
35,46
0,36
36,26
36,29
36,30
11,12,23,36,47,37,26,38,17,28,9,31,43,21
37,32
48,37,43
38,39
38,41
0,39
48,39
12,39
45,40
35,40
17,40
7,41
44,41
40,42
7,42
46,47,37,39,40,41,42,43
47,43
45,43
44,41
0,45
45,31
24,46
46,8
46,40
0,46
47,20
45,47
47,40
45,48
57,49
45,16,49,7
49,32
49,53
33,49
58,50
50,20
57,51
51,42
4,51
55,52
49,53
51,53
55,54
52,54
0,54
0,55
55,56,57,58,50,52
56,53
56,49
56,52
57,18,41
57,28
0,57,79,38,27
58,54
55,59
56,58,59
0,59
59,52
59,50
0,39,60
60,53
55,60,52
57,60
2,61
13,61
0,61
35,39,61,51,10
23,61
70,62
61,62
63,64
63,64
70,64
6,65
12,65
66,61
66,69
66,40
67,9
0,68,29,19
22,69,29,8
67,68,69,62,65
35,70
2,70
71,63
0,71
71,42
13,72
71,72
81,73
0,73
0,74
11,74
2,75
37,75
83,84,73,75
74,75
74,75
80,76
77,82
77,84
78,79
78,82,83
78,38
2,79
80,31
80,73
81,84
78,81,73,74
26,81
16,82
17,83
0,83
17,83
77,84
77,84
8,84
80,84
1,84
77,84
96,85
89,94,95,96,85
0,85
83,86
9,86
96,86
53,87
11,87
0,101,18,29,8,41,87
88,146
88,92
89,85
90,95
7,90
102,91
91,41
91,87
89,91
0,92
33,92
92,96
89,93
156,93
27,94
88,94
34,95
91,95
95,86
88,95
95,96
6,96
99,102,97
100,97
0,98
48,98
99,15,29
99,45,128,20
0,99
99,123
99,97
100,97
1,100,18,7,9
0,2,35,101,47
0,101
102,37
101,102
99,100,101,102,103,104,106,107,108,97,98
29,150,140,100,101,3,102,103,104,105,106,107,108,40,97,42,32,98
103,85
4,103
103,17
104,107
104,97
100,104
105,19
106,97
99,107
5,107
102,108
107,108
107,108
28,109
27,109
110,42
111,109
111,120
111,118
112,27
113,116
113,42
44,114
114,115
114,64
114,95
115,120
115,120
115,9
111,115
35,116
113,116
0,45,117,7
117,118
117,118
17,118
59,118
119,54
119,43
119,42
30,120
110,111,115,116,117,109,120
121,12,35,46,116
121,122
121,41
121,122
122,26
122,14
122,123
0,44,123
0,123
124,129
35,125
126,130
1,126
0,127
127,32
125,127
126,127
128,130
132,124,128,131
128,9
15,128
128,18
37,128
132,129
13,129
128,129
103,130
121,130
132,124,128,130,131
23,92,131
132,124
132,122
132,117
133,20
133,130
133,136
0,134
134,141
134,141
135,41
22,135,62,31
136,138
144,136
11,136
0,137
137,142
88,45,24,26,27,29,110,137,138,116,95,31,10,98,11,34,14,36,37,16,17,18,0,1,3,124,103,7,129,9,20
125,138
38,138
138,142
136,139
140,141
0,140
143,140
135,140,141
141,131
133,142
143,6
143,141
144,133
144,136
145,149
145,147,148
146,86
146,153
147,4
148,153
154,148
148,149
0,148
33,149
0,149
27,149
0,149
149,128
12,150
154,150
146,150
155,145,148,151
2,151
155,152
148,152
4,153
154,16
155,25
155,17
0,156
288,157
0,157
12,157
158,160
159,20
159,162
159,164
38,159
160,163
166,160
47,161
166,161
159,160,161
12,161
149,162
46,162
122,29,162
161,163
168,163
163,164
165,164
165,167
0,166
167,160
0,168
168,163
0,169
169,175
170,173
59,171
169,172
60,173
177,173
178,173
172,174
172,175
177,169,171,172,175
176,21
176,171
176,47
176,8
177,179
178,17
177,178,179,169,180,170,171,173,174,175
77,23,35,16,140,0,1,2,179,8,70,41,30,31,43
179,171
180,131
15,180
181,184
181,186
181,32
181,182
182,85
192,182
182,186
182,183,185,186
11,34,25,183
189,183,186
190,183
188,184
93,184
8,184
1,185
184,185
33,185
2,185
191,185
189,186
23,186
184,186
187,184
187,65
187,182
188,111
66,189
189,190
34,190
190,184
5,191
0,191
191,182
0,191
192,184
117,193
193,194
34,193
194,196
201,194
204,195
0,9,83,196
34,196
17,196
17,197,43
7,197
198,28
33,198
198,12,35,8
198,14
199,26
34,199
2,200
200,201
201,129
201,203
1,202
201,202
198,199,200,202,203,204,194
199,204
199,204
213,205
213,205
122,206
206,161
38,207
0,207
45,207
0,208
47,209,40
48,209
6,209
210,85
210,259
211,212
211,207
1,212
213,28
213,9
37,26,38,0,210,155,211,212,213,214,215,205,216,8,207,208,209,30,32,43
110,215
212,215
215,209
3,216
217,219
227,218
220,226,219
227,219
220,39
221,224
222,224
0,222,37,5
33,12,23,24,37,26,38,27,0,1,222,3,7,8,40,41,42
220,223
24,223
224,5
225,19,42
222,225
225,226
0,226
224,226
220,227
222,227
5,227
0,227
0,36,228
29,228
3,228
239,229
231,229
239,230
326,230
237,230
231,234
231,239
232,239
231,232
232,10
232,37
233,114
231,234
45,234
234,240
234,236
235,230
0,235
236,29
231,233,234,236,237,239,240,230
236,237,229
45,6,238
237,239
231,235,236,239
0,240
12,240
0,17,241
242,247
242,250
242,17
0,242
243,244
244,32
245,248,249
246,241
246,15
44,45,24,46,25,47,29,250,251,132,110,313,31,12,15,17,241,0,242,243,244,3,245,246,5,247,248,249,8,9,43
25,247
247,251
0,25,247,17,39,151,42
0,247
242,247
246,248
245,249
246,249
249,250
244,248,249,250,252
217,250
247,250
242,247,248,250,251,241
33,45,3,251
19,251
248,251
15,40,252
0,34,172,252
253,53
253,258
22,253
254,74
254,14,18,83
254,16,32
255,257
46,255
254,256,259
256,259
0,257
257,28
257,261
257,262
257,258,259,260,262
255,258
1,259
259,263
254,259,260,263
261,262
37,261
262,263
0,33,16,17,19,86,263
35,27,6,138,263
262,263
0,264
264,257
265,91
265,327
265,268
0,265
266,40
267,8
268,117
267,268
265,268
268,273
275,276,265,269,270
275,269
269,272
269,272
275,266,267,268,269,274
269,65
276,270
268,270
19,270
275,271
271,272
0,272
266,272
29,273
271,273
275,276,265,266,267,268,27,269,270,272,273,274
0,275
275,276,266,272,273,274
276,25
276,26,138
277,47
0,277
23,278
278,347
286,287,278,279,282,285
34,279
287,278,279,281,283
101,279
287,280
280,284
3,280
0,281
0,282
277,282
52,283
287,283
283,10
41,283
286,287,281,283
278,284
281,284
42,285
286,285
286,287,278
287,288,285
288,283
288,277
12,288
11,289,14,26,63
289,152
290,294
6,290,42,10
290,10
29,291
291,294
291,292
292,295
289,292
298,293
44,294
292,294
290,292,295
295,296
0,296
0,297
297,289
298,46,27,91
298,43
298,86
0,298
298,8
299,293
300,295
300,292
300,293
300,38
301,309
311,301
33,301
301,302
302,306
302,21
310,302
303,305
2,303
311,303,304,309
304,32
5,304
312,305
301,305
305,307
35,305
23,26,16,306,95
304,306
306,307
308,98
311,309
16,309
5,309
303,309
0,309
309,10
22,309
310,4,140,42,43
310,27
311,303
311,312
311,307
310,312
24,312
47,313
313,314,319
22,314
314,318
46,315
324,315,316,317
314,315
323,315
316,318
316,317
313,317
318,319
313,318
323,324,317,319
319,32
318,319
321,318,319
320,47
320,26
44,320
321,47
321,316
321,192
321,314
321,36
321,324
321,2
322,38
322,317
321,322
320,322
323,29
321,323
323,313,317
324,314
324,18
324,17
17,320,322,323,324,313,314,315,316,317,318,319,30,20
330,325
122,325
0,325,75
326,8
326,327
334,327
34,328
26,328
326,328
326,329
6,329
332,326,329
330,41
331,329
332,329
332,329
330,333
333,334
333,327
334,327
335,39
330,335
330,336
337,32
347,337
337,348
346,337
338,86
338,40
347,339
341,340
337,340
38,340
344,340
341,337
341,342
341,24
342,337
342,345
342,28
342,27
343,348
145,344
23,35,37,15,26,282,0,221,3,103,345,40,52,42,31,32,43
346,87
341,346
0,347
48,347
347,340
128,348
348,43
346,348
22,46,349,40
349,140
352,350
14,351
352,353
352,22
352,351
353,95
353,359
354,350
354,95
355,357
355,7
355,359
47,28,351,352,353,354,112,355,356,357,358,359,72,98,11,34,13,15,360,0,3,125,7,8,349
355,356,360,350
354,356
354,356
357,349
358,29
358,351
354,359
5,359
0,359
0,88,23,5,149,180,360,32
355,360
356,360
357,360
364,361
35,361
52,362
4,362
363,70
364,26
364,15
364,370
364,365,367,369,370,371
365,136
366,362
366,370
366,367
0,367
367,30
367,371
0,368
39,370,371,361,372,0,363,364,365,3,366,367,368,369,21
366,368
368,370
368,361
15,369
0,2,14,5,369,40
370,372
369,370
364,371
369,372
366,372
373,21
374,6
374,31
375,46,124,39,42
0,375,5
0,375
375,376
376,151
376,384
376,25
376,48
377,383
377,380
376,377
0,377
374,378
378,10
378,379
379,380
375,380
380,383
0,381
0,381
376,382
375,382,384,373
7,382
0,383
35,26,383
383,31
113,384
385,34,43
0,385
0,385
386,390
0,386
11,387
387,8
388,392
35,388
388,390
389,20
386,389
12,390
387,390
390,151
390,31
396,391
385,391
68,392
386,388,392
0,35,392
23,393
392,393
47,394
386,395
19,395
0,26,51,395
396,388
22,396
396,391
0,396
397,69
397,61
1,398
2,398
399,404,405
399,406
399,400
400,405
400,48
46,401
0,401
23,401
397,402
399,403
402,403
3,403
400,403
16,404
402,404
405,21
402,405
398,405
406,408
406,42
405,406
406,63
405,406
401,407
398,407
399,407
397,408
404,408
407,408
33,409
412,409
410,16
410,81
410,418
410,418
232,411
420,411
411,42
37,411
12,412
412,418
411,413,419
48,414
420,414
12,36,39,7,415
415,419
415,43
0,415
0,415
416,418
415,416
412,416
5,417
12,417
15,418
418,260
418,419
39,418
414,418
414,418
0,419
36,137,419
420,72
421,429
2,421
421,37,28
421,427
422,429
13,36,422,38,75
423,427
422,423
58,423
12,423
0,424
431,424
35,424
424,425,426,429
424,425
18,425
0,426
427,270
423,427
422,428
423,429
430,429
426,429
430,429
430,29
430,29,19,8
431,421
431,423
431,432,422
432,422,427,428
432,423
431,432,421,422
433,9
434,86
434,10
434,438
434,21
36,435
442,435,439
22,34,35,26,27,17,28,19,0,1,2,145,102,124,435,128,83,41,32,43
1,435
0,33,100,12,35,13,4,436,9,40,10
436,9
435,436
436,438
0,22,77,436,21
1,437
437,84,20
22,437
435,438
0,438
438,439
440,437
440,13
440,185
441,108,85
442,439
442,436
442,433
443,39
443,9
444,435
444,435
25,19,0,441,442,443,124,433,444,434,435,436,437,438,439,10
445,119
165,445
45,446
446,448
447,450
45,447
0,447
456,447
448,91
456,448
445,446,448
0,449
447,448,450
451,454
0,451,22,23,16,197
451,450
451,17
452,455
451,452
452,446,448
453,16
453,446
453,450
454,47
4,455
44,47,450,451,452,453,454,456,445,446,447,448,449,32
456,447
456,450
456,449
454,456
0,457
457,29
458,461
467,459
19,459
26,460
35,460
33,460
5,31,461
59,461
464,461
457,459,461
462,457
463,460
464,458
0,464
45,464
462,465
466,126
466,16
463,466
3,467
463,467
465,467
465,468
0,468
475,476,477,469
474,469
475,476,477,469,480
478,469
469,470
0,470
470,43
471,10
98,472
471,472
473,472
473,37
474,31
474,2
474,477,471
0,474
475,3,30
473,475
474,476
477,470
477,50
0,478
479,470
39,479
480,43
9,481
34,12,45,47,48,26,16,481,0,148,7,139,91,42,32
481,483
482,42
485,482
23,482
32,483
0,483
482,483
484,22
485,43
486,487,481,492,482
486,119
487,482
488,489
488,15
488,491
0,488
489,492
489,492
486,489
0,490
35,490
7,491
492,482
481,492,482
489,492
497,498,500,502,493
496,493
496,497,498,501,493,494
12,494
495,497,498,502,494
495,69
0,495
496,498,494
496,501
495,497
11,498
498,115
498,500
498,127
499,500
499,5
0,499
499,501
500,61
34,500,7,65
501,494
498,501
502,504
24,502
500,503
497,504
38,505
506,32
0,506
7,506
506,40
