1,12,4
11,1,12,2,13,3,14,9,10
3,8
3,8
0,3
3,8
0,33,11,44,56,14,4,16,38,30
11,1,4,10
4,51
4,5
0,5
6,8
2,6
39,7
22,2,7
5,7
12,8
56,8
9,50
7,9
13,10
11,38
11,39
11,3,14,8
12,2
55,12
11,13
13,42
44,14
13,14
14,15
15,32
22,23,25,26,16,27,28,18,29,19,30,20
0,16
22,16,28,19,30
0,16
17,39
2,17
0,1,17,40
0,18
25,18
18,21
17,18
19,52
16,19
28,19
0,19
27,19
35,20
29,21
22,30
23,20
23,24
24,17
24,16
24,57
25,18
25,54
13,25
26,20
27,17,19,20
44,13,59,39,28,51
25,28
28,29
0,30
27,30
60,30
9,31
33,31
49,31
15,32
55,32
33,58,21
33,12
33,6
0,34,5
35,39
36,43
3,36
34,36,38,32
37,43
0,37
37,59
38,32
38,39
0,35,14,39
45,39,43
39,41
38,40
39,41
41,42
0,51,41
41,42
49,42
42,43
40,43
39,43
44,32
55,44
0,45
45,39
45,43
55,46,48,49
46,54
56,47
47,50
47,10
47,53
48,51
0,48
56,49
49,5
49,60
58,49
55,49
47,50
48,50
22,44,45,25,27,49,29,50,52,53,10,32,11,33,12,34,13,57,14,37,59,16,38,17,18,19,0,4,6,7,8,9,60,40,42,21,43
58,47,50,51
51,53
58,51
59,51
55,51
9,52
51,52
47,52
48,52
5,52
52,20
51,53
49,53
46,54
55,23
55,57
33,56
0,57
58,15
58,49
0,59
58,59
55,60
39,60
47,59,60,51
44,50,61,31,54
36,61
33,61
73,62,74,63
71,63
57,63
18,181,63
67,64
60,64
0,64
4,64
14,64
16,65
67,65
30,65
66,67
66,54
67,70
66,11,67,12,68,69,27,70,71,72,61,73,51,62,74,63,64,65
66,67,68,70,62,74,63,75
68,27
68,29
68,69
0,70
66,71
71,72
0,149,72
73,64
72,73
180,73
0,2,124,73
11,136,74
69,74
69,74
74,75
52,75
71,75
80,76
88,89,79,90,82,76
77,89,79,82,86,87
77,50
77,76
1,78
78,39
0,79
158,80
80,76
80,76
90,81
0,82
13,82
82,84
0,83
77,83
29,84
33,84
84,76
25,85
34,85
78,85
33,85
52,86
48,86
82,87,76
0,22,34,49,40,52,87
3,87
176,88
88,84
0,89,45,149,90,50,53
89,80
89,76
89,183
90,52,31
90,54
91,31
91,40
100,91
7,91
92,94
39,92,51
93,97
37,93
94,41
101,94
103,94
95,98
104,95
44,2,59,95,52,20
95,96
99,96
11,96,53,42
44,97
92,98
99,105
99,34
99,41
99,97
100,95
22,100
101,93
0,102
24,102,82
102,104
1,103
165,103
56,103
103,29
45,24,46,48,49,28,50,51,30,96,52,10,32,33,55,12,14,58,59,16,38,39,182,141,0,144,3,4,5,104,6,8,80,60,83,42,21
105,41
165,105,53,31
114,106
114,115,107
107,119
107,120
88,108
108,41
109,50
0,109
110,89,30
110,9
110,107
110,19
111,116
111,107
111,112
112,26
113,43
113,116
113,6
113,96
113,114
115,31
34,115
116,109
35,24,36,27,116,53
49,116
55,117
117,120
112,117
0,118
113,118
0,118
0,118
115,118
0,14,17,119,41
14,120
112,115,120
45,120
121,79,26
132,121,133
121,50
122,51
122,135
132,123
23,123
123,128
124,21
58,125
121,135,125,126
34,125
124,125
125,128
126,128
0,126
135,126
121,127
127,129
46,127
127,128
128,107
126,129
135,129
124,130
0,130
29,131
0,132,58
132,7
133,17
132,133
133,20
133,134,130
134,4
135,7
122,135
135,18
136,141
137,140
5,138
146,139
139,141
60,140
6,140
138,139,140
111,109,141
145,141
149,138,142
140,142
141,142
11,34,12,23,35,47,49,27,29,170,194,162,142,4,6,7,51,42,32,54
35,142
143,114
143,146
0,55,143,12,4,6
144,34
144,138
144,145
146,38,6
146,142
146,148
147,148
148,141
149,32
144,149,142
149,51
143,149,138,150,142
0,150
145,150
44,151
13,151
158,151
18,151
159,152
162,152
67,152
38,152
2,153
159,153
154,91
154,159
154,164
154,25
154,152
155,148
155,153
155,158,159,161
156,109
156,8
157,37
0,13,103,158,40
154,158,152
165,159
0,159
165,159
16,159
17,28,160
160,161
0,160
160,152
16,160
160,51
157,161,153
14,161
44,162
83,163
157,163
157,163
157,164
151,164
165,54
0,165
165,17
166,28
166,168
167,31
167,46
166,168
2,168,60
0,169
169,180
169,52
169,170
170,171
180,171
55,34,12,24,14,47,27,28,18,172,0,156,8,42,20,53,32,87
172,173
174,175
168,180,174
166,175
179,175
46,25,48,29,171,175,111,50,53,32,11,12,56,37,59,19,0,122,2,102,103,9,60,40,41
176,167
176,61
176,32
176,1,37,184
177,75
177,41
177,172
178,30
176,166,178
178,175
178,167
179,174
179,180
29,180
187,181,193
55,181
187,182
191,182
181,182
189,183
190,183
26,183
28,183
47,184
37,184
19,185
192,185
184,185
33,186
9,186
187,185
187,191
188,2
189,193
190,191
59,190
190,40
191,181
188,191
190,192
24,193
189,193
11,193
193,76
188,194
187,194
191,194
77,195
189,195
204,196
173,196
30,196
198,197
11,14,197
198,7
198,136
199,50
199,24
200,204
200,207
200,51
201,10
201,5,40
111,201
202,38
123,203
200,204
204,20
204,8,161,54
198,200,201,205,209
205,40
198,205
210,206
199,206
0,19,206
202,206,207
0,207
200,207
199,207
203,207
206,207
208,197
3,208
113,209
198,209
210,209
210,15
211,28
46,212,47,153
0,212,41
0,213,8,10
220,213
213,214
214,217
220,221,211,222,212,223,224,225,214,215,216,217,218,219
34,215,40
215,218
216,218
221,217
301,217
217,42
22,217
0,218
36,218
0,219
217,219
220,213,219
220,97
0,220
220,213
221,214
221,212,223,224
222,215
211,223
223,30
224,183
224,48
221,225
225,218
225,217
231,226
110,38,226
149,227
158,227
227,229
123,228
12,228
229,240
232,229,240
229,21
229,230
231,230
12,230
231,227
231,226
232,53
232,58
233,8
233,235,226
44,234,21
234,47
234,228
234,235
233,235
235,239
38,236
3,236
234,237
237,8
233,237
231,238
238,240
227,239
187,158,239,54
237,239
233,239
231,240
18,240
240,230
58,240
245,241
0,241
39,241
242,42
0,242,19
243,32
243,244
244,252
244,255
0,244
244,245
187,246
246,251
255,246
246,252
253,244,246
247,18
247,9
121,23,47,247
244,248
248,84
249,251
249,30
249,30
249,241
250,174
242,250
209,251
59,251
251,241
41,252
0,252
253,249,252
241,252
254,252
253,36,190
253,31
253,47
253,254
254,40
22,254
255,249
22,12,14,48,173,250,251,241,252,0,242,253,243,254,244,255,245,246,247,248
255,291
256,260,261
256,53
266,256
264,257
264,257
257,19
3,257
125,258,29
258,39
259,263
269,260
59,260
264,258,260
266,261
45,262
269,262
265,256,257,268,258,269,263
264,260
264,256
265,257,269,261
13,270,260,261,262,263,0,264,265,244,256,267,257,268,258,269,259,40
265,257
266,270,261,263
23,266
267,40
23,268
268,80
269,39
38,269
269,260
256,270
256,270
256,268,270
276,277,281,282,271,272,283,273,284,285
272,283
272,283
277,273
283,274
24,274
277,274
5,274
275,283
275,281
276,280
0,276
276,6
0,276
277,278
0,79,278
275,278
178,278
279,109
11,279
280,284
281,271
282,284
19,282
282,274
129,283
48,15,283
0,283
4,284
283,284
280,285
275,282,285
286,28
286,299
287,48
0,11,287,137,42
286,287,299,290
287,35
297,288
12,288
288,98
298,289
287,289
44,12,289,27,40,42
300,290
111,291
18,291
24,292
286,292
25,19,293,42
89,49,28,290,291,292,293,294,295,296,297,298,54,33,14,17,0,286,287,288,3,289,300,6,43
293,294
51,293
286,293
294,295
288,294
288,294
300,295
295,296
0,295
291,296
297,290
55,297
297,10
297,299
298,299
299,30
299,292
298,299
297,288,299,296
300,426
300,291
289,300
288,300
168,301
301,406
312,301
301,309
302,305
102,303
301,313,304,307
57,25,37,38,304
138,304
310,305
312,305
305,131
1,306
310,306
312,307
306,308
302,308
302,309
313,309
47,309
310,303
311,305
36,311
311,309
312,15
0,313
313,54
34,313
0,314,60,51
312,315
314,315
36,37,15,315,95,54
315,306
12,14,37,15,59,16,27,151,130,315,50,30,97,53,31,43,21
316,317
16,316
316,21
320,327,317
147,317
6,317
123,318
319,10
330,320,321,325,326,327,328,319
327,319
319,194
320,29
321,316
321,324
321,149
0,321
35,57,13,322,3,6,9
320,322
323,8
320,323
321,323
323,327
147,324
36,25,17,294,0,330,320,321,322,323,324,325,326,327,316,317,329,60,318,319
330,325,316
320,326
33,326
24,327
12,328,32
328,9
48,329
330,84
330,9
22,44,24,46,26,191,174,330,154,178,94,51,30,31,53,10,11,33,55,34,36,58,15,16,39,19,184,164,0,3,5,149,8,9,40,41,21
331,340
331,20
331,333
11,12,23,57,14,27,0,332,3,5,6,40,41,54
332,95
343,333
36,333
334,338
335,42
343,335
331,336
336,337
338,54
341,339
15,340
341,331
342,339
342,18,21
342,8
343,123
343,334
342,331,343
344,335
22,344
344,65
0,345
345,334
25,345
352,346
4,346
26,347
347,348
0,347
358,347
348,8
348,349
349,351
355,357,349
0,349
357,350
27,351
144,351
352,349
352,355
353,349
0,353
354,19
352,355
355,346
0,355
356,347
357,358
352,358
358,164
357,359
7,360
348,360
360,142
368,361
365,366,361,373
367,361
0,361
99,362
363,59
363,10
363,81,50
374,364
364,365
33,364
364,365
2,365
11,24,365,47,51
154,366
366,15,116
367,369
78,367
368,362
366,369
374,369,372
363,370
48,370
369,370
374,363,364,367,371,372,361
27,50,372,54
372,362
370,372
191,373
374,372
375,368
375,370
376,378
386,376
44,377
377,50
44,378
387,379
25,379
378,379
29,380
389,381
382,43
380,383
41,383
139,19,72,384
385,69,43
385,386
386,105
385,386
386,52
385,386
385,387
387,7
387,390
387,379
388,378
388,20
376,388
388,377
389,20
12,23,24,25,58,19,151,0,4,389,125,83,41,31,10,43
0,389
376,390
398,391
58,391
391,54
392,41
4,393
396,393
401,393
401,394
27,394
158,394
393,395
398,395
396,15
397,29
33,397
0,397
397,398
396,397,399,391,393,394
110,399
399,405
0,400
122,400
401,394
4,401
396,401
402,43
403,392,393
154,404
404,393
404,393
396,405
405,393
17,406
406,407
11,407
417,407
102,408
35,408,142
409,54
407,409
410,412,417,419
410,172
411,418
55,411,159
411,19
412,413
57,412
420,411,412,413,414,416,406,418,419,408,409
420,414,416
414,185
420,410,411,415,416,407
415,418
411,415
420,412,415,406
411,416
415,416
414,416
19,416
0,416
0,416
56,417
45,47,26,29,410,411,335,412,413,414,415,118,416,417,418,419,53,33,36,59,0,420,4,5,7,8,9,406,407,409,43
25,417
45,418
406,418
414,419
420,411
431,421
421,39
12,421
421,58
56,422
433,422
430,422
423,32
25,423
48,423,52
424,429
57,424
425,426
138,426
432,426
13,426
47,427
424,428
287,8,60,429,142
435,426,429
13,429
427,429
430,434
430,425
123,431
431,3
431,425
22,432
0,432,6,174
432,424
433,427
433,429
433,434
434,427
435,424
430,432,421,422,434,435,429
435,425
436,51
437,32
437,449
436,437
180,438
0,49,6,438
438,194
438,9
304,439
449,439
0,66,440
440,441
441,446
441,436
441,21
442,191
442,448
443,448
443,14
443,27
0,444,18,21
444,16,51
0,444
444,438
134,445
37,445
446,164
6,447
0,447
441,448
34,449,164
187,449
440,450
448,450
440,444,446,438,450
436,450
451,461
451,463,461
452,19
462,452
452,218
452,367
452,59
453,50
451,463,453,465,454,455,456,457,458,459,461
454,262
454,460
451,454
454,461
454,59
454,455
452,456,457,461
462,456
457,461
44,457,8,83,40,54
458,461
18,458
454,458
459,31
456,459
14,459
2,459
458,460
459,460
40,460
464,461
464,461
0,55,96,21,461
462,227
0,463
452,463
463,459
464,454
464,460
464,50
464,456
464,454
465,458
465,461
473,466
466,59
134,13,467
467,479
468,471
466,468
467,469
476,469
0,469
0,55,177,23,14,17,138,469,19,190
475,476,478,469,470,471
468,470
476,470
25,471
19,471
467,471
466,467,479,471,472
473,58
0,473,172,131
473,73
473,466
473,470
474,31
474,141
474,478
474,16
34,475
475,48
475,262
475,466,469,472
476,50
476,480
476,466
477,467,470,472
55,477
474,477
0,477
114,478
478,315
14,478
14,479
478,480
7,480
484,481
485,481
495,482
487,482
0,483
0,483
492,483
484,487,491,483
485,53
485,173
486,50
486,47
486,17
486,38
46,487
487,48
55,487,9,50
0,1,35,487
487,494
487,488
488,489
488,60
488,491
486,489
486,489
60,490
47,490
486,490
491,492
492,21
492,482
484,493
490,493
492,494
82,494
495,42
495,382
496,39
496,506
497,47
497,501
498,191
499,20
48,500
500,53
497,500
500,194
59,500
500,502
498,499,501,503
501,51
497,501
497,498,502
36,502
3,503
39,503
0,503
503,40
496,504
502,504
496,504
504,50
0,29,505,30
499,500,502,505,506
497,505
178,506
499,501,506
498,506
