1,9
0,1
1,4
1,30
2,3
2,14
3,7
1,3,8
1,4
3,5
12,6
6,10
0,55,6
5,7
4,7
2,8
6,8
13,5,7,8,9,10
2,8
7,9
14,9
33,31,10,43
7,10
13,10
11,26
11,12,3,4,5
12,5,7
13,15,7
13,4
14,9
14,4
15,29
2,15
15,10
15,51
16,21
16,17
25,26,16,29,21
0,17
27,17
16,18
18,54
18,30
18,19
2,19
22,25,29,20
0,20
16,21
20,21
0,21
22,21
22,18
22,18
23,16
23,16
23,19
24,16
25,26
25,28
25,20
23,26,20
26,20
26,29
24,26
27,20
25,28,18,30
22,28
24,28
29,19
49,29
19,30
18,30
31,32
33,32
45,32
35,32
33,44
33,38
33,42
34,41
34,41
34,42
35,41
36,40
37,32
36,37
37,43
38,43
44,39
45,40
35,38,40,31
38,41
41,42
41,42
38,42
42,43
38,43
44,38
0,44
33,45
46,54
47,50
48,54
57,58,48
48,49
48,50
59,49,51
58,50
55,50
57,50
56,51
51,54
50,51
59,52
55,56,46,57,47,58,59,49,60,50,51,52,53,54
60,53
55,53
48,54
59,54
56,54
55,56
56,50
56,50
56,60
57,49
23,57
58,49
55,58
55,58,53
59,50
59,54
47,59
59,54
57,59
56,59
60,53
48,60
61,64
67,61
66,67,68,70,62,64
70,63
68,63
68,61,62,64
48,49,60,64
69,65
66,72
66,75
66,70
66,62
67,72
0,68
0,68
66,68
68,70
68,74
69,70
69,64
70,71,74
70,71
70,75
70,71
71,63
7,71
72,61
72,75
72,62
72,65
72,31
66,67,68,69,0,1,4,70,71,72,61,73,62,74,30,64,75,65
73,64
69,61,73
66,73
66,67,69,71,72,61,73,62,74,64,75,65
63,75
69,75
68,75
83,76
86,76
17,76
88,77
77,76
78,90
77,78,84
79,84
78,79
80,81,85,86,87
36,17,39,80
80,81
81,41
81,82
0,82,30
82,83
46,82
79,82
80,82
82,84
89,83
77,83
88,83,86
77,84
84,86
89,90,84,76
90,85
85,86
82,86
14,29,86
80,87
88,77,78,80,85
88,87
89,87
89,82
78,90
90,83
90,86
91,96
104,92
100,93
104,93
100,94
101,94
94,95
105,94
105,95
93,95
95,96
95,97
99,96
92,96
95,96
91,97
99,98
101,103,91,93,98
99,97
99,100,96
100,98
101,94
101,94
102,91
102,95
102,105
101,103
101,102,103,104,105,94,95,97,98
169,104
104,105
113,106
23,57,46,36,27,138,106
106,119
106,108
106,29
106,8
106,107
107,109
111,108
107,109
115,109
108,109
110,116
110,118
111,190
111,114
112,117
112,117
111,112
113,107
114,120
114,106
36,115
113,116
116,118
35,116,60,31
114,117
117,119
112,117
112,118
118,108
117,119
107,120
118,120
111,120
121,122
121,134
122,125
121,122
122,130
35,123
133,124
123,124
133,124
124,127
125,128
134,125
125,126
133,134,124,126
123,126
123,127
123,127
132,127
135,127
121,127
13,69,26,27,128,195
129,130
125,126,128,129
133,135,127,129
121,130
127,130
126,130
132,131
4,131
132,124
133,135
133,56,15
121,134
121,133,134
121,135
135,125
136,141
136,141
147,136
136,148
148,137
148,137
146,138
138,139,142
147,138
139,140
140,142
140,141
144,140
147,139,141
145,141
147,141
146,141
136,142
150,142
141,142
143,150
143,139
144,139
144,145
144,138
145,4
140,141,142,143,144,145,146,136,147,137,148,138,149,139
144,146
146,141
147,149
147,139
147,149
148,141
148,139
146,149
147,149
45,150,140,141,142,143,145,146,136,147,137,148,138,149,139
151,153
151,152
160,151
162,151
161,152
160,152
161,152
151,153
154,153
154,159
154,160
154,163,153
155,162
154,155
154,155,159
155,157
156,162
156,158,159,160,164
156,162
157,153
156,157
156,158
158,160
158,159
160,163
156,160
160,153
157,161
161,162
154,162
162,163
156,162
155,162
162,163
156,163
11,163
164,153
154,164
160,164
165,164
165,155,157,151,153
165,163
166,170
12,167
0,167
167,169
167,6
168,170
168,171
169,174
176,169
166,178,167,179,169,180,170,174
168,169
178,170
169,170
170,171
179,171
176,171,172
171,172
167,172
167,172
169,172
179,173
176,174
169,174
177,174
172,175
171,175
167,175
172,175
176,180
176,173
0,177
177,178,167,179,168,169,171,172,173,174,175
177,178
178,179
178,168
179,174
167,179
166,179
179,175
176,179
166,180
116,180
180,174
181,183
33,181
191,181,182,186
182,183
182,194
189,182,194
188,182,195
193,183
192,183
183,184
55,25,58,38,16,27,39,184,186,0,143,2,8,92,60,65
184,185
194,184
188,184
195,184
182,185
185,186
193,186
183,195,186
187,4
187,183
187,47
187,188
188,195
188,195
188,184
188,189
189,181
190,194
190,195
191,182
192,186
122,192
193,183
193,42
1,3,59,194
194,184
191,194
192,195
193,182,195
210,208,196
207,196
203,196
203,208,197
36,58,196,197,198,199,210,200,201,202,203,205,206,415,207,208,209
199,206
199,197
199,201
200,197
200,201
198,201
201,206
198,202
210,202,204
200,202
203,208
199,201,204
199,204
199,204
204,207
205,32
200,205,208
205,209
206,196
199,206
199,206
201,202,207,197
207,196
207,208
204,208
210,209
204,209
210,199
210,207
211,217
211,216
212,215
0,212,37,193
212,219
221,211,222,212,213,215,216
220,222,214,215,218
223,214
213,215
222,215
221,223,215,217
221,216
211,216
224,217
218,219
211,218
216,218
225,215,219
224,219
212,216,217,219
220,216
220,223
33,12,45,23,57,37,26,59,18,0,275,220,6,53,31,65
220,215
221,225
221,215
221,211
220,211,222,212,223,224,214,215,216,217,218
222,217
220,223
212,224,225,214,215
223,224
225,217
226,238
226,240
235,227
227,238
28,228
16,228
234,228
231,229
237,230
233,230
231,27
231,232
232,235
232,236
232,234
232,239
0,24,233,17,94
234,58
230,231,232,233,234,235,114,236,237,238,239,10,76,32,18,240,0,1,226,326,227,229,60,83,43
235,228
235,230
235,237
234,235
236,9
231,234,235,236,237,227,238,228,239,229,240,230
49,240,230,231,232,233,3,234,235,236,226,237,227,238,228,239
237,50
235,238
232,233,226,227,238,228,239
228,239
236,240
240,230
248,241
251,241
242,245
242,254
242,108
242,255,246
242,251
243,250
243,251
244,255
244,246
245,250
253,245
245,241
243,246
244,246
247,250
255,247
247,250
244,247
242,248
39,248
246,248
244,248
244,245,246,249
255,250
248,250
253,251
244,252
249,252
253,243
253,243
254,246
242,253,254,244,249
254,245,246,247,248,250
255,248
253,255
255,246
255,245
256,260
264,265,256,268,259
34,256
256,270
256,14
257,262
258,259,262
267,258
57,258
259,270
264,265,266,256,268,259,270
266,259
265,259
265,266,257,268,259,260,263
260,261
270,260
266,260
260,263
266,261
266,262
265,262
270,263
256,263
269,263
270,260,261,262,263,264,265,266,256,257,268,258,269,259
264,26
265,260
265,267,258
265,256
265,47
265,257
0,266
266,256
256,267
267,259
0,267
267,261
268,258,269
269,60
267,269
269,260
24,269
36,16,270
259,270
268,258,270
277,279,271
282,271
277,279,272
277,272
282,273
273,274
284,274
274,285
275,277
275,276,277,280,284
276,280
276,277,284
275,277
278,283
278,274
277,278
278,282
278,280
279,271
280,283
280,285
280,281
281,271
276,281
276,281
278,281
278,282
271,283
42,284
282,284
0,33,284
273,284
284,274
278,285
281,285
279,285
276,285
0,33,22,44,133,17,227,160,164,285
286,295
286,287
298,287
287,295
287,290
288,295
56,38,290,291,292,293,294,295,296,0,297,286,298,287,299,289,300,7
286,298,289,291
297,289
289,292
290,296
290,292
299,291
300,292
299,293
297,299,300,293,294,296
297,294
300,290,295
290,295
299,295
287,295
299,296
300,296
286,296
297,286
298,3,14,136,153
298,289,292
299,295
299,58
289,300
300,29
300,292
311,301
301,302
302,314
302,306
310,302
312,302
303,305
303,315
314,303
310,303
301,304
310,312,301,304,305,308,309
314,305
305,306
313,302,314,306,307,309
313,306
310,304,307,309
303,307
305,308
312,308
55,309
314,309
310,24,162
310,315
311,301
311,307
312,307
0,312
313,314
313,314
315,309
310,312,302,315,307
323,316
327,317
405,317
321,318
318,319
323,318
317,319
323,319
320,326
320,322
321,316
322,323
323,326
330,323
323,317
320,323
323,318
330,322,324
320,324
325,317
22,172,330,321,322,323,324,5,325,326,327,316,229,328,317,329,318,319,84,54
322,326
326,316
330,326
326,316
327,317
322,327
327,328
325,328
323,328
328,329
321,329
327,329
330,9
330,319
330,323,324,326,327,316,328,329
331,336
331,334
332,340
332,334
332,335
341,333
333,335
333,345,336,337
341,333
333,340
34,334
334,335
343,335,340
333,335
336,339
343,337
337,340
333,337
333,338
341,338
342,332,345,338
338,339
15,339
332,340
341,338
341,340
341,333
341,342,331,344,345,334,336,337,339,340
341,344
342,343
342,343,332,344,334,337,339
344,340
345,335
37,345
343,345
346,348
3,346
346,358
347,349
356,347
346,348
360,350,351,352,353,354,355,356,357,346,358,359,348,349
352,356,346,348,350
355,349
349,54
356,349
350,351
0,7,180,61,20,142,351
346,351
356,351
352,357,349,351
352,359
353,350
353,355
354,346
354,356
354,356
56,354,52
354,348
352,355
355,9
353,354,355,358,347,348
352,356
356,347,359,349,351
356,351
188,357
356,358
18,359
356,357,359
356,360
368,361
361,373
373,362
370,362
366,362
363,371,372
364,373
364,373
364,372
363,364,366,373
374,364
363,365
375,365
366,369,361
366,371,373
367,371
367,371
367,372
364,368
363,368
368,369
374,369
375,369
368,369
0,13,5,39,370
367,368,370,361
367,371
367,371
372,362
371,372,361
5,372
371,372
364,373
368,373
371,373
0,12,5,6,39,30,373,43
367,373
372,373
369,372,373
374,364
374,56
375,361
375,371
375,365
375,370
376,384
377,16
377,381
377,82
377,389
386,378
385,378
377,389,378,379,390,382
378,380
0,380
380,382
389,381,382
381,382
385,381
382,383
381,382
376,382
376,378,383
390,383
117,384
381,384
385,388
385,388
386,380
387,380
387,16
387,381
386,387
34,388
386,389
379,390
405,391
404,391
403,391
392,42
398,392
400,393
391,393
400,404,394
405,395
396,395
396,402,405,392
396,404
397,401
397,403,405,393,394
397,395
398,403
396,398,399,403,404,395
396,399
400,404
401,404
15,401
401,402
401,403
396,402
402,405
397,402
402,395
401,402
401,402
401,403
396,403
402,403
397,403
399,404
404,405
405,391
405,42
405,393
405,394
405,393
406,407
418,407
7,407
420,407
414,407
416,407
11,407
408,52
417,409
407,409
417,409
410,415
411,162
410,412
413,416
413,416
410,413
413,419
414,409
414,418
415,40,31
415,418
413,415
414,415
411,416
410,416
416,60
420,417
417,409
417,418
35,418
411,418
417,419
406,419
420,419
420,407
420,408
432,421,425
1,422
433,423
424,426
434,424
432,424,425,427,429
424,425
426,428
432,427
435,427,428
424,428
434,429
431,424,425,429
430,435
430,431
431,421
431,432
432,429
432,421
432,426
432,425
432,433
421,434
434,428
434,423
422,435
442,436,450
436,448
443,437
57,437
442,437
440,438
448,438
448,438
438,439
438,450
449,438
447,439
440,438
441,439
441,444,446
441,439
441,443
441,436
441,449
22,48,27,131,252,132,155,114,30,75,13,14,36,15,16,17,180,141,164,0,2,442,189,4,104,7,8,60,308,40,21
442,446
443,446
442,444
445,447
44,446,19
445,447
446,447
441,447
450,441,442,443,444,445,446,436,447,448,437,449,438,439
442,448
436,448,437,439
448,437
448,439
448,449
448,438
447,449
441,445,449
444,450
451,455
452,457
462,464,453,458
451,462,452,463,453,465,455,456,457,459,460,461
454,457
463,454
451,464,453,455,456,458
465,455
462,456
453,456,457
457,461
458,459
0,25,58,458,171,63,53
463,459
457,459
462,460
457,460
460,461
464,460
452,460
463,461
462,463
462,454
451,462
463,455
463,453
451,463
464,456
0,464
464,457
465,457
465,459
473,466
473,474,475,466,477,468,472
467,472
475,476,466,477,467,478,468,479,469,480,471,472
468,471
15,468
478,468
475,468
468,479
477,469,470
469,471
470,471
479,470
470,471
466,471
467,471
476,477,470,472
476,472
479,472
473,474
473,467
473,476
474,468,469
474,469
473,474
475,479
475,477
476,16,20,98
475,476
24,476
476,467
475,477,480,470
477,467
477,480
478,480
479,471
474,479
479,469
480,472
11,56,36,125,5,480,52
484,481
495,481
482,493
484,483
484,485
484,490
484,493
484,495,485,490,483
46,27,490,492,493,494,495,10,12,14,15,59,16,481,141,482,483,0,484,1,485,486,487,488,5,489,7,207,506,41,21
486,481
484,487
487,489
487,491
485,488
489,483
489,70
489,493
490,482
0,491
487,491
485,491
487,491
492,483
490,492
490,492
490,493
493,494
482,494
483,494
138,494
484,494
495,485
495,487
495,487
495,482
495,486
496,503
496,497
496,504
497,498,500,501,502,504,505,506
497,503
498,502
498,505
498,499
498,502
499,501
498,500
497,499,500,501
499,501
497,498,501,502,503,505,506
500,502
500,502,504
503,506
504,505
498,504
501,505
496,505
498,500,504,505
501,506
501,506
504,506
