1,6
1,8
2,8
2,4
3,9
4,29,20,32,10
4,7
4,5
11,1,2,3,4,5,6,8
6,18
15,6
1,3,7,8
3,7
6,7
7,8
3,8
26,9
12,9
2,9
15,9
15,9,10
11,4
11,15
11,25
11,16
11,14
12,9
1,23,12,24,14,7,10
12,13
11,13
13,30
0,13
13,15
13,14
14,10
22,24,25,26,27,30,31,10,11,12,13,14,15,16,17,19,0,3,4,5,6,7,9,20,21
22,23,24,25,26,27,28,29,30,31,10,11,12,13,14,15,16,17,18,19,0,1,2,3,4,5,6,7,8,9,20,21
14,15
14,16
22,16
17,32
23,17
6,18
0,19
22,23,24,25,26,27,17,19,0,4,7,9,20,31,10,21
16,20
19,21
9,21
30,21
13,21
22,32
23,21
24,19
22,24
25,27
26,27
0,26
22,27
25,28,31
28,29
26,28
25,29
27,29
3,30
17,30
29,31
23,25,26,27,28,29,30,31,32,12,13,14,15,17,18,19,0,1,2,3,6,7,8,9,20
25,32
33,30
33,40
34,36
23,35
33,35,37,38,40
35,39
36,15
34,36,37,38
34,37
37,19
38,39
38,91
38,40
39,52
38,39
39,40
35,39,40
40,41
58,41
41,31
7,42
41,42
35,42
91,42
48,42
45,46,47,41,42,43
44,24
44,41
44,43
45,98
45,48
44,45
46,10
67,47
48,62
45,48
33,66,48,4,26,27,39,18,94,85,41,98
49,51
49,104
26,49
49,20
49,50
50,53
55,50
50,52
50,51,52
51,73
3,80,52
49,53
56,49,50,51,52,53
20,54
50,54
55,11
55,6
55,54
88,56,53
56,54
56,54
101,57
57,63
58,61
59,62
1,59
60,21
61,62
24,61
77,101,3,61,65,76
34,62
73,62
62,64
62,64
100,63
63,87
1,63
63,97
72,63
63,64
60,64
25,65
69,65
66,27
66,22
66,72
67,19
67,13
67,69
68,65
68,69
66,67,68,69,70,65
66,70
70,65
104,70
70,65
70,60
71,60
72,65
0,9,72,86
39,72
72,65
77,73
57,73
73,53
73,75
77,79,80,73,74,76
92,74
74,54
73,74
79,75
73,75
78,75
97,75
78,76
73,76
37,76
18,76
79,76
74,75,76
75,76
77,29,84
0,77
78,75
78,79,74
35,79
4,80
81,52
5,81
33,81
0,82
39,82,54
82,84
82,85,87
26,83
83,86
84,87
82,84
85,86
25,85
47,86
82,87
46,47,87
51,87
36,87
88,97
0,88
89,13
89,52
90,9
90,92
79,91
8,92
92,84
90,93,95
93,96
90,93
94,95
61,94
102,94
1,95
96,30
99,102,97
48,98
104,98
30,98
82,98
97,98
102,98
99,51
99,98
99,12
99,101
100,79
77,100,24,20,86
101,104
100,101
101,47
101,103
13,102
102,98
102,14
100,103
48,103
104,27
0,11,12,14,104,28,70,20
103,104
104,98
111,105
111,105
56,105
110,106
216,106
111,106
112,107
22,26,28,110,176,111,134,138,216,75,99,35,15,19,141,0,202,6,105,106,107,108,109,61,41
112,107
112,108
108,109
108,109
105,109
27,109
110,107
111,105
111,107
111,112
67,23,35,24,14,180,161,197,198,188,112,3,102,5,91,83,52,97,31,32
111,112
113,116
113,119
113,119
36,114
25,114
115,116,117
11,115
113,116,118
114,116,120
116,119
115,116
115,117
118,98
117,119
119,61
118,119
35,113,119,230
119,120
39,119
228,120
80,120
54,120
121,124
121,127
122,125
122,124
122,127
123,28
122,123
124,125
124,127
0,124
101,124
121,125
122,126
126,17
79,127
104,127
124,127
121,128
128,21
136,129
129,131
11,190,130,131,153,132,133,134,189,135,136,6,127,85,32
212,131
86,131
28,228,131
132,103
133,15
133,130
133,45,134,15,18
134,17
134,204
134,131
135,136
136,158
133,136
136,15
137,73
138,140
114,138
139,73
140,141
70,140
1,141
18,141
143,141
139,142
144,142
113,117,8,142
177,72,142
59,142
140,142
143,141
143,137
22,143
144,169
144,142
145,4
145,24
145,146
146,149
146,80
147,149
198,148
148,152
1,149
149,87
149,151
148,150
151,54
150,152
50,152
150,152
145,152
29,152
23,153
7,153
154,157
154,210
154,155
155,26
156,158
157,90
157,153
157,14
158,226
155,159
157,159
159,160
154,155,160
103,160
157,160
160,153
156,160
167,161
166,162
167,162
28,163
89,13,47,58,17,18,130,163,231,1,144,135,5,214,126,32
4,164
165,162
165,167
165,207
166,204
166,162
167,163
168,196
168,162
169,173
176,169
66,198,169,193,85
46,169,28,30
170,172
170,61
170,84
68,171
176,171
11,47,49,172,140,165,122,135,201,9,73,85,86,76
171,172
33,172
57,123,202,6,28,172,54,76
176,169,171,172,175
112,172
172,175
170,173
48,174
170,174
176,174
171,175
171,175
176,171
176,173
176,51
176,16
177,7,170,93
177,6
220,177,178,179,181,71,182,183,184,130
177,10
177,179,183
178,181
178,54
179,180
179,20
19,180,53,10
177,180
180,183
181,183
181,182
178,182
182,184
182,51
200,14,107,194,183
182,183
177,183
77,183
84,183
184,64
102,184
190,192,185,186
190,186
27,186
187,137
187,103,71
188,185
187,189
189,190
190,97
190,186
1,190,81,74
189,190
189,191
6,191
36,192
193,196
71,193
200,193
198,194
194,196
194,195
199,195
158,195
222,195
198,196
200,196
31,197
12,197
114,197
29,197
66,197
198,1
199,200
199,75
199,195
200,38
200,197
198,200,193,195
231,200
201,208
201,86
201,7
201,204
211,201
202,204
202,73
203,75,65
204,54
202,205
44,206
205,207
2,207
202,206,207,208
204,208
204,208
146,201,125,203,6,204,205,206,207,208
81,209
210,209
210,211
89,211,13,136,106,92
210,211,212,213,214,149,215,216
212,174
213,5,163
77,13,190,160,120,186,167,102,213,93,84,30,32
213,209
213,215
213,59
214,216
214,215
214,10
211,212,214,216
215,209
215,185
216,208
213,216
78,13,17,217,62
15,204,217,30
217,218
178,218
217,218
221,218
218,219
219,196
112,201,219
26,219
222,219
220,217
220,223
220,218
221,224
221,40
221,224
221,224
222,223
221,223,218,219
223,172
223,224
223,224
225,230
226,227
11,4,226
227,52
231,228
143,228
228,170
227,229
229,64
232,229
226,228,229
66,67,28,190,131,230,199,212,136,216,70,97,54,11,77,99,55,13,36,17,142,164,120,187,126,149,106,82,63,65,21
185,230
231,72
231,17
13,47,180,230,232,225,226,227,7,228,229,9,82,42,10
232,58
232,229
233,238
233,239
233,74
234,126,131
235,18
236,239
237,52
237,238
236,237
235,237
233,238
56,238
238,240
233,238
89,69,17,18,29,130,394,383,395,210,423,238,405,84,97,21
126,238
238,71
236,239
234,240
237,240
245,241
245,241
243,241
243,241
242,201
243,239
243,173
242,243,245,246
244,58
244,17
245,15
246,248
247,191
247,7
23,247
243,244,245,246,247,6,248,7,241,131
248,280
246,248
244,248
249,74
249,250
253,250
88,251
271,251
250,251
16,252
116,31,252
253,181
253,250
253,249
254,250
11,255
188,255
255,279
256,251
254,256
256,27,379
256,249
253,256,249
257,262
264,257
257,259
257,262
258,259
264,259
259,260
259,260
260,261
101,260
258,260
261,263
261,263
7,194,172,261
114,262
262,32
261,263
112,263
261,263
60,263
54,263
264,190
264,259,260,263
265,268
265,271
265,267
266,383
267,271
267,272
267,19
265,268
268,269
266,269
67,12,24,37,270,271,272,141,144,134,266,201,267,268,236,269,129
269,272
268,269
270,53
269,270
270,294
6,271
275,271
90,272
279,273
273,21
277,274
280,274
275,27
276,103
277,280
277,273
77,277
66,278
277,279,280,273,274
275,279
92,280
279,280
104,280
281,282
281,42
282,21
100,283
0,283
99,253,126,84,140,284
24,284
77,284
127,21,285
286,285
282,285
286,73
286,73
286,246
287,309
287,84
287,282
288,366,96
289,293
289,413
214,290
290,291
44,290
290,150
123,290
290,291,295
14,291
292,171
289,292
291,292
293,296
190,290,291,292,293,294,296,165,289,168,399,4,202,303,208,21
294,296
7,295
294,296
289,291,292,295,296
297,300
298,94
100,298
298,301
298,18
187,299
299,344
299,31,87
300,15
300,302
0,300
301,303
299,301
242,23,301,262,164
144,301
298,302
11,302
199,302
302,304
302,304
298,303
303,304
48,305
311,305,306
305,306
310,311,312,306,309
118,307
307,64
310,308
309,95
305,309
307,309
23,310,278,5,17,74,32
310,307
311,305
22,311
311,309
311,312,305,306,309
312,306
37,280,262,284,320,1,5,313,314,316,207,92,317,318,319,53
314,315
178,314
314,31
314,319
315,317
314,315
249,316
23,316
8,317
313,317
313,317
15,318
313,319
320,15,41
320,315
321,328
321,324
321,328
321,322,323,325,327,328
323,324,327
0,323
324,325
322,324
22,3,325
286,325
342,325
323,325
323,325
324,325
326,327
301,326
99,45,38,284,197,142,274,0,165,1,232,111,326,348,209,309,64,42,32,65
220,327
328,9
334,329
330,331
330,215
89,331
331,333
330,331
332,334
332,96
89,332
332,85
333,170
334,336
334,335
231,335
335,249
330,335
335,97
336,8
0,337
11,337
24,338
90,338
344,339
147,248,337,339,183
339,42
107,340
349,340
343,337,340
341,226
341,63
342,340
342,273
13,69,190,340,341,342,343,123,344,125,313,425,337,91,339,42,21
343,24,54
344,25,312
344,338
341,344,337,340
36,345
346,348
346,70
289,347
347,54
347,351
345,346,347,348,349,94,350,351
352,123,345,346,347,348,9,350,351
348,351
348,10
346,349
205,349
352,348,349,350,351
349,350
352,351
352,349
352,351
352,345
353,49
353,355
353,355
354,355
33,355
79,355
353,355
356,248
356,90
357,358
0,357
354,357
354,358
357,358
359,229
22,360,173,164,0,353,155,287,355,356,357,358,359,51
355,358,360
355,360
359,361
361,362
364,362
367,362
363,89
363,365
364,69
364,9
365,366
365,361
366,334
366,362
367,362
366,367
367,17
363,367
368,362
365,368
22,12,182,293,130,252,1,177,254,3,201,323,368,248,41,75
0,368
1,369
369,7
22,369
370,371,373
370,373
370,371
370,373
38,371
374,371
374,372
375,372
376,373
376,369,373
7,373
25,373
372,373
374,223
374,375
374,29
33,375,52
375,368
374,375
375,78
376,140
377,382
377,6
13,377,291
378,21
379,384
379,7
380,382
286,380
12,26,49,381,130,220,375,178,432,8,51,84,97
381,54
379,382
411,382
5,383
377,383
382,383
383,43
381,384
378,379,384
326,384
385,100,427,74
385,390,392
385,193
386,391
386,202
386,387
99,386
386,38
387,390
387,388
12,388,90
389,90
33,99,67,89,15,27,19,355,3,146,389,5,415,9
190,390
387,390
399,391
390,392
431,392
390,392
12,392
103,393
399,393
4,393
393,53
393,395
298,4,409,394
11,56,26,107,81,181,31,395
26,209,30,395
396,400
396,393
397,135
398,395
398,290
0,398
399,141
399,395
399,393
396,397,400
400,393
401,408
401,402
402,65
403,407
403,406
45,24,46,28,29,194,393,214,115,414,118,93,30,96,31,11,37,0,242,187,100,2,3,267,103,148,126,127,403,129,8,108,429,61,62,20,43
403,406
1,404
25,404
22,405
404,405
405,54
406,62,174
229,406
18,406
26,48,274,398,179,237,30,52,12,13,36,264,143,1,3,4,225,302,149,7,8,407,40,85,21
12,407
408,53
57,408
408,32
410,411,414,409
415,409
410,414
410,412,413
411,415
2,411
411,412,413,414,415
412,206
4,412
412,414
411,413
412,413
265,413
412,413
117,414
315,414
12,414
411,415
416,409
413,416
3,416
119,417
422,417
421,417
387,418
6,418
424,419
424,419
423,419
420,10
49,27,18,29,382,263,220,298,254,2,420,168,304,8,70,108,81,52,32,21
421,423,417
420,422,423,424,417,419
422,423
101,423
423,419
423,61
424,418
0,424
423,424
14,425
425,427
430,425,426,427,429
425,427
425,428
426,428
426,182
431,427
432,427
431,428
429,131
229,429
427,429
430,16
121,431,336,17,403,107,171,10
123,432
433,438
440,433
101,434
434,437
434,405
435,439
435,239
411,435
436,392,30,394
436,439
22,436
437,41
39,437
437,439
353,438
377,438
156,439
439,84
440,434
441,446
442,58
442,446
441,442
46,443
441,443,448
444,448
442,444
25,444
231,189,445,308
442,445
441,445
446,161
1,446
446,447
431,448
442,448
445,448
454,449
451,449
453,455,449,450
451,449
455,450
0,450
451,456
451,455
451,454
451,358
143,452
451,452
451,452,453,46,454,455,456,450
453,449
454,456
0,454
451,455
455,449
14,455
133,456
457,461
457,28,348,305,9
457,461
463,458
458,19
464,458
463,459
463,460
8,460
60,460
35,461
460,461
91,461
462,460
463,460
463,459
463,40
451,464
464,457
465,337
465,14
466,472
466,472
466,467
467,471
467,470
467,472
467,92
466,468
468,361
24,469
469,471
468,469,470
469,470
468,470
305,470
466,470
470,471
470,472
83,471
466,471
471,152
467,472
473,312
473,474
473,34
473,421
474,478
77,474
473,474
474,82
475,478
474,475
176,476,205
476,195
0,477
398,478
474,478,480
478,316
300,479,109,183
476,479
474,480
479,480
485,481
484,481
484,485,486,24,487,8,417,82,481,482,483
481,186
484,486,487,482
484,482
484,482
99,482
485,483
484,488
484,29,191,150,164
484,6
198,88,485,69,48,4,247,27,359,205,64,20
78,486
486,481
485,487
488,39,381
253,488,26,17,248,70,84
485,488
489,160
0,490
13,490
490,491
223,491
56,492
364,492
213,493
493,54
2,494
342,494
490,494
495,493
496,100
497,501,503
497,26
497,41
498,136
102,499
499,6
500,98
22,500
497,499,501,502
501,28
1,215,502
500,502
498,503
5,503
504,150
189,505
222,505
506,41
27,506
49,9,506
