1,26
1,3,4,9,10
1,3
1,5
2,7
2,5
2,5
3,10
1,3
11,4
3,5
5,8
4,6
3,6
1,6,7,8,9
3,7
2,7
7,8
1,9
11,9
6,10
11,6
11,8
12,21
12,3
11,22,23,13,24,14,16,17,28,18,29,19,20,10,21
23,24,13,14,17,18,19,20
14,20
14,20
14,21
15,17
15,21
14,15
13,16
13,17
17,18
23,18
22,19
19,32
19,20
19,20
15,17,18,20,21
22,23,14,15,16,17,18,19,20,21
14,18,20
14,16,21
22,21
16,21
22,18
22,42
23,20
23,18
22,24,18
25,26,31
25,29
25,30
25,31
26,27
35,36,25,26
25,27
33,27
34,27
22,28
33,28
35,29
28,29
26,29
34,29
26,30
30,31
25,31
33,31
33,36,26,27,28,32
29,32
33,36
33,30
33,34
33,26
34,31
33,34,45,35,46,36,25,26,39,28,29,19,40,30,31,32,10
34,25
33,34,25,27,29
34,30
35,36
35,30
36,26,32
45,37
38,43
38,43
22,38
39,43
40,30
4,40
45,40
47,41
46,41
41,42
41,43
47,43
44,43
44,42
45,41
45,48
45,43
46,37
46,37
47,39
48,37
49,51
49,53
50,51
6,51
147,51
58,52
60,52
49,53
50,53
56,54
50,54
55,56,50
55,57,59,49,51
55,59
56,53
56,54
57,53
57,52
55,56,57,69,58,59,49,154,50,51,52,53,54
57,59
57,59
59,52
59,49
58,60
61,64
62,63
68,63
70,63
68,63
71,64
67,65
66,68
66,70
66,70
66,69
67,5
67,62
66,68
66,67,68,69,26,27,29,151,70,92,71,72,10,32,14,36,17,144,128,61,84,40,62,63,64
67,68
68,61,62
69,65
69,62
70,72
70,62
70,71
70,63,64
69,70
56,24,70
67,71
67,71
71,65
15,71
66,72
66,72,65
78,73
78,81,73
17,73
74,76
84,74
73,75
82,75
78,75
74,75
81,76
84,75,76
77,79
77,79
77,75
78,83,84,74
78,76
78,79
79,82
80,81
80,83
80,81
79,81
78,81
81,82
80,83
78,83
83,84
85,87
91,85
92,85
88,85
88,85
96,85
90,93,86
88,86
93,87
94,87
88,86
89,92
89,96
89,92,93,85,86
90,96
90,94,96
91,96
91,87
92,93
91,92
93,96
93,85
88,89,46,25,154,110,91,92,119,93,94,95,96,97,18,140,1,6,61,62,85,63,20,86,87
93,94
88,95
95,96
90,95
88,67,89,28,131,153,110,90,91,93,94,95,96,10,77,19,104,149,7,8,108,82,85,86,87
90,96
94,96
99,97
99,97
106,98
16,98
108,98
99,100,101,103,104,105,106,107,108,97,98,120
99,101,106
99,102
100,101,105
100,105
100,97
101,108
101,105
102,108
102,107
102,103
104,108
100,104
105,97
105,97
103,106
102,106
106,107
103,106
105,107
99,107
104,107
104,107
107,108
104,108
113,109
110,114,115,119,109
111,114
111,112
112,119
112,113
113,117
111,114
114,118
110,115
115,117
115,116
111,115
112,116
113,116
110,116
117,119
113,116,117
117,118
110,117
115,118
118,120
117,118
117,118
99,91,119,92
117,119
112,119
110,120
119,120
121,126
121,122,123,128
121,122
122,131
122,123
122,128
123,124
123,126
121,123
121,123,125,130
124,127,128,130
122,124
124,128
124,131
121,124
124,126
124,127
125,127
132,125
123,126
125,126
126,129
126,129
124,126
126,127
132,121,122,124,147,125,126,127,128,129,130,131
126,127
126,128
128,131
122,128
128,129
129,131
155,101,29,129,43
123,130
122,130
129,131
130,131
123,131
132,122,123,130
133,138
144,134
143,134
134,86
135,140
133,135
143,135
136,139
143,136
136,140
144,136
143,137
135,137
135,137
144,137
135,138
0,138
135,139
133,140
138,140
137,140
134,141
134,141
136,137,139,141
136,141
137,142
143,135
143,114
143,144
144,135,137
144,142
144,138
145,146
155,145
146,51
155,145,156,146,147,148,152
146,147
148,6
145,148
156,148
146,148
145,149
154,145,146,149
146,147,150
147,150
55,150
156,150
148,151
151,152
148,151
147,151
147,152
151,152
151,153
154,145,156,150
155,156,147
155,149
155,149
155,153
156,149
165,168,157,160
157,161
165,157
157,161
165,158
158,163
158,160
157,159
159,162
166,159
159,162
168,160
168,160
129,160
157,161
166,161
119,162
161,162
160,162,163,164,165,166,321,167,168,201,157,158,258,5,115,159
158,163
168,163
166,168,158,163,164
165,164
165,168,157,158,160,162,164
165,163
165,168
166,45
166,167
166,167
167,162
168,162
168,162
169,171
13,169,87
38,170
170,172
179,170
180,170
170,172
176,170
179,171
177,179,172,173,174
172,173
179,172
173,76
176,173
176,174
177,174
179,175
173,175
176,348,40
176,177
177,169
178,174
176,178,179,171,173
178,172
178,171
179,174
180,31
180,175
181,186
181,329
192,181
182,186
189,183
181,183
188,183
189,184
74,185
188,185
187,185
181,186
183,186
187,189
187,190
187,182
188,185
188,181
188,192
188,186
188,39
189,191
189,186
189,184
187,190
190,183
190,184
190,191
191,181
187,189,190,191,181,183
192,185
190,192
188,192
188,192
204,193
200,193
200,193
199,193
201,204,194,195,197
193,194
203,195
114,195
195,196
198,199,200,202,203,194,195,196
195,196
200,197
33,66,205,197
202,197
195,197
7,197
198,199,203,204
198,197
199,200
199,202
199,193
199,197
199,201,197
200,203
200,195
200,201
202,196
200,202,204,193,194
202,193
200,203
202,203
203,195
199,204
198,204
200,204,193,197
204,196
187,204,108,86
212,205
205,107
216,205
23,28,174,210,134,211,299,112,212,136,213,214,216,53,12,35,14,38,182,205,206,207,208,209,43
211,215,216,206
214,207
213,207
211,207
210,216,208
210,214,215,209
211,213,205,209
211,209
210,206
210,216
211,216
211,205
211,213,208
212,205
210,212
213,209
213,214
214,104
211,213,215,216,205,208,209
216,205
211,213,214,216,205,206,207
213,216
216,207
227,217
224,217
225,218
226,218
218,219
224,218
224,225,228,219
220,225
220,227
291,220,221,145,244,222,223,224,225,226,227,228,217,219
221,228
221,163
16,195,164,220,221,222,223,224,225,148,226,227,228,217,71,219
221,222
222,219
222,281
222,223
223,217
221,223,228
223,217
222,224
225,227
226,218
38,226
227,219
227,218
220,227
220,222,225,227
222,223,224,228
228,217
224,228
232,229
233,229
238,229
236,230
238,230
231,236
231,235
232,229
232,236,238,240
232,237,239
232,235
232,229
232,235
231,233,234
233,237
233,234
234,229
234,235
233,234
232,235,240
233,235
236,230
236,230
236,240
231,232,236
232,236
235,237,229
238,229
236,239
239,142
240,230
138,240
234,240
251,241
242,95
243,249
243,247
243,107
243,244
243,244
2,244
245,248
245,248
246,250
247,241
246,248
246,248
243,249
245,248,249,241,252
249,252
248,249
247,249
244,250
248,250
247,251
250,251
242,251
250,252
264,253
253,258
253,263
253,258
254,261
255,261
264,253,254,255,256,257,258,259,260,261,262
255,262
253,256
255,257
257,258
254,257
257,259
254,258
258,263
264,258
259,263
259,261
275,259
260,261
259,261
255,261
310,200,94,73,262
255,263
264,257
264,255
264,160
265,270
275,266
266,267
266,267
275,266
276,266
265,266,268,269,270,272,273
267,268
267,8
267,268
268,274
268,269
275,269
275,265,266,267,268,269,270,271,272,273,274
268,269
275,270,272
270,272
271,272
272,274
276,272
276,273
270,273
269,274
272,274
275,157
275,269
275,273
276,271
276,272
276,271
277,284
287,278
278,130
278,279,285
277,279,280,282,283,285
279,285
279,283,285
277,279,280,285
288,280
280,281
288,281
280,281
287,282
282,284
280,282
288,283
279,283
281,283
287,284
278,284
277,285
287,288,280,282,285
278,285
286,279
286,284
286,287
286,279
286,288
287,281
287,278
286,287
288,284,285
286,288,284
288,277
289,293
289,291
297,290
298,300,290,292,295
290,296
299,290
298,289,290,295
298,291
88,23,69,49,290,291,292,293,294,295,297,276,298,111,299,333,90,10,58,141,284,144,145,289,300,125,149,81,60,61,40
290,292,293
290,292
300,293
300,293
293,296
289,294
291,294
298,295
297,295
293,296
299,296
297,291
298,292
298,300
276,298
299,295
299,292
299,291
299,295
298,300
297,300
301,308
310,302
310,302
311,303,304,306,307
310,303,304,308
301,304
310,304
302,304
302,305
303,305
305,309
305,309
311,306
312,306
301,306
305,307
310,304,307,308
307,308
188,310,311,312,301,302,303,304,306,307,308,309
303,304,305,306,309
301,309
308,309
310,117
311,303
312,307
312,159
34,322,312,50
312,308
313,318
313,175
313,318,319
320,314
321,314
314,317
313,314,317
315,109
44,134,313,314,315,317,318,319,51,13,35,17,280,121,320,1,321,123,322,323,125,324,5,7,20
324,316
321,316
323,316
320,322,315,316,317,318,319
313,317
317,319
324,317
316,318
316,319
314,319
324,319
320,315
320,315
320,318
321,313
321,313
322,315
322,10
323,314
323,316
33,12,23,16,19,141,284,234,146,124,213,324,52,87
324,316
324,317
330,325
325,327
333,326
333,327
328,329
331,329
330,335
331,328
331,327
331,327
332,335
332,336,325
332,26
333,325
332,333
333,334,336,326,328
333,334
334,336
335,329
335,325
114,336
336,329
336,329
332,336
343,337
338,72
338,340
341,339
337,339
57,340,342,343,344,323,345,346,347,337,348,338,339
337,340
341,347
341,340
341,338
342,339
342,343
342,343
344,348
344,338
345,347
342,345
346,339
346,347
347,338
348,338
346,348
354,349
349,351
349,360
352,349
44,49,290,350,351,352,110,353,156,354,355,357,358,359,94,99,36,15,360,101,8,349,328,429,21
360,350,351,352,353,354,355,357,358,359,107,349,317,74,75
356,351
352,354,349,360,350,351
352,351
360,351
360,351
352,360
352,358
352,355,350
353,359
353,350
353,355,358,349,360
354,350
354,355
355,213
354,356,358,360,351
356,359
352,356
352,357
354,358
357,358
353,359
360,174,350,296,351,352,353,354,355,124,114,357,358,116,127,359,349,72,419,31
359,360
353,359
358,359
355,360
358,360
363,361
236,362
363,136
363,364
363,365
271,370,371,163,361,372,362,153,363,364,365,366,368,412,369
365,362
364,366
366,362
366,371
367,368,370,362
368,369
368,372
368,369
364,368
44,26,27,29,192,370,371,372,178,498,72,12,14,36,361,362,241,186,363,320,1,364,366,224,367,368,369,106,407,63,43
369,361
370,361
365,370
369,370
370,361
370,361
371,361
366,371
371,372
366,372
26,372
55,34,12,35,46,15,26,16,372,243,4,5,7,91,50,61,87
363,372
135,373
376,373
374,376,377,378,382,384,373
382,373
374,259
374,375
375,377
375,384
376,384
376,52
376,377,383
377,382
378,319
374,378
379,274
380,295
378,380
379,381
375,381
375,376,377,381,382,384,373
380,382
376,377,378,381,383
383,373
374,384
385,484
385,387
385,387,393
386,392
386,390
386,389,390
386,388
387,388
387,394
388,391
396,388
388,391
387,389
389,392
396,389
389,394
386,390
390,394
385,387,388,389,390,391,395
388,391
392,393
390,392
391,393
390,394
389,394
391,395
389,395
389,395
396,393
396,388
396,392
397,401
398,399,405
397,398
399,402
397,399
399,400
400,407
400,405
34,397,144,398,399,400,401,402,403,404,405,406,408
398,402
400,402
403,406
399,403
402,403
17,473,397,2,398,399,400,401,403,404,405,406,407,408
398,405
401,405
398,405
397,406
407,408
405,407
403,408
399,400,403,404,408
408,43
418,409
410,409
415,409
286,410
410,416
410,413,417
410,414
411,418
411,418
412,419
410,413
413,417
413,416
410,414
415,416
414,415
416,417
414,416
37,416,64
416,418
414,416
416,20
414,417
420,410,411,413,414,415,416,417,418
418,409
417,418
414,419
413,419
410,419
420,419,409
420,418
421,426
432,422
422,423
430,422,429
431,423
423,427
423,429
423,426
430,423
422,423
423,427
423,205
424,429
431,424
432,424
424,426
423,425
432,426
426,471
427,429
422,427
422,427
430,431,423,425,427,428,429
432,428
312,315,239,428
421,429
432,429
430,423
431,432
431,429
431,432,429
432,424
441,433
443,433
433,437
443,434
434,437
434,436
444,434,439
434,436
433,434
440,435
103,435
442,435,437,438
434,436
437,439
443,437
433,438
435,438
440,439
444,439
443,439
442,439
440,442
440,444,439
441,438
442,433
442,435
443,444
443,435
224,444
23,3,444,269,152
453,445
445,450
451,445
14,446
453,446
446,447
455,447
446,447
447,450
18,450,451,452,453,454,455,456,446,447,448,449,317
451,448
449,450
455,450
456,450
455,450
451,453
451,445
451,452
452,445
453,447
451,452,453,454,456,449
454,450
454,447,449
455,456
456,450
451,456
457,460
468,458,459,460
177,458
66,28,292,450,178,457,215,458,459,119,71,30,96,31,76,32,12,36,460,461,120,0,462,463,100,122,188,465,466,147,467,104,468,227,109,60,309
459,460
467,459
464,460
460,461
458,461
356,461
463,461
462,465
462,461
463,465
462,463,465,458,460,461
462,464
464,459,461
464,140
462,464,457
464,467,457
465,457
465,467
465,40
465,466,461
465,461
466,457
466,458
463,467,459
463,466,468
465,468
469,472
477,469
475,469
474,476,477,478,480,470,472
480,471
477,471
475,472
477,472
469,472
473,338
473,472
474,477
474,469
475,499
473,476,478
475,477
477,472
477,478
478,472
475,478
478,471
474,476,478
478,472
478,480
478,8
479,471
480,472
488,481
486,481
482,483
482,65
482,483
486,483
484,486
485,481
485,481
485,482
485,489
486,399
486,482
485,486
487,492,482
487,482
487,488
488,483
488,489
485,490
490,483
491,483
491,483
489,492
484,492
499,493
495,493
83,493
501,494
495,497,493
496,497
497,500
497,499,493
498,494
495,498,499,500,502,503,494
499,493
495,500,502,503,493
501,494
1,501
495,501
501,503
500,502,503
495,503
496,503
504,86
145,505
38,505
506,32
506,296
25,506
