1,5
1,3
1,37
1,5
1,7
0,2
1,2
2,25
3,18
2,4
4,8
11,4,5
5,6
6,10
11,12,48,38,28,1,2,4,5,6,7,8,9,40,10
0,7
3,8
12,8
8,41
8,9
7,9
35,9
11,9
8,10
11,47
12,9
12,9
1,12,6,8
13,30
13,19
14,21
14,17
0,15
0,15
24,15
15,18
15,21
24,16
0,37,16,10
35,17
18,21
13,19
5,19
22,20
15,21
20,21
22,15,18
22,23,24,27,30,32,11,13,14,15,37,16,38,17,18,19,0,2,4,5,7,8,9,20,21
23,14,16,17,19
23,2
23,15
24,10
24,16
22,24
25,48
25,27
26,28
27,28,31
28,7
27,28
28,29
33,34,12,45,23,35,36,25,26,27,28,29,0,7,8,40,42,31,32,43
12,30
33,30
34,30
42,31
1,23,16,32
34,36,25,30,32
33,18
33,26
33,21
34,27
33,34
34,26
34,31
33,34
35,36
23,36
37,38
45,37
47,38
44,38
45,47,38,39
39,41
14,40
48,17,39,40
44,45,46,47,37,38,39,40,41,42,43
47,41
45,41
39,41
37,41
0,42
48,42
42,43
46,43
45,43
44,43
44,45
44,45
44,42
44,21
45,46
46,5
45,47
47,42
47,17,39,21
48,41
48,43
11,48
47,48
57,49
56,49,51,52,54
56,50
55,50
55,56,13,57,58,59,49,119,60,50,51,52,54
82,51
4,51
55,52
60,52
56,52
70,53
50,53
52,54
55,60
55,58,51,52
56,60
56,53
56,47,119
57,50
57,8
57,60
57,51
58,53
59,60
56,46,57,58,59,49,28,60,50,51,41,52,53,43,21,54
59,53
55,59
60,52
59,60
60,54
55,34,56,57,36,25,58,59,49,60,40,51,52,53,54
67,61,62
34,61
69,61
39,61
62,64
69,63
63,64
71,63
40,63
33,64
72,64,65
66,65
66,64
66,27
66,68
66,61
66,67,68,70,71,72,61,62,63,64,65
68,70
69,30
66,69
44,70
70,71
67,71
71,64
69,71
66,72
69,71,72,63,65
70,72
77,78,73
93,73
1,73
83,84,74
1,128,74
81,74
82,75
74,75
83,76
45,76
77,5
78,74
79,105
22,79,14,37,48,26,39,0,3,5,8,96,63,42
79,82
79,84
77,79
80,76
79,80
81,83
78,81
91,81
4,81
33,82
35,82
44,83
79,84,75
83,84
14,84
85,87
96,85
92,85
96,85
89,86
91,87
92,87
88,85,87
88,113
89,85
89,90
90,92
90,86
90,85
90,85
33,91
91,92
92,95
93,94
93,85
154,24,94
94,95
92,95
95,87
90,96
92,96
0,96,42
89,96
60,97
16,97
1,97
19,97
97,98
99,108
99,105
100,105,106,108,98
100,102
101,21
33,101
102,108
103,92
103,104
103,26
103,97
55,103,6
69,104
104,107
103,104,105,108,98
104,116
105,18
102,105
99,102,106,107,97
106,98
113,3,106
106,8
103,107
107,98
102,104,107
37,108
18,108
111,109
119,109
110,6
110,114
110,118
111,115
1,112
110,112
110,112
112,127
113,115,116,118
113,114
114,117
114,120
114,115,119
46,115
22,115
113,115
115,116
67,117,21
4,117
113,117
112,118
12,115,118
110,118
116,119
119,43
110,120
121,126
121,131
122,124
122,131
132,121,122,127,130
123,125
123,125,128
132,122,124,128
124,131
122,124
132,125,128
126,32
126,128
126,131
132,127
45,127
128,40
121,128
122,128
132,122,125,129
126,129
26,130
123,130
0,130
125,131
125,131
132,123,125,129,131
132,122
144,133
134,46,147
134,135
134,140
135,136
13,135
135,17
144,136
136,140
2,101,136,10
137,142
137,141
138,141
24,138
138,140
139,141
139,140
11,139
139,140
138,140
134,140
34,141
136,140,141
40,141
140,141
137,142
141,142
143,140
143,137,138
143,135
144,136
145,156
145,152
145,147
145,156
156,146
155,146,151
0,146
147,150
148,150
148,153
148,153
156,149
146,149
156,148,149
150,153
151,153
149,151
34,151
125,151
154,152
149,152
152,153
148,153
146,153
154,8
154,147
154,46
155,49
155,150
155,101,46,14,16
23,156
156,150
156,146
157,164
166,157
165,167,158,160,161
158,163
167,159
157,159
159,161,164
159,162
158,160
23,161
235,161
90,161
162,120
168,158,162,164
159,161,162,164
13,162
33,22,117,163
26,164
162,164
19,164
165,158
165,167,157,160,163
166,160
166,70
167,14
165,168
23,36,160,161,162,163,164,165,166,167,168,158,159
169,170
47,169
170,175
176,170,175
113,170
48,171
180,170,171
23,146,171
176,172
179,172
258,173
177,174
173,174
169,175
177,175
176,178,169,180,170
177,175
177,175
11,178
176,178
176,178
179,39
179,175
179,4
179,180
180,172
180,173
179,180
181,182
11,181
13,181
3,182
189,182
16,183
99,183
182,183
181,183
183,186
78,35,38,28,184
3,184
190,184
192,183,184
185,186
188,191,182,185
189,185
187,186
132,187
187,183
187,188
187,188,189,182,184,185,186
188,186
187,189
189,184
189,182
189,184
189,91
190,186
189,190
190,184
190,191
190,186
37,191
190,192
191,192
6,192
18,192
200,193
138,193
198,201,193
193,194
193,194
17,194
200,195
36,15,38,17,29,193,195,196,141,197,0,198,199,200,201,202,203,204
0,196
203,197
45,197
199,197
198,194
198,204
198,195
198,195
199,197
199,333
200,202
2,201
202,193
202,8
202,193
202,203
203,75
203,197
46,203,6
204,194
198,204,194,197
199,204
201,204
211,205
205,209
13,206
206,207
208,281
13,209,50
214,209
216,209
210,211
210,205
210,213
211,205
211,212,209
212,215
212,205,208
212,206
213,214,215
214,206
214,138
214,95
215,207
211,215
215,205
17,215
216,207
216,205
220,217
223,217
223,217
16,217
218,219
224,218
226,218
226,218
217,219
220,224
220,217
220,228
220,224
220,226
221,217
221,228
22,221,16
221,217
221,227
220,222
221,222,223,219
222,217
47,17,29,220,221,222,223,224,225,226,149,314,227,228,91,218,92,219
222,118
223,226
223,227
224,228
224,16
223,225
224,226
226,107
0,227
224,227
224,227
223,228
0,228
233,229
229,240
233,230
44,230
231,233
232,235
232,239
232,26
232,229
233,108
232,233
234,27,60,76
36,234
235,238
233,235
2,235
231,236
237,240
237,239
232,238
239,240
8,239
239,75
36,240
238,240
156,27,240
251,241
244,241
242,10
242,243,248,252
243,247
243,244
244,75
244,4
242,245
11,246,38,27
246,248
244,246
244,247
244,247
243,245,248,249
248,40
249,251
246,250
242,250
244,251
170,252
264,253
264,253
254,18
255,257
256,260
257,260
257,115
257,109
256,258,261
258,260
259,32
256,260
260,31
253,261
264,255,257,258,261
261,41
14,262
255,262
259,263
253,263
264,256
265,35
265,269
265,291
266,268
266,270
266,3
266,272
275,266
44,266
267,303
267,269,272,274
268,272
268,269
269,6
267,269
269,270
276,266,267,269,273
232,270
267,271
276,271
0,3,271
269,272
270,273
4,273
265,273
19,274
44,274
275,272
275,273
276,274
276,274
12,23,14,37,38,27,17,296,2,277,268,5,205,9,95,41,31,10
277,282
288,278
278,283
22,278,41
279,282
279,136
279,282
279,18
0,279
6,280
277,280
15,280
277,280
33,113,281
281,284
121,281
280,281
282,285
277,282
278,282
286,282
282,285
288,283
287,283
15,284
284,285
280,285
13,285
286,278
286,283
286,30
286,287,284,285
287,285
288,279
288,123
288,277
288,35,16
289,292
298,289
289,290
297,290
290,294
291,281
291,294
291,295
22,292
299,292
292,10
297,293
22,12,38,9,293
292,293
15,293
293,40
66,294
290,294
295,296
0,295
296,120
247,296
297,290
22,298
298,290
298,295
297,299,300
299,295
0,300
311,301
301,302
302,307
302,305,306
312,303,304,305,307,308,309
304,305
305,309
49,305
310,306
302,307
311,307
301,307
306,307
307,308
311,301,302,306,308
100,308
312,305,309
308,309
311,309
311,309
310,301
311,301,305,308
311,47
311,304
0,312
0,124,312,127,191,84
34,312
312,10
322,324,313
314,317
323,315
179,315
321,315
315,319
321,316
257,8,317
24,39,317
317,318
323,318
316,318
323,313,318,319
9,318
323,318
8,319
320,314
321,315
321,314
321,316
322,318
322,313
322,324
46,323
324,318
321,323,324,313,314,317
2,324
45,325
78,325
331,336,325
326,329
335,326
335,326
326,327
336,327
330,327
134,327
335,327
110,328
105,328
326,328
333,329
326,329
330,329
330,29
330,47
331,35
332,336
332,329
331,332
333,60
333,334
333,334
334,15
334,326
334,336
331,335,327
332,335
27,336
331,335,336,327
27,337
346,338
347,338
342,338
338,339
341,339
45,340
341,47
342,5
342,41
342,344
343,344,337,339
67,343
343,347
343,348
343,48
343,344
343,340
344,84
344,337
344,106
345,348
344,345
342,345
345,346
344,347
0,347
346,348
348,339
137,19,349
352,353,354,355,356,357,358,359,349,360,350
358,349
359,349
111,25,350
0,12,36,157,350
359,350
353,351
352,355
352,349
353,355
353,354
354,357
29,360,350,351,353,354,355,356,357,358,359,349,70,97
11,356
356,359,360
356,4
356,7
357,351
357,60
357,17
358,8
356,357,359,350
357,359,360,351
12,80,8,360
353,360
356,360
361,362
366,361
24,26,17,29,19,371,361,372,362,0,363,364,365,366,367,368,6,369,129,409
364,362
363,364
364,365
364,372
365,366
365,367
366,361
366,137
367,370
367,370
364,367
367,489
368,82
366,368
364,369
363,370
365,370
369,370
371,362
367,371
364,371
372,361
382,373
378,373
25,373
383,373
374,380,381
374,379
374,378
375,377
0,376
377,373
377,379
377,378
379,382
379,381
376,379
380,381
377,381
380,381
374,375,378,380,382,373
113,382
39,382
378,383
158,384
385,388
385,392
385,386
385,386,390,393,394,395
385,386
385,387
387,394
388,390
386,388
388,389
385,389
390,391
37,390
391,392
15,392
105,392
13,392
386,393
390,393
394,395
392,394
392,394
388,395
124,395
393,395
396,393
396,29
397,37
397,401
397,86
398,400,402,404
398,402
398,405
397,399
400,407
399,400
400,401
401,19
397,398,401,402,403,405,408
398,402,405,406
400,402
402,20
402,405
397,400,402,404,407,408
397,401,403,404
15,403
401,403
403,404
400,404
400,405
397,405
404,406
397,406
118,407
397,407
17,407
402,403,405,406,408
399,408
36,408
398,399,401,402,408
420,409
417,409
410,413
410,139
410,417
411,42
411,9
411,413
412,409
44,412
412,413
412,409
410,413
410,413
413,416
413,417
413,415
414,416
414,416
415,416
415,418
416,419
7,416
416,417
17,417
417,30
414,417
415,417
411,418
418,409
33,44,418,62,41
15,419
410,419
177,419
47,419
420,414
420,411
420,415
421,425
431,421
422,425
144,24,422,18,71
431,423
423,427
421,423
421,424
424,21
44,424
432,421,423,424,425,428,429
432,425,426,428
426,427
427,20
28,428
421,428
0,429
2,429
430,28
430,422
13,431
432,424,426,429
432,424
11,34,12,57,69,48,39,19,0,433,6,116,7,42
0,69,434,17
434,437
434,438
443,435
442,436
437,439
436,437
440,437
433,438
436,438
443,439
443,439
440,438
440,438
441,444
440,442
442,14
443,26,18
443,434
441,443,433,437
441,444
433,444
445,449
47,445
445,446
453,446
38,446,8
22,447
452,447
453,455,446,447,449
448,85
485,448
447,448
100,449
455,449
449,450
30,450
0,1,47,150,450
37,450
451,30
452,446
452,30
453,449
453,445,446,450
453,448
453,455
454,446
454,8
89,455
455,85
454,456
457,31
464,457
467,457
463,458
465,458
464,459
12,45,459
460,461
25,461
462,461
463,461
462,461
462,463,464
462,461
462,458
0,77,463,21
464,468
464,461
464,135
464,35
34,465,3,61,30
463,466
48,466
0,3,466
466,457
467,18
463,465,467,468
0,468
465,468
467,468,458,460
477,469
0,470
38,470
0,33,122,2,4,471
475,476,478,479,480,472
473,478
473,477
474,479
22,44,28,29,470,471,152,472,473,474,475,112,476,477,114,479,30,55,35,57,39,480,185,2,469
474,475
475,469
475,476,477,478,479,472
476,8
477,472
0,478
478,75
479,469
479,480
102,479
479,472
480,40
476,480
469,480
475,477,478,480,472
12,481
0,481
45,482
492,482
486,483
240,483
490,483
37,483
484,41
485,32
485,482
44,485
485,10
485,486
486,492
486,47
487,490
486,488
489,481,482
490,492
486,490
39,19,490,270,491,481,492,482,483,484,485,486,3,487,489,8
145,491
484,491
484,491
38,492
492,10
486,492
492,20
497,493
502,493
5,494
498,504,494
495,85
495,498
496,502
496,504
496,503
496,138
496,493
497,502
497,499
99,498,25,38
498,6
498,499
499,500
496,499
499,503
499,503
499,503,493
500,175
497,500
500,503
501,493
501,502
126,502
22,34,3,503
495,503
501,503
498,504
499,504
8,505
45,505
12,505
37,506
44,45,46,26,48,491,334,239,50,31,32,11,34,35,37,38,17,0,3,146,327,8,207,506,41
506,10
37,506
101,506
