1,41
1,12
2,29
2,7
2,6
3,42
3,27,10
1,2,4,10
4,7
5,17
4,5
3,6
7,9
7,32
23,12,48,7,8
24,9
7,9
39,10
2,10
11,2,6,8
11,1,2,5
11,37
11,3
12,18
12,4,8
13,6
22,14
14,40
22,15
44,15
15,18
13,16
12,16
0,22,14,16
16,17
15,17
22,23,18
16,19
17,19
15,19
15,19,20
22,23,24,14,15,16,17,18,19,20,21
19,21
17,21
22,6
33,22,34,13,24,14,15,16,17,18,19,0,2,5,20,21
23,24
23,31
23,13
23,12
23,24,14,16,17,18,20
24,13
24,19
0,25
1,25,37
2,26
26,38
34,35,27,31,32
35,28
33,34,35,24,36,25,16,27,39,28,29,0,5,30,31,32
26,28,18
0,29
28,29
34,29,30
46,30
33,34,35,36,14,25,26,27,28,18,0,30,31,32
30,31,32
30,32
25,30,31
30,31
29,31
20,32
41,32
33,41
33,31
33,2
33,22
34,27
34,30
35,36
35,28
22,36
35,36
0,36
37,27
44,45,24,46,25,48,27,32,33,12,13,35,14,15,16,38,17,0,2,4,5,7,41,42,43
48,38
38,7
39,40
22,34,13,46,15,26,38,27,39,29,0,1,2,41,20,43
18,40
39,40
40,42
45,41
19,41
0,42
26,16,42,10
41,43
13,43
47,43
44,24
44,47
44,5
44,46
44,45,35
45,43
44,45,46,47,48,37,38,39,41,42,43
46,42
47,28
47,38
48,42
45,48
48,9
49,60
49,93
12,49
56,49
0,50
60,50
59,51
50,51,52,54
11,52
13,52
52,53
38,53
45,53
60,53
49,54
55,25
55,44
55,1
55,56
55,45,60,52
55,47
55,13,36,15
56,137
56,104,18,62
56,40
77,24,57,37,17,18,29,5,129,8,93,86,10,43
55,57
57,51
58,8
57,58
59,60
56,59
59,8
55,56,60,51
119,60
45,23,26,150,0,154,111,101,134,71,60,43,21
44,61
68,61,62
93,63
27,63
63,64
68,64
67,68,71,61,62,63,64,65
61,64
128,7,64
26,64
11,65
61,65
66,61
66,43,142
67,64
0,67,36,124
67,12
68,82
68,69
67,68
22,68
156,69
68,69
66,69,71
70,64
70,63
69,70,71,72,63,64,65
35,72
77,78,79,80,81,83,84,73,74,75,76
26,74
77,81,74
73,74
155,75
116,75
36,75
97,75
75,76
43,76
45,76
77,31
77,79
78,81
79,147
0,80
80,84
81,75
0,82
18,83
113,84
92,95,85,86,87
86,87
94,86
0,86
96,87
44,34,87
88,35
88,90
89,95
89,79
89,47,8,21
89,9
90,96
14,91,86
11,91
119,92
4,92
89,92
92,87
93,95
28,93
25,93
115,94
88,94
95,10
44,34,133,101,16,27,8,95,52,43
96,31
95,96
96,86
150,97
105,97
106,107,108,97
6,98
99,36
0,100
100,18
100,106
101,105
99,101
102,97
103,106
103,98
103,108
103,106
104,75
104,107
114,105
100,106
106,87
107,98
27,107
18,108
19,108
107,108
11,109
11,77,67,35,13,38,27,0,3,7,109,64,31,21
122,109
110,113
110,8
110,116
110,34
111,112
110,111
111,47
112,114,109
112,115,109
112,113
113,109
124,114
1,114
114,149
114,115
116,41
37,116
117,32
118,119
45,2,119,21
119,9
9,120
45,24,25,26,27,29,137,91,71,30,97,10,32,33,12,56,35,58,37,16,38,19,141,120,0,1,146,102,5,105,7,8,9,41,64,42,65
121,10
132,121
121,125
122,24
122,48
122,123
132,123
123,124
67,124
125,129
125,130
125,128
126,8
122,127
121,127
123,128
128,129
128,73
128,131
56,128
125,129
18,129
130,65
40,130
25,131
126,131
24,131
132,40
132,29
132,121
132,32
132,35
133,141
133,49
133,139
133,135
134,14
134,136,137,140
135,90
144,133,135
44,135
4,136
136,139
137,140
137,138
138,139
38,139
134,139
139,31
139,141
139,20
140,120
141,131,10
141,43
41,141
139,142
134,142
143,24
144,5
144,139
145,150
145,32
146,152
155,147
35,147
156,148
22,148,27
148,120
149,73
146,149
156,149
147,150,151
83,150
150,42
0,154,3,36,29,82,150
154,151
154,151
79,152
39,152
148,152,153
0,153
154,149
154,152
154,145
99,155
155,145
0,134,156,124,104,52,30
156,124
157,162
157,126
160,161,162,163,164,0,165,166,167,168,157,158,52,30,42
158,39
2,158
165,159
167,160
16,160
168,160
0,160
15,161
9,162
7,163
168,160,163
166,164
165,166,167,168,157,158,160,161,162,164
162,164
45,164
0,164
1,164
165,45
165,153
0,165
165,82
165,107
166,160
1,166
165,167
168,163
168,18
33,169
178,169
169,17
170,172
170,10
176,170,172
176,178,180,171,172,175
34,46,36,26,171
171,41
171,43
178,171,172
171,172
172,20
36,172
177,173
172,173
178,174
171,175
149,175
176,15
176,171
176,177,180
177,116
177,17
178,170
178,174
178,169
179,169,171,173,174
178,179
179,180
178,179
169,180
36,180
181,184
0,181
8,182
182,186
182,43
9,183
183,184
191,184,185
11,185
187,188,189,326,191,192,181,182,183,184,185,186
184,186
191,186
5,186
187,186
0,187
187,41
188,35,149,19
189,28
22,189
189,47,8
189,190
27,190
187,190,192,183,186
19,190
47,191
191,186
192,40
192,184
26,193
119,194
221,27,139,194
202,194
0,195
143,34,155,112,26,148,6,82,195
200,195
33,34,13,27,193,194,195,196,197,198,199,200,201,202,203,6,204,32
194,196
9,197
37,197
58,197
30,197
198,77,110,5,261
194,195,196,152,197,198,199,200,201,202,203,204,21
199,19
199,32
200,58,75
200,197
0,201
198,201,197
202,196
203,193,196
203,194
202,204
201,204
38,204
205,208
205,82,93
212,206
214,206
44,206
214,206
27,207
212,207
216,208
208,72
44,46,58,208
216,208
49,208
24,113,19,208
13,209
13,209
210,7
210,211,205,208,209
210,208
210,215
0,211
12,211
44,212
212,127
55,213
47,214
115,214
34,214,41,32
0,214
213,214,209
23,215
211,215,205,208
216,209
7,216
221,217
220,217
33,217
66,22,44,23,45,46,131,331,113,218,30,31,34,15,39,182,284,0,124,127,7,8,107,41,21
221,218
35,218
217,219
223,219
220,62
220,40,152
220,224
12,79,47,142,154,342,221,2,102,135,4,6,8,42,20,32,43
221,218
221,226
221,227
222,25
222,93
0,223
223,41
223,227,218
224,227
12,24,69,225,5,39,42
225,21
22,225
15,226
222,223,226,228
34,227
227,228
57,48,17,228,9
228,219
24,229
238,229
238,229
2,230
233,230
24,31,230
22,38,17,29,230,0,253,1,100,115,118,9,52,30
231,234
231,56
231,1,25,323,125,160,152
232,233
232,149
232,236
232,233
232,233
233,9
233,6
34,45,234
234,60
234,240
235,230
24,235
236,72
236,229
26,236
237,19
22,237
237,109
238,30
238,230
235,238
311,239,40
16,239
137,240
240,20
91,240
233,240
11,241
71,241
4,241
242,251
22,45,78,23,13,243,2,4,335,60,72,62,43
242,243,245,241
244,246
244,95
245,41
4,246
246,7
11,246
37,246
242,247
243,247
247,40
247,65
1,248,90
34,35,48,250,251,241,252,242,1,112,244,245,246,247,248,249,94,96
248,241
66,22,27,28,250,251,153,252,32,39,18,241,0,242,243,2,244,168,246,5,247,248,249,85,21
246,249
39,249
244,249
250,241
36,250
242,250
47,250
250,241
16,250
130,251
108,251
251,241
34,251
243,252
253,92
253,259
253,256
254,150
264,254
254,262
255,262
89,255
256,307
198,256
257,38
33,257
257,42
257,21
258,261
259,263
255,259
0,260
255,261
99,261
254,262
255,263
66,263
264,123
264,143
265,267
265,268
266,269
0,266
0,266
275,267
276,268
275,268
275,269,270,273
269,10
270,271
39,270
38,271,43
276,271
26,5,271
45,272
269,272
265,266,269,271,273
118,273
268,273
45,68,47,26,27,28,274,155,254,118,70,93,32,54,12,19,141,0,2,4,6,41,20,86,21
275,35
275,267
276,103
276,267
277,49
277,7
277,47
277,4
278,279,283,285
279,31
47,279
278,279
277,280
9,280
1,280
277,280
2,281
281,142
288,282
0,2,35,3,36,335,19,283,21
34,284
127,284
102,284
9,285
283,285
286,282
44,286
287,140
287,285
288,283
289,294
289,48
297,289
290,295
291,293
117,291
300,292
289,292
297,291,292,293,295
292,293
22,293
300,294
47,26,294
291,294
14,294
27,295
50,295
290,296
297,289
298,290
299,7
300,295
298,300
301,303
0,46,301,117
302,308
302,30
302,17
0,302
303,304
301,303
44,303
15,303
3,303
304,305
310,305
7,305
310,311,312,301,302,303,304,305,307,308,309
301,306
34,306
307,296
303,307
308,171
302,308
303,307,308
306,309
305,309
0,309
71,309
310,312,301,303,306,307,309
2,310,14
310,307
310,311,312,302,306,308,309
311,293
311,302,305
311,301
4,312
33,135,312
312,51
310,312,302
313,315
313,316
314,151
324,315
3,315,20,31
15,315
321,322,315
316,318
0,316
187,2,18,317
3,317
320,318
324,318
136,319
319,87
320,24
320,321
320,321,324,315
322,48
322,327
323,301
323,315
0,323,120
0,323
324,28
1,324,42,43
324,315
334,325,328
321,325,43
326,327
336,326
326,74
326,21
4,327
11,327
327,41
336,328
17,329
330,326
330,28
330,335
331,327
332,3
330,332
333,37
331,333
48,334
334,327
35,334
330,335,327
332,335
331,336
336,7
337,31
337,118
347,337
338,340
246,338
342,339
106,339
15,339
246,339
344,339
348,340
339,340
341,338
341,256
341,338
342,345
342,345
342,32
343,16
343,346
343,345
24,344
344,346,340
344,9
345,340
345,28
345,7
345,346
121,347
348,19
0,348
356,358,359,349
12,349
23,38,349
350,351
104,350
44,350
350,351
354,351
352,353
352,358
353,29
353,356
353,354
354,356,351
354,358
354,233
353,355
355,357
355,42
355,359
353,356,350
14,356
23,357
357,358
352,354,357,358,349,360
359,351
354,359
360,54
368,361
0,45,47,5,116,361
361,362
370,362
364,362
363,265,6,39,32
364,459
363,364
364,116
78,365
364,366,371,362
366,361
365,366
367,371
367,21
110,368
369,94
369,370
48,370
363,370
363,371
24,371
8,371
370,372
0,372
0,372
48,372
368,372
377,373
374,30
375,171
375,3
34,375
376,14
376,20
376,380,373
376,383
377,5
44,377
377,43
375,377
46,378
0,33,44,378,148,8
25,378
379,383
379,39
112,380
45,13,17,380,381,382,383,384,373,374,154,375,376,377,378,209,40,64
380,96
380,381
379,381
25,381
381,373
36,381
28,381
377,382
375,382
382,384
376,382
33,382
382,383
383,373
383,384
379,383
378,384
376,384
385,391
385,88
385,387
385,136
386,28
1,386,79,28,18,30
22,386
387,390
387,27
387,4
387,48
22,388
387,388
0,388,85,20,42
389,395
114,389
48,389
387,390,393
0,33,154,13,46,3,102,27,8,390,40
387,390
3,390
12,391,97
389,391
391,395
392,394
156,392
386,393
14,393
390,393
56,313,394
42,395
73,395
134,395
33,395
396,391
396,390
397,17
398,38
0,399
399,408
400,405
399,400
400,401
401,159
401,402
397,402
0,402
39,403
398,403
397,403
35,48,404
401,405
401,405
398,400,402,406
400,406
397,405,406
5,407
25,407
398,402,407
406,408
94,409
420,410
44,410,324,28
410,409
410,169
411,412
411,412
411,409
420,410,411,413
412,417
413,139
413,414
414,284
415,32
416,42
417,418
45,104,417
12,417
416,418
418,409
414,419
11,419
412,419
420,18,139
421,424,426,427
421,424
422,10
422,426
422,42
422,31
5,423
423,9
431,423
421,423
423,424
424,426
440,425
424,425
425,30
425,93
155,425,9,30
99,44,35,24,430,431,421,432,422,246,423,115,425,426,427,428,429,30
127,426
48,426
111,427
68,427
428,43
146,428
426,428
6,428
11,429
429,21
11,429
421,429
430,425,428
24,431
431,421
432,9
199,432
431,432
433,39
440,433
433,7
444,434
444,434
4,434
15,435,28
435,31
440,435
443,436
436,119
437,438
433,434,438
2,438
156,439
440,44
440,437
440,433
441,435
442,4
441,442
441,442,435,436
100,276,442,53
442,437
443,433
443,205
443,444
442,444
346,445
0,445
446,448
78,446
446,21
446,447
88,34,16,448
448,42
18,448
449,40
449,450
26,449
449,71
456,450
448,450
451,455,449
451,9
452,446
55,12,14,25,27,17,150,282,121,452,5,6,7,91,70,87
452,29
452,447
453,42
453,31
453,113
12,454
454,445,448
13,455
455,6
455,70
455,446
455,456
35,457
457,43
135,457
39,457
463,458
123,458
458,461
35,37,48,17,174,0,154,323,147,458,249,10,21
459,461
13,459
467,460
465,460
466,461
462,25
462,466
463,465,458,459,460
463,458
462,463
463,468,457
464,467,457
464,460
35,465
465,466
55,466,263
465,467
0,467,216,82,183
15,468
25,468,162
466,468
34,468
37,469
475,469
476,469
469,191
476,470,471
45,17,62,471,42
39,472
475,472
473,82,97
473,480
474,478
474,19
475,472
475,17
476,480
0,476
477,20
34,477
23,477
473,478,480,470
474,476,479,472
469,480
115,480
229,481
481,482
491,482
488,490,482
492,482
485,483
492,483
484,486
484,7
484,491
485,12
485,43
486,487,491
1,486
35,487
485,487,489,490,492,482
22,487
485,487,489,490,492
488,28
489,490
25,18,490,120
14,491
11,491
12,492
48,492
17,492
45,493
504,493
493,494
28,494
12,494
495,500
496,501
496,41
497,501
497,494
498,84
499,503
500,214
495,500
500,119
496,501
501,504
498,502
502,504
497,503
504,21
497,499,500,504
26,504
505,21
4,506
18,9,506
