1,13
2,4
1,2
3,7
0,3
4,8
5,7
4,5
6,28
4,6,7
1,2,6,7
1,7
5,7
2,8
5,8
14,9
13,10
32,10
14,10
11,13
11,15
12,9
23,12
13,30
11,13,14,9
13,15
0,16
4,17
11,17
23,18
18,20
0,22,23,24,17,18,20,21
22,24,17,18,19,20,21
17,19
23,20
17,21
31,21
22,23,21
22,13
22,23,18
22,1
23,21
22,23
24,14
12,24
0,24
25,29
25,29
26,29,32
11,25,15,26,16,27,28,18,29,19,0,2,30,20,31,32,10,21
27,28
25,27
15,28
28,30
13,28
22,28
5,28
28,30
26,29
15,29
28,30
30,20
30,31
17,31
27,32
33,36,37
33,36
34,40
34,40
35,39
35,40
33,35
35,40
35,29
36,47
36,21
36,47
36,38
33,34,45,35,36,37,59,39,7,40
69,38
36,39
37,39
39,61
38,39
37,40
41,42
12,2,3,52,41,10
47,41
55,52,41
45,42
18,42
1,63,42
42,43
41,43
44,43
48,43
44,65
44,45
44,41
45,46
46,42
46,30
46,41
47,48
44,47
45,48
48,96
34,49
49,62
49,51
55,50
50,52
55,50,51,52
51,30
9,52
55,52
52,31
62,53
49,53,54
49,54
80,54
34,54
55,56
55,50
56,9
55,56
57,64
58,64
58,59
59,62
58,60
57,60
0,61
62,63
62,64
22,44,67,24,46,49,28,29,51,96,10,99,12,13,36,58,59,17,18,19,0,1,2,102,4,103,104,6,8,80,9,82,40,41,63,20,65
63,64
26,28,64,65
67,65
68,65
66,69
67,17
67,13
66,67
67,72
68,75
69,72
69,87
70,71
69,70
71,72
14,71
68,72
68,72
71,72
27,72
71,72
66,72
78,73
77,73
94,74
101,74
4,74
80,74
79,75
80,75
79,75
78,76
74,75,76
77,76
77,21
77,73
77,23,3,18,29,71,60,95
78,46
12,79,38,16,0,4,8,83,94,73,41,30,53,31,10
79,74
79,96
80,91
81,85
81,83
81,85
82,95
70,82
88,82
83,84
88,83
22,83
84,87
28,84
84,85,86
88,17,7,81,70,82,83,84,73,85,86
14,86
81,86
85,87
68,5,87
22,87
88,63
88,81,86,87
89,91
90,91
13,90
90,91
56,91
90,91,94,95
91,60
91,96
92,94
92,95
89,93
94,10
55,94
94,21
91,93,95
92,93,95
48,95
89,96
93,96
97,98
45,7,73,52,20,98
102,98
23,98
102,98
104,98
99,98
99,64
99,102
100,12
100,103
99,101
101,102
33,99,101,36,9,32,21
101,103
99,101,102,98
99,100,102,103,104
48,103
46,103
101,104
99,104
99,104
105,30
111,105
105,106,108
106,217
111,107
110,107
108,184
111,109
107,109
110,107
110,111
110,108
111,109
111,20,86,43
111,107
111,107
198,112
112,6
110,112
113,114,116,119,120
114,117
113,114
114,120
25,115
114,115
68,104,116,21
116,117
113,117
114,117
114,117
117,118,119
103,117
116,118
118,119
79,47,131,120,1,113,103,114,116,117,118,119,87
115,119
49,119
117,119
89,58,49,172,175,120,113,114,115,126,116,117,90,129,81,119,20,76
114,120
121,126
121,124
122,127
123,128
124,126
124,7
124,128
124,97
125,126
121,125,128
0,125
126,127
122,126
123,127
44,128
122,124,128
46,135,128,29,191,62,10
7,129
90,130,76
132,130
134,130
136,130
133,131
89,131
132,129,131
133,129
133,129
133,53
132,134,135,131
134,136
134,136
135,131
1,136
135,136
137,138
137,141
137,140
138,142
138,140
137,139
89,139
137,139
139,141
139,142
143,139
138,140
139,140
140,141
137,141
137,142
143,142
143,144
143,138
144,174
145,148
145,146
57,146
145,147
146,147,148,151,152
47,148
147,148
149,152
148,149
17,149
150,76
146,151
188,151
149,151
149,152
145,146,147,148,149,152
0,153
154,155
154,156
154,155
154,155
34,156
156,159
156,153
157,8
157,37,213
157,153
165,158
159,160
0,58,159
66,160,32
161,164
166,161
161,41
116,161
11,110,68,29,191,162
168,162,163
167,163
29,164
30,164
165,163
165,166
166,164
166,164
167,161
167,162
165,166,167,168,161,162,164
168,173
167,168
168,161
176,169
176,169
170,174
170,174
169,171
170,171
60,171
171,174
170,172
172,173
176,172
171,173,175
172,173
176,169,173
169,174
174,65
173,174
176,174
173,175
8,175
169,175
49,175
176,172
177,71
177,184
177,178,181
178,181
66,44,89,69,25,28,210,177,178,179,139,118,70,119,93,95,11,77,35,16,39,18,19,180,181,182,183,184,185,101,202,169,105,82,209,83,63
178,5
179,183
179,184
179,183
179,180
179,180
180,182
177,180
177,180
178,181
181,183
179,181
180,181,183
181,184
177,182
177,178,179,181,182,183,184
178,182
178,182
182,183
9,183
184,65
159,184
6,185
185,186
188,186
191,186
192,186
187,188
187,185
188,192
188,191
189,192
187,190
28,191
189,191
191,192,186
191,192,185,186
188,190,192,185,186
192,186
193,194
12,101,13,193
193,195
194,195
16,106,194,20
114,19,82,194,40
193,194,195
193,195
196,31
200,196
193,197
198,194,195,197
198,197
198,196
199,200,193,196,197
199,196
199,200,196
200,193
201,205
201,207
201,205
202,204
145,202
202,203
203,208
201,203
201,202,203,204,205
203,208
204,86
204,206
204,206
201,202,205,208
205,208
205,207
48,28,205,71
202,206
7,206
202,207
203,207
205,207
203,207
202,207
203,204,208
202,208
214,209
216,209
210,64
210,209
22,49,0,143,166,211,157,117,92,82,83,30,10
211,215
211,216
210,211,212,213,215,209
212,174
211,212
44,212
12,213
212,214
214,98
212,214
59,214
211,214
215,216
211,215
210,216
213,216
217,219
221,217
217,218
223,224,218,219
217,218
223,219
220,219
219,51
220,219
220,218
220,224
221,79,86
222,218
223,196
223,224
224,41
222,224
220,224
232,225
225,140
226,230
77,227
232,227
228,230
231,229
232,230
22,230
27,230
226,230
22,14,15,49,39,230,220,145,159,117,107,207,218,32,54
231,46
231,228
232,225
232,128
232,229
232,4
233,235
233,235
234,237
233,234,235,237,238,239
12,236
237,19
238,239
238,240
238,239
237,239
239,240
234,239
238,239
235,240
242,241
244,245,248,241
242,241
242,243,245,247,241
242,244
244,227
243,244
243,244
243,244,241
245,247
244,246
246,248
23,246
246,247
244,247
187,247
243,246,247,248
249,250,251
256,250,251,252
250,252
254,251
254,251
46,26,251,75,285
256,252
250,252
253,254,251
253,91
253,91
254,249
255,252
255,249
256,202
256,251
257,261
257,258
258,9
57,259
257,259
258,259,260
390,260
261,263
194,261
261,262
207,262
352,263
257,263
264,97
264,260
264,258
265,271
265,24
78,266
266,270
266,267
266,271
266,269
267,270
267,271
268,269
299,268
168,268
265,269
267,270
268,270,271
35,271
11,272
270,272
375,272
270,272
280,273
273,274
277,273
278,274
279,274
276,274
275,276,277,278,279
275,277
276,280
276,277,278,274
276,273
275,276,277,273
276,279
276,50
277,258
277,278
277,280
278,280
276,279
279,273
24,279
276,280
280,53
24,280
277,280
281,151
281,283
4,282
286,282
287,281,283,284,285
145,284
286,284
284,285
286,287
286,20
287,288
287,283
286,288
289,290
290,291
290,292,293,294,296
291,43
290,291,294
231,292
293,295
289,293
290,293,294
293,294
90,295
80,295
294,295
294,295
295,296
26,296
290,296
297,303
297,302
298,303
298,299
298,301
298,301
297,298
299,95
299,300
301,303
301,104
298,300,301,303
11,302
301,302
300,302
297,302
297,299,300,301,303
26,303
297,303
156,303
304,84
304,81
27,304
298,304
310,311,6,305,426,306,307,308,380,309,30
306,308
306,183
310,306
2,46,3,307
310,311,312,305,307,308
55,307
3,307
305,307
305,308
33,35,3,334,39,304,8,308,260,140,173
308,20
310,309
167,309
310,312,306
310,308
310,308
311,309
310,311,305,308
311,14
310,311
156,312
66,44,69,28,152,234,313,91,70,218,73,30,31,99,79,57,183,361,263,320,104,60,209,21,43
313,316
314,317
315,318
320,316,319
313,314,315,316,317,318,319
316,318
316,96
316,317
89,317
320,318
318,319
50,319,197
320,317,319
99,320
321,327
321,325
321,328
322,327
323,324,328
323,326
324,327
158,324
22,23,13,14,59,277,3,125,357,325,116,40,52,98
325,327
326,327
39,327
324,327
327,283
321,322,326,327
324,328
22,329
333,329
331,329
330,334,336
330,146
331,333
331,335
331,333
332,323,271
330,332
330,332
332,334
333,329
333,334
332,333
154,333,59,158,92
333,336
332,334
334,142
187,334
332,333,335
330,331,332,333,334,335,336,93
335,329
332,334,336
279,336
331,336
337,338
337,140
338,339
338,60
342,338,339
341,339
341,339
352,340
378,340
341,32
341,343
342,343
342,375
342,344
342,343
342,343
344,30
342,344
344,337
344,338
344,340
344,337
344,339
47,350,197,351,352,110,374,157,356,345,346,347,348,76
345,346
345,347
345,346,348
352,11,345,346,348,349,41,141,350,98,351
346,351
346,351
347,348
345,347
345,348
346,349
346,349
348,349
348,350
347,350
347,351
266,351
346,351
350,351
61,351
347,351
348,351
352,350
353,357
353,210
354,360
354,80
355,356
110,78,355,234,246,192,172,10
355,359
355,356
353,356
356,357
354,356
353,357
353,357
57,358
353,358
354,359
356,359
358,360
354,356,357,358,360
35,361
367,362
366,362
146,362
363,367
363,361
363,364,365,366,367,368
363,364,365,362
364,365,368
364,365
363,365
364,365
365,366
366,362
366,32
366,16,6
364,366
365,367
365,368
363,365,367,368
277,102,368,16,148,71
369,63
369,417
374,375,369,373
27,369
369,370,373
370,373
370,371
374,372
374,373
25,373
374,369,371,372,373
373,87
374,373
375,280
375,369
376,371
376,369
377,381
377,384
377,380
378,384
378,382
379,238,52
379,380
379,381
380,383
379,380,383,384
377,378,379,380,381,382,383
377,380
378,381,383
204,382
378,383
377,380,383,384
377,384
385,387
385,386
385,386
386,29
387,372
387,388
387,406
387,392
387,106
388,180
385,388
388,152
388,391
389,39
385,389
24,390
385,391
55,278,391
392,10
386,392
148,393
393,394
398,393
397,393
397,394
25,395
394,395
73,395
396,399
397,393
397,398
398,393
397,398
398,399
396,398,399,393
400,394
397,400
396,400
396,400
401,407
401,93
401,407
401,405
35,402
0,403
403,407
29,404
403,404
403,404
403,405
406,407
404,406
401,406
401,406
402,407
402,407
405,407
405,408
6,408
12,115,193,408
406,408
414,409
416,409
412,409
410,411,412,413,414,415,416,65
411,415
0,25,410,246,411,413,414,415,416,92,409
410,411
411,115
412,413,409
0,99,412,425,8
177,412
410,412
412,416
2,412
413,409
413,414
413,414
17,414
411,414
23,57,151,363,321,410,157,400,411,413,414,8,415,416,409,63
410,415
411,413,415,416
415,61
413,415
411,416
415,416
412,413,416
416,32
420,421,417
27,417
420,417,418,419
424,419
419,274
420,419
417,419
420,421
420,418
420,424
66,198,421,82,84
421,417
422,423
423,417
423,418
254,424
420,423,424
430,425
431,425
430,431,432,425,8,426,208,428,429,172
122,426
128,426
168,426
430,426
66,170,161,184,132,430,135,267,432,324,7,425,90,426,427,428,429
427,429
426,428
57,428
427,428,429
426,429
430,94
430,427
431,116,71,32
431,429
430,431
432,10
432,426
433,93
99,433
88,434
433,435
440,267,433,16,49,434,435,436,437,438,271
433,435
434,436,438
437,438
437,8
11,438
437,439
438,439
436,439
440,436,438,439
440,436
440,433
441,443
441,445
441,443,448
441,29,180,85
442,171
442,27
33,443
444,445
35,195,441,200,442,289,3,201,443,444,5,445,446,90,315,447,10,43
444,445
446,63
445,446
446,82
441,446
216,447
447,448
77,448
448,429
448,72
139,449
413,449
455,450
450,54
451,455,456
451,452
452,456
453,20
453,455
451,452,454
454,149
454,185
452,454,455,456
33,455
452,456
456,450
462,463,457
287,13,3,457,371
457,458
458,81
458,459
463,459
99,459
464,457,458,459,460
464,460
458,460
463,461
459,461
168,461
463,461
463,461
462,100
463,458
463,458
165,464
464,458
463,464
464,460
465,467,470
465,466
466,308
466,469,471,472
466,467
467,203
467,470
466,468
468,469
467,469
469,472
469,471
359,60,470,164
471,472
470,471
468,471
470,472
465,472
473,477
473,475,476,477,480
473,476
474,475
89,474
396,474
473,475,479,480
475,477
474,475,476,477,478,479
475,476
473,476
474,476
473,477
473,477
477,478
346,478
477,478
473,478
477,479
479,271
338,480
474,480
476,479,480
69,38,480,230,473,474,475,476,478,149,479,70,83,96
484,481
481,482
488,481
484,486,482
485,482,483
484,485,487,488,481,482
486,487,482
484,483
484,482
484,353
484,481
485,482
485,488
485,486
486,483
485,487
488,483
487,488
488,482
158,489,126,283
489,491
495,490
490,491,494
495,491
491,492
495,490,492
492,493
495,493
493,494
491,494
495,489
495,107
495,490
496,489
495,496
56,497
497,498
497,499
497,30
498,503
498,504
499,501
499,502,504
29,150,199,474,158,499,378,92,219,33,55,12,13,15,59,38,120,187,1,287,101,3,102,4,5,81,60,62,63,20,21
500,504
500,502
23,199,213,500,117,19
500,501
501,503
501,503
501,502
298,501
502,93
498,499,500,501,502
502,272
503,50
500,504
504,20
101,505
505,391
505,182
357,335,505,281,162
91,506
506,65
165,506
