1,8
1,3
2,4
2,3
4,6
2,4
2,4
4,8
3,4,5,8
3,5,8
5,6,7,8
2,6
1,6
1,2,7
7,8
5,8
16,9
9,10
16,10
14,10
11,12
11,14
12,16
11,12,13,14,15,28,29,0,1,4,9,32,10,21
12,14
11,12,14,9,10
15,28
11,15
12,16
11,16
11,16
17,18
17,20
23,24,17,20,21
18,20
17,19
22,18,19,21
19,20
24,20
6,21
23,21
23,21
0,22
22,17
22,24
22,25,26,27,28,10,11,12,13,14,15,16,17,18,19,0,1,3,4,5,6,7,8,9,20
22,21
23,24
24,21
24,20
23,24
25,26
25,30
25,32
26,30
26,30
27,30
27,31
23,13,25,15,26,27,28,29,0,1,5,30,32,21
28,30
27,28
27,29
29,32
30,31
29,30
29,31
25,31
27,32
30,32
33,35
33,40
33,22
34,40
34,40
35,37
35,24,32
35,8
36,38
37,40
37,40
38,40
35,39
37,39
34,40
39,40
44,41,42
3,41
28,42
42,43
47,42
47,41,42
45,42
44,42
41,43
44,42
44,43
45,46
45,46
44,46
44,46
46,5
45,47
48,41
56,49
56,49,54
49,50
27,51
49,51
50,51,53
52,21
52,54
52,53
56,52
55,52
55,53
53,21
49,53
49,54
55,51
56,52
55,56,50
57,60
57,58
57,62
57,58
22,89,27,28,93,30,32,12,13,57,58,15,59,17,0,1,2,4,5,7,60,61,62,64,20
57,60
58,60
0,2,58,26,6
58,62
59,61
58,59
59,63
59,60
61,62
24,61
58,61
57,62
77,27,62
0,62
62,64
62,64
62,63
61,63
61,63
59,64
59,64
66,67,68,72,65
66,65
66,65
66,68
66,31
34,67
67,68
68,32
69,4,16,6
68,69
67,70
70,71
67,70
66,71
67,71,72
67,12,68,69,70,71,72,65
66,71
68,72
73,75
73,76
73,75
19,73
77,80,73,74
75,10
79,75
79,75
80,76
79,80,73,76
77,78
77,75
77,78
77,75
78,76
78,73
78,79
78,74
77,78
79,75
104,80
78,80
80,75
81,86
82,85
82,86
0,82,21
82,83
82,83
81,83,84,87
83,84
81,84
85,87
85,86
81,85
82,86
83,86
85,86
84,86
82,87
88,86
89,90
89,94
90,91,92,96
89,91,96
91,95
90,91
91,94
89,92,93
0,92
92,93
92,93
91,93
90,91,93,94,95
89,93
93,96
8,94
3,94
93,94
92,95
89,95
91,93,95
91,95
95,96
90,96
103,97
101,97
99,97
101,98
103,98
99,100,101,13,103,104,6,18,97,98
101,98
101,98
99,28
99,97
100,98
100,103
101,98
100,101
102,103
102,103,104
102,98
100,103
104,98
105,106
111,105
106,108
111,106
110,106
111,106
111,105,106,108
111,107
105,107
112,107
106,107
110,111,112,106,108
110,111,107,108,109
107,108
111,106,108
108,109
110,111
111,106,108
111,109
111,112
112,105
113,118
114,117
115,30
115,116
113,116
113,116
114,116,118,119
113,117,120
113,118
115,118
115,118
118,119
116,119
118,120
121,123
122,127
122,126
123,36
122,123
124,128
124,126
122,125
125,128
125,128
121,126
122,127
121,128
127,128
133,129
132,133,130
134,130
135,131
130,131
132,131
132,23
133,131
0,133
0,134,4
134,135
133,135
133,135
136,129
136,131
133,136
143,137,138
144,138
139,142
137,139
144,139
144,140
0,140
138,141
143,141
140,142
143,144
143,137
144,139
143,144
144,137
145,152
146,148
145,146
147,148
145,147
148,19
145,149
23,149
145,146,149,150,152
146,148,149
146,147,149,152
217,150
0,56,68,95,151,32
146,152
151,152
148,152
157,153
0,153
155,153
154,155
155,153
155,156,157
155,157
156,157
156,157
0,157
158,153
155,158,153
155,159
159,153
5,160
160,153
154,160
159,160
167,161
166,162
166,162
167,162
167,163
161,163
167,162,163
167,164
161,164
163,164
165,161,162
165,167
166,167
166,163
165,167
167,164
167,168
168,161
168,60
169,21
176,169
170,171
176,170
171,174
4,171
82,171
24,25,28,29,171,172,173,174,175,176,91,70,94,30,52,10,11,33,12,79,14,15,18,19,160,142,0,2,4,169,5,7,205,8,9,20,21
170,173
176,173
22,173
169,173
28,174
173,174
174,175
170,174
103,175
171,175
176,175
176,172
177,184
178,184
17,180,181,182,184,0,177,178,179,4,6,9,82,94,30,20,31,32
177,179,180
179,182
179,183
179,180
46,180
181,184
177,181
180,181
178,181
182,183
0,177,178,179,17,180,9,181,182,183
182,184
180,183
182,183
178,180,182,183,184
178,184
188,185
191,185
192,186
192,186
0,186
192,186
187,192
188,186
67,23,68,26,27,190,192,51,32,98,12,35,14,16,19,185,186,0,187,188,2,189,9,20,21
0,189
189,185
189,190
189,190
187,190
88,190
190,192,185
191,186
189,191
191,192
188,191
190,192
187,192
188,192
193,196
193,195
193,197
199,194
199,195
198,195
0,196
194,196
196,197
196,197
195,197
198,197
196,197
198,197
198,197
199,193
199,196
199,193
198,199,193,195,197
199,196
200,197
201,204
201,204
201,202
202,203
202,206
203,205
204,206
204,205
204,205
202,206
204,206
207,208
205,207
206,208
202,208
207,208
211,212,209
212,209
216,209
210,209
210,215
211,216
210,211
211,213,214
210,212
212,214,215,216,209
210,212
212,214
211,213
213,28
210,211,212,213,209
212,213
212,213
213,216
213,209
213,215
214,209
4,214,39
211,215
215,209
212,215
215,209
211,213,214,215,216
211,216
217,219
217,218
45,217
222,217
29,218
220,218
219,20
223,218,219
222,219
222,219
11,220
220,217
220,219
221,223
221,222
221,219
221,217
221,217
221,223
55,24,27,39,17,18,29,19,0,222,4,6,7,9,71,96,20,31,10,21
222,217
221,223
223,224,218
223,224,218
223,224
231,232,225,227,229
225,228
0,225
226,228,230
232,226
225,226
227,229
14,25,16,0,231,232,3,225,226,227,228,229,41
231,228,229,230
22,228
228,32
231,232,229
232,229
229,230
226,230
227,230
23,230
231,230
231,229
232,226,227,228,230
232,227
233,239
233,238
234,239
234,235,240
23,26,27,233,234,235,237,238,239,31,10,32,13,35,15,19,240,0,101,5,7,83,62,20,21
22,235
23,14,16,17,29,240,0,101,233,234,235,236,6,238,8,239,70,52
233,236
233,236
235,236
233,236
236,238
234,235,236,237
55,237
233,238
235,238
235,238
238,239,240
239,240
239,240
4,241
247,241
247,241
242,246
242,244
243,241
244,247
242,244
244,245
246,248
242,246
245,246
244,247
245,247
247,85
245,247
13,247
246,248
247,248
243,244,247,248
255,249
256,249
249,250
249,251
253,251
254,252
251,252
254,252
253,251
0,44,253
253,254
254,8
254,250
255,251
255,250,252
254,255
255,256
255,251
253,255,249,251,252
254,256
254,256
257,260
257,261
257,258
258,263
258,263
259,260
257,259
16,180,260
257,260
260,261
258,261
261,262
264,258,259,261,262
260,262
262,263
264,263
261,263
264,257
265,270
265,266
266,269
267,271
266,268,270,271,272
268,269,272
269,272
267,269
266,269
268,269,270
269,270
270,271
268,270
271,20
271,272
24,272
265,272
0,272
280,273
276,274
275,274
275,278
275,1
275,277,279,273
275,276
276,279
277,274
278,280
278,274
278,279
278,279
0,14,279
279,280
280,273
280,274
280,273
277,280
281,283
8,282
286,282
281,283
287,283,284
283,285
281,282,283,285
18,283
28,284
287,281,284
287,285
286,288,283
287,283
288,57
289,296
289,291,292,294,295
289,292
289,295
289,293
290,294
290,291,294,296
290,291
290,291
291,292
289,292
292,293
289,292
290,292
292,293
289,293
292,293
292,293,294,296
294,295
292,294
33,22,79,25,49,18,290,292,293,294,295,296,0,289,3,8,83,21
289,295
290,295
290,296
297,301
297,302
297,300
297,18
297,298
298,303
299,303
299,302
297,299
300,301
298,301
301,303
300,302
302,303
298,302
299,303
298,303
303,304
297,298,299,301,302,303,304
301,303
0,304
1,304
302,304
300,304
305,309
311,305,307,309
312,306
306,307
312,308
305,308
307,308
12,308
307,309
308,309
311,306,309
305,309
310,311
0,310
311,305
23,311
310,311
312,309
312,306
313,317
314,319
314,318
315,316,317,318
315,319
316,319
316,317
316,319
315,317
317,318
317,319
317,319
313,318
315,318
315,318
318,319
316,319
315,319
320,319
320,316
320,313
321,327
321,328
321,324
322,19
322,17
322,324
322,328
12,14,25,17,28,0,321,101,322,3,323,324,325,326,7,80,328,9,72,20
323,326
323,328
25,323
323,324
324,74,32
323,325
323,325
321,325,326,327,328
377,326
323,327
322,327
321,322,324,325,327
327,328
321,328
330,329
330,333
330,13
331,333
331,329
332,329
332,336
330,332,333,335
333,334,335,329
330,334
334,336
334,17
0,335
332,335
4,335
333,336
337,340
342,337
341,337
344,338
342,339
339,340
341,338
341,342
23,46,27,28,29,198,337,338,339,30,10,13,14,18,340,0,342,2,343,344,223,5,6,8,20
342,337
343,339
343,338
343,339
344,339
345,348
345,351
346,348
345,346
0,347
347,351
352,348
348,349
346,348
346,349
0,349
346,349
345,348,349
349,350
348,350
349,351
352,349
353,359
354,356
354,356
353,355
79,355
355,357
79,355
356,358
353,356
355,356
355,357
357,359
358,359
358,359
0,359
357,359
353,358,359,360
358,360
0,360
360,10
363,361
5,361
366,367,361,362
364,366,362
363,364
363,365
364,367
364,4
365,366
0,365
366,368
366,367
366,362
367,362
363,367
364,367
364,368
366,368
363,368
3,368
375,369,373
369,370
369,370
376,371
370,371
370,371,372
374,371
375,371
375,372
371,372
375,372
370,372
374,373
371,373
0,374,5,74
375,371
375,376,372,373
376,19
375,376,369,370,372
376,373
377,380
377,378
377,381
378,15
378,383
377,378,379,380,382,383,384
378,379
379,380
380,381
380,381
381,382
381,382
379,381
379,382
382,384
379,382
377,383
380,383
377,381,384
377,384
385,388,391,392
386,389
387,17
386,387,388,389,391
388,7
388,391
389,392
386,389
385,389
389,390
390,391
386,388,389,390
387,391
386,392
396,393,394
397,393
396,393
397,393,394
394,395
6,394
400,394
393,395
396,399
396,395
396,400
397,399
396,397
397,399
397,398,399,393,395
397,393
398,399
398,393,394
398,399
399,394
399,15
399,400
396,399,394
397,400
401,406
401,404
402,407
401,402
401,403
403,404
403,404
404,406
404,407
401,404,407
11,34,14,25,16,18,0,1,139,404,9,30,42,20,53,31
405,406
401,406
406,408
402,406
405,406
404,407
404,408
403,408
401,408
407,408
412,409
413,409
411,416,409
410,411,412,413,414,415,409
410,411
15,412
412,416
413,416
413,414
412,414
414,415
89,13,25,28,180,0,410,157,411,412,126,413,414,415,92,409,20,32
410,416
413,414,416,409
410,412,415,416,409
23,416
415,416
26,417
420,424,417
421,423,418
420,419
422,419
422,419
23,419
420,422
420,424
420,418
420,423
421,170
421,422
420,422
422,62
423,419
423,418
423,418
420,423
424,31
422,424
422,424
431,425
425,428
425,426
426,62
431,426
431,426
426,429
426,428
431,427
426,427
426,427
431,427
430,432,425,428
430,429
428,429
432,429
427,429
430,429
430,425
431,432,425,426,427,428
432,425
440,433
433,436
433,435
433,434
440,435
435,437
440,436
440,436
435,436
436,437
437,438
24,437
440,434,437,438,439
125,438
435,436,438
437,438
440,439
433,439
434,437,439
440,433
440,434
440,439
441,444
441,442
441,443
442,443
442,443
443,18
441,444
444,446
445,447
445,447
442,443,445
445,446
441,445
441,445,446
446,447
446,448
445,447
0,447
442,447
444,447
442,445,446,448
455,449
451,449
451,450
451,452
0,451
452,454
452,455
453,449
452,453
454,456,449,450
454,39
454,450
452,455
455,449
2,456
453,456
451,456
456,449
457,460
457,458
463,458
458,459
458,459
459,460
464,461
458,461
463,461
22,462,463,464,25,103,457,8,459,460,461
458,461
0,462
462,457
462,460
463,460
463,459
463,461
464,458
465,468
466,468
466,469
467,470
467,469
468,470
466,467,468,471,472
467,468
465,468
465,467,469
469,470
465,470
56,25,48,28,470,471,472,1,465,467,6,468,469
466,467,469,470,472
468,471
468,471
471,472
24,471,10
471,472
4,472
471,472
66,23,26,39,19,480,0,473,474,475,476,478,479,61,30,86,21
473,474,478,480
474,480
473,474
473,474
474,475,478,479,480
475,479,480
475,54
475,479
476,478
473,476,477,478
473,477
477,28
477,478
473,478
473,479
479,480
479,480
478,479
473,480
475,480
484,487,481
484,482
0,482
481,483
484,488
484,114
485,482
484,485
0,486
486,482
487,483
25,488
488,481
488,482
489,494
490,492
489,490
496,490
490,491
496,491
495,492
492,494
496,493
489,493
491,494
493,494
490,494
489,494
490,494
495,3
495,489
0,495
495,490
495,490
495,496
497,3
12,23,14,59,0,497,498,500,501,7,502,503,504
498,500
497,498,502
499,504
499,504
23,497,498,499,500,501,502,70,504,94
498,500
0,69,500
497,498,499,500,501,504
501,503
498,501
0,502
499,502
499,503
35,16,29,164,0,1,2,497,498,499,500,502,503,504
22,67,24,27,29,497,498,499,90,30,31,11,13,16,17,18,0,2,500,6,502,8,503,504,63
498,501,504
6,505
13,506
14,506
