56.28333289431538
42.38457908309233
41.48810603760365
30.81878172051449
28.93986004694965
26.652137304151076
22.73934066122884
21.733125519419893
21.02504323934326
20.854865477517272
20.3385245236997
19.612263285094315
19.000766141965112
18.645031503677863
18.308689108097873
17.9175886333553
17.629737415438267
17.47944825333513
17.22527750640734
17.030631030556226
16.95610505922379
16.66410465984513
16.345259739431512
15.550012665064383
14.969170751293477
14.876200463318566
14.621047489304422
14.4256852982775
14.274803468393175
13.701752048857761
13.590451996523239
13.32474254190635
13.31420815021047
13.03001842486433
12.9020279699322
12.688588534322468
12.492624772202298
12.354322379702877
12.341939935355512
12.185553998667592
11.923743959705154
11.821845949094161
11.615913641959512
11.544337827270498
11.358166049503497
11.219031517062424
11.195726442464426
11.127228825463565
11.000000000000044
10.903404107503292
10.880476301647224
10.762487768930722
10.549749514070644
10.453000009202418
10.3440804327886
10.306930832012078
10.221007676243772
10.198039027185569
10.166812853723291
10.148891565092274
10.12209010022884
10.099504938362115
10.09950493836205
10.041221642882325
10.029226002289853
10.000000000000016
9.974610553025913
9.848857801796104
9.839598069526957
9.797958971132749
9.635754159278838
9.62291630074988
9.481327215654941
9.386918654746648
9.277221892982226
9.256452640470034
9.233545868297584
9.15977157273393
9.150340079431226
9.110433579144331
9.055385138137458
8.94427190999919
8.938093047350813
8.905094274436474
8.833039556376335
8.816578502766994
8.7177978870814
8.717797887081376
8.69001802818412
8.660254037844428
8.620540752650244
8.602325267042652
8.552708453546588
8.494363291247472
8.485281374238607
8.483963264832557
8.446827831628424
8.434023229016795
8.431319855352951
8.404406343809812
8.319658650516205
8.306623862918117
8.306623862918116
8.306623862918105
8.246211251235378
8.246211251235293
8.226513580814403
8.219130842888074
8.135557660216813
8.124038404635998
8.122427260761455
8.063699104631295
8.037423107701931
8.031633975441366
7.999598497729527
7.937134548482953
7.897770005467964
7.850423259805813
7.835263871829823
7.832041856969263
7.831237068347216
7.810249675906662
7.810249675906659
7.806033776204957
7.772348410965618
7.763929306313849
7.745966692414842
7.745825593383766
7.745223874908431
7.6822676507066765
7.681145747868666
7.681145747868639
7.681145747868633
7.681145747868626
7.681145747868623
7.630959717606154
7.61577310586393
7.615773105863918
7.6126507264845085
7.606601922991462
7.596973451316399
7.550936210808016
7.549834435270812
7.54983443527079
7.549834435270763
7.54983443527076
7.50633344778129
7.483314773547929
7.483314773547906
7.424502215498848
7.416198487095643
7.356822285532438
7.2801098892805705
7.2801098892805625
7.280109889280529
7.280109889280517
7.27179313646416
7.238632798063296
7.211102550927988
7.199325668774325
7.183535261972313
7.175527361904127
7.15106157747301
7.141428428542882
7.140299591357733
7.0724592952964915
7.07106781186547
7.047415101580309
7.000000000000045
6.996616113000833
6.98247212274626
6.956047625929956
6.943805071446839
6.9353767475829695
6.928203230275522
6.928203230275522
6.925343207805956
6.891761570729457
6.871033586799636
6.855654600401073
6.835459949723634
6.7823299831252495
6.7705845660569395
6.7270855126531774
6.708203932499398
6.681585412362614
6.633249580710829
6.601216367391296
6.557438524302032
6.557438524302013
6.557438524301999
6.557438524301996
6.557438524301977
6.5059667720287395
6.480740698407877
6.480740698407846
6.4797064239867055
6.4752472887637635
6.467671629939581
6.441798037361373
6.437738961646489
6.403124237432863
6.403124237432848
6.403124237432845
6.390239191571405
6.327331955536062
6.324555320336754
6.323825572211074
6.316496831561269
6.2994503070689625
6.262504328355243
6.25078450341166
6.243443880539494
6.235435749130893
6.2199560832389205
6.205751990917191
6.202441288744697
6.18386607836113
6.173863945128477
6.164414002968971
6.164414002968966
6.164414002968948
6.117799664002542
6.093066727353811
6.0827625302982185
6.064450100953822
6.0064631751793875
5.994739948192623
5.944194292351291
5.929805811241546
5.916079783099607
5.911362937187036
5.8883646806088015
5.870795444121725
5.860147568251326
5.830951894845329
5.830951894845311
5.830951894845278
5.8309518948452705
5.813445445883404
5.776501836583173
5.745158745841781
5.7370445419647735
5.7261590485308735
5.700926927965441
5.692440181258995
5.681916556842254
5.670597106520237
5.661876575710487
5.656854249492412
5.656854249492398
5.656854249492395
5.656854249492388
5.656854249492384
5.656854249492376
5.656854249492375
5.6568542494923575
5.6568542494923575
5.6481099374880115
5.6307629223395965
5.574913117723124
5.568856380751365
5.567764362830031
5.567764362830001
5.567764362829995
5.56776436282999
5.5578713855106505
5.5249488989694235
5.524816155760256
5.506592380108521
5.501905735813527
5.491260314440373
5.477225575051676
5.477225575051643
5.47722557505164
5.437314580202708
5.427284469397486
5.407038743850459
5.403193605197356
5.385164807134526
5.385164807134515
5.385164807134498
5.385164807134495
5.376895736204617
5.346607313906866
5.33404976267913
5.319814256269277
5.311065617494526
5.299887513834792
5.2915026221292
5.291502622129193
5.291502622129184
5.2915026221291805
5.291502622129177
5.29150262212916
5.273552468253333
5.269578141395397
5.262560387013785
5.210952563073644
5.210936457882532
5.19615242270665
5.196152422706641
5.196152422706641
5.196152422706633
5.196152422706615
5.194827576778429
5.193147896074727
5.189640986211134
5.174847358954875
5.142052675899784
5.1368191483428856
5.118752452202103
5.099019513592797
5.099019513592797
5.0990195135927845
5.099019513592779
5.0990195135927685
5.099019513592765
5.086816849629897
5.0747336414295585
5.043990382562045
5.036039331714922
5.004983343796908
5.000000000000017
5.000000000000003
5.000000000000003
4.999999999999989
4.997900803958225
4.996468183881136
4.990213298736941
4.978003030601569
4.97633720948453
4.975480611659543
4.95636234302865
4.912173032531418
4.898979485566371
4.898979485566363
4.898979485566363
4.89897948556636
4.898979485566359
4.898979485566356
4.898979485566356
4.898979485566345
4.88955073815941
4.887590271615954
4.877464540526809
4.846112617205222
4.840760668614255
4.831896670600788
4.82771342461013
4.814199941478415
4.802170421410094
4.795831523312738
4.795831523312726
4.795831523312718
4.795831523312718
4.795831523312712
4.795831523312703
4.792668551993881
4.788567389675454
4.783104772504636
4.77345832618331
4.764227802774335
4.7364523783161285
4.723288050562226
4.719071872308574
4.709111937559633
4.701732330415628
4.691565804897277
4.690415759823429
4.6904157598234235
4.690415759823419
4.690415759823412
4.690415759823402
4.687937366259202
4.669144429354087
4.630511933938779
4.605711901992976
4.5928708215868905
4.583341236284346
4.582575694955849
4.582575694955844
4.5825756949558425
4.582575694955842
4.582575694955835
4.5825756949558345
4.582575694955824
4.582575694955819
4.582575694955818
4.581195174131177
4.571022253459869
4.569298878087474
4.564541361727435
4.5560682792651885
4.542013545195741
4.519695836738062
4.513641032931616
4.504309138611665
4.501722017601817
4.496614777506839
4.472135954999605
4.472135954999601
4.472135954999585
4.472135954999575
4.472135954999573
4.472135954999569
4.472135954999566
4.460061563171953
4.450588636728125
4.444052469294772
4.4321115391912755
4.426568626023304
4.418962175217815
4.386738441010749
4.3749414882026505
4.364602405389102
4.358898943540684
4.358898943540682
4.358898943540673
4.35889894354067
4.358898943540666
4.358898943540662
4.35889894354066
4.357264184906137
4.347767160769517
4.342518022498638
4.3346674462526815
4.32474376204924
4.306691863741631
4.2795253615857165
4.269501133362939
4.268284264293055
4.250452713020406
4.242640687119286
4.242640687119285
4.242640687119284
4.24264068711928
4.239798625485128
4.208908936739983
4.2012753442164055
4.19628853872472
4.161128813257258
4.161116155437052
4.148626586103885
4.14040134504534
4.123105625617676
4.123105625617665
4.123105625617664
4.1231056256176615
4.12310562561766
4.123105625617658
4.1231056256176535
4.123105625617652
4.12310562561765
4.123105625617644
4.123105625617632
4.114284771503706
4.09957656663917
4.080119702399562
4.06750503024208
4.060620916464309
4.053895099172825
4.036624822008226
4.035851237154833
4.026689509428761
4.021342055107785
4.0183009144160415
4.001738762484321
4.000000000000015
4.0000000000000115
4.000000000000005
4.0
3.9999999999999996
3.999999999999997
3.999999999999996
3.999999999999993
3.9999999999999916
3.9999999999999907
3.999999999999988
3.999999999999984
3.999999999999983
3.999999999999981
3.9999999999999765
3.9999999999999725
3.9811697414050013
3.9811314741537234
3.9795178895821195
3.961170276617499
3.949586581855554
3.9408880612360955
3.9244061700569883
3.9242173574819224
3.9195015818100387
3.9110524132254763
3.8836734645843514
3.8729833462074206
3.872983346207418
3.8729833462074175
3.872983346207415
3.8729833462074112
3.872983346207407
3.872983346207406
3.872983346207405
3.8729833462074046
3.8729833462074024
3.8729833462074024
3.8729833462074015
3.8729833462073975
3.8729833462073966
3.872983346207391
3.8726818209844063
3.852659650278435
3.844807955409513
3.8385922950495917
3.8286751443838485
3.8250037232313354
3.7909313408818823
3.7847794282278535
3.7741436658027383
3.765389752528464
3.751862633277363
3.7416573867739666
3.7416573867739493
3.7416573867739418
3.7416573867739404
3.7416573867739387
3.7416573867739373
3.7416573867739324
3.7416573867739316
3.7416573867739302
3.741657386773928
3.740711359512359
3.736687015100793
3.727718243092789
3.7122208411692528
3.697694228458152
3.6950358728058035
3.686543120398923
3.680012431610062
3.6759381019856163
3.6757614930249587
3.671163097885797
3.6569497527179817
3.655675006801316
3.649184622172719
3.6381824568809864
3.6347383282822827
3.6170101645279042
3.6075403586392567
3.6055512754639967
3.6055512754639953
3.6055512754639936
3.6055512754639927
3.605551275463992
3.605551275463992
3.6055512754639913
3.6055512754639882
3.605551275463988
3.6055512754639865
3.605551275463985
3.6055512754639834
3.6055512754639834
3.6055512754639825
3.6055512754639825
3.6055512754639816
3.6055512754639816
3.60555127546398
3.6055512754639785
3.6055512754639762
3.6055512754639762
3.6055512754639745
3.6055512754639736
3.605551275463968
3.59104442885543
3.5894784010203806
3.574568489383012
3.5503480676576356
3.5459733147546157
3.5378338417243285
3.530113245294954
3.517117813361733
3.513406680649561
3.512402611306299
3.504206982975565
3.4976507523735045
3.48082966701171
3.4770921678536904
3.4646142098185835
3.464101615137774
3.464101615137773
3.4641016151377726
3.4641016151377713
3.4641016151377677
3.464101615137766
3.464101615137764
3.4641016151377637
3.464101615137763
3.4641016151377624
3.4641016151377597
3.4641016151377575
3.464101615137756
3.4641016151377557
3.4641016151377424
3.4641016151377375
3.462436990336229
3.4596949810463253
3.4440376886849693
3.4322079685724285
3.4205643897194795
3.419191811286212
3.4115289454761095
3.4114143299729744
3.3955584135455132
3.391358594259091
3.3907707948411256
3.3866873510156776
3.379543163647084
3.3730681883411036
3.3545039150058
3.3426933558329495
3.338776757092009
3.3351320252154446
3.3315190999891984
3.327405486612006
3.3270098823694356
3.316624790355419
3.316624790355417
3.3166247903554162
3.3166247903554162
3.316624790355415
3.3166247903554127
3.3166247903554127
3.316624790355412
3.3166247903554114
3.3166247903554105
3.31662479035541
3.3166247903554096
3.3166247903554087
3.3166247903554082
3.316624790355408
3.316624790355406
3.316624790355406
3.316624790355405
3.3166247903554047
3.3166247903554025
3.3166247903554
3.3166247903554
3.316624790355399
3.316624790355398
3.3166247903553923
3.3166247903553847
3.314108343873415
3.309282358937523
3.303425772590068
3.2912675969783267
3.288025866303116
3.2850455412175044
3.266760344569557
3.2650234366832382
3.258754817999479
3.251155329822872
3.2422598695013845
3.239761893516852
3.2245824889542356
3.210665884360329
3.197361434830676
3.17691061458193
3.173449166551161
3.1687207268541595
3.162277660168396
3.1622776601683946
3.1622776601683937
3.1622776601683933
3.1622776601683924
3.162277660168392
3.1622776601683915
3.1622776601683915
3.162277660168391
3.1622776601683906
3.1622776601683906
3.16227766016839
3.16227766016839
3.1622776601683897
3.162277660168389
3.1622776601683884
3.1622776601683884
3.162277660168388
3.162277660168387
3.1622776601683866
3.1622776601683853
3.1622776601683853
3.1622776601683835
3.1622776601683835
3.162277660168383
3.1622776601683817
3.162277660168378
3.1622776601683693
3.159396826788198
3.155441979267861
3.131280367685217
3.127602368140165
3.1029154268328356
3.0935731702731006
3.092741207390195
3.0900729890908627
3.0872526417754313
3.085738825801963
3.0608548371445337
3.0568841907348094
3.041779790736805
3.0345350117821077
3.033999874661591
3.0290761640777406
3.0204479180442187
3.0151880443135344
3.002012899838587
3.0000000000000124
3.000000000000012
3.0000000000000098
3.0000000000000093
3.0000000000000093
3.000000000000007
3.0000000000000058
3.000000000000005
3.000000000000005
3.000000000000003
3.0000000000000027
3.000000000000002
3.0000000000000018
3.0000000000000013
3.0
3.0
3.0
3.0
3.0
3.0
3.0
2.9999999999999982
2.9999999999999956
2.999999999999995
2.9999999999999933
2.999999999999993
2.9999999999999916
2.9999999999999805
2.999431950174074
2.998596593087203
2.994542275137348
2.976413187470374
2.968407874879812
2.967280030817606
2.9540801643137735
2.9458199524828133
2.9431392091605906
2.9379474402123096
2.935080545545342
2.921486732863627
2.9183809073758695
2.9045144867350676
2.8901966471455736
2.879577381957994
2.8753908806664787
2.869461679198271
2.8690167111006657
2.862303802629646
2.8564159678853707
2.8530781525643953
2.8530781525643825
2.8507815226074906
2.8476362444675107
2.8387741227840326
2.8350585072230436
2.8334687728025645
2.83237951434084
2.8285010296037703
2.828427124746207
2.8284271247462054
2.8284271247462045
2.8284271247462036
2.8284271247462036
2.8284271247462027
2.8284271247462014
2.828427124746201
2.8284271247462005
2.828427124746199
2.828427124746199
2.828427124746198
2.828427124746198
2.8284271247461974
2.828427124746197
2.8284271247461965
2.8284271247461943
2.8284271247461925
2.828427124746192
2.828427124746192
2.8284271247461916
2.8284271247461903
2.8284271247461903
2.8284271247461903
2.8284271247461903
2.8284271247461903
2.8284271247461903
2.8284271247461903
2.8284271247461903
2.8284271247461903
2.8284271247461903
2.8284271247461903
2.8284271247461903
2.8284271247461876
2.8284271247461876
2.828427124746187
2.828427124746187
2.8284271247461854
2.8284271247461854
2.8284271247461854
2.828427124746184
2.828427124746183
2.8284271247461823
2.822576146993636
2.8211163955945
2.811889669616689
2.8025236473923743
2.8023152650233105
2.7989334355748814
2.794982815801439
2.7829451176714644
2.775168845082485
2.7728227914486094
2.7691456233592984
2.7641817051577044
2.7562565655911313
2.7385825404004653
2.7261765241517035
2.723869531733006
2.705700931758125
2.7013055734601177
2.6940219874358684
2.6929870230046307
2.6890230605186423
2.681899029338587
2.6812718841895093
2.679821253045319
2.6762703498456992
2.666555255237476
2.654792862875317
2.6488433014899666
2.645751311064609
2.6457513110646063
2.645751311064606
2.6457513110646054
2.6457513110646027
2.6457513110646023
2.645751311064602
2.6457513110646014
2.6457513110646005
2.6457513110645987
2.6457513110645987
2.6457513110645983
2.645751311064598
2.6457513110645974
2.6457513110645974
2.6457513110645943
2.6457513110645925
2.645751311064592
2.645751311064592
2.6457513110645916
2.6457513110645916
2.645751311064591
2.645751311064591
2.645751311064591
2.6457513110645907
2.6457513110645907
2.6457513110645907
2.6457513110645903
2.64575131106459
2.6457513110645876
2.645751311064587
2.6457513110645867
2.645751311064585
2.645751311064585
2.6457513110645823
2.645751311064582
2.6457513110645787
2.6457513110645734
2.644783498125031
2.643963344226002
2.6405021434418687
2.6381182528570903
2.6355981799832446
2.634090844568754
2.63365353215278
2.633233417572585
2.6254631142721285
2.617120139511514
2.6131259297527616
2.613125929752761
2.6117998632144785
2.606053616149742
2.60493013892787
2.6016347016232517
2.59757041050417
2.5921773731070363
2.586937855153179
2.5730112147087985
2.571776786818884
2.5716534420085804
2.564483345271097
2.5603814219965755
2.5433233215624202
2.536345761895919
2.529333641815017
2.5098821178786714
2.5061921275875143
2.5025353965413535
2.50206837071283
2.490070182336264
2.4866010519799815
2.475840527763996
2.4704747646529244
2.44948974278319
2.449489742783189
2.4494897427831868
2.4494897427831854
2.449489742783184
2.449489742783183
2.449489742783183
2.4494897427831823
2.4494897427831823
2.4494897427831823
2.4494897427831823
2.4494897427831814
2.449489742783181
2.449489742783181
2.449489742783181
2.449489742783181
2.449489742783181
2.4494897427831805
2.4494897427831805
2.4494897427831797
2.4494897427831797
2.4494897427831788
2.4494897427831788
2.4494897427831788
2.4494897427831788
2.4494897427831788
2.4494897427831788
2.4494897427831788
2.449489742783178
2.449489742783178
2.4494897427831774
2.449489742783177
2.449489742783177
2.449489742783177
2.449489742783176
2.4494897427831757
2.4494897427831757
2.449489742783175
2.449489742783175
2.449489742783175
2.449489742783175
2.4494897427831743
2.4494897427831743
2.4494897427831743
2.4494897427831743
2.4494897427831743
2.4494897427831743
2.449489742783174
2.449489742783174
2.4494897427831734
2.4494897427831734
2.449489742783173
2.4494897427831726
2.449489742783172
2.4494897427831717
2.4494897427831708
2.4494897427831708
2.4494897427831703
2.44948974278317
2.44948974278317
2.44948974278317
2.44948974278317
2.449489742783169
2.449489742783169
2.4494897427831677
2.4494897427831677
2.4494897427831677
2.449489742783167
2.4489548167663964
2.4486456015578733
2.4459019536230917
2.44299973563546
2.440083067065668
2.4388831837944003
2.4327752383088237
2.4237737555934
2.4219359173517723
2.4130420400327224
2.410757848523206
2.4080079675411237
2.4054560823823143
2.397463485867143
2.3960959566915347
2.3877720173047368
2.386957201468019
2.382463346187028
2.38141298770897
2.3646599054504307
2.349900120330858
2.3449453304204795
2.3394810241687716
2.3331944270665237
2.3278786884712197
2.326846269604651
2.3164946383736402
2.3077513420669744
2.2994213741892797
2.288245611270748
2.2860996577863215
2.275867140590505
2.270789480523812
2.264847347510353
2.2549081951398953
2.245231355721988
2.237182360040372
2.2360679774998085
2.2360679774998
2.2360679774997982
2.236067977499797
2.2360679774997965
2.236067977499796
2.236067977499796
2.2360679774997956
2.236067977499795
2.236067977499795
2.2360679774997947
2.2360679774997947
2.2360679774997942
2.2360679774997934
2.2360679774997934
2.236067977499793
2.2360679774997925
2.2360679774997925
2.2360679774997925
2.2360679774997925
2.2360679774997925
2.2360679774997925
2.236067977499792
2.2360679774997916
2.236067977499791
2.236067977499791
2.236067977499791
2.2360679774997907
2.2360679774997907
2.2360679774997902
2.2360679774997902
2.23606797749979
2.23606797749979
2.23606797749979
2.23606797749979
2.23606797749979
2.2360679774997894
2.2360679774997894
2.2360679774997894
2.2360679774997894
2.2360679774997894
2.236067977499789
2.236067977499789
2.2360679774997885
2.2360679774997885
2.2360679774997885
2.2360679774997885
2.2360679774997885
2.2360679774997885
2.236067977499788
2.236067977499788
2.236067977499788
2.236067977499788
2.236067977499788
2.236067977499788
2.236067977499788
2.236067977499788
2.2360679774997876
2.2360679774997876
2.2360679774997876
2.2360679774997876
2.236067977499787
2.236067977499787
2.2360679774997867
2.2360679774997867
2.2360679774997863
2.2360679774997863
2.236067977499786
2.236067977499786
2.236067977499786
2.2360679774997854
2.236067977499785
2.236067977499785
2.236067977499785
2.2360679774997845
2.2360679774997845
2.236067977499784
2.2360679774997836
2.2360679774997836
2.2360679774997836
2.236067977499783
2.2360679774997827
2.2360679774997823
2.2360679774997823
2.2360679774997823
2.236067977499782
2.2360679774997814
2.2360679774997814
2.2360679774997814
2.2360679774997814
2.2360679774997805
2.23606797749978
2.2360679774997796
2.236067977499779
2.2360679774997783
2.236067977499778
2.236067977499778
2.2360679774997774
2.2360679774997774
2.234798293684411
2.234657881519673
2.2345793960809277
2.233466506250467
2.229835144256027
2.228226056421897
2.219640237045661
2.2196273909854183
2.211332977471167
2.2076775022436363
2.1902179326316498
2.1853362661014533
2.184058412045012
2.1823086750374174
2.179501570136714
2.1749812268613393
2.167850612656247
2.162135844776651
2.161860615122572
2.153964023501569
2.143487771551632
2.134631314720352
2.1342720167690694
2.133357348918056
2.1323997795404668
2.128114364462002
2.126360767612522
2.1217160599276266
2.1181737096230924
2.1181159621898953
2.1102334521296067
2.10989871500008
2.1027505486453313
2.0908783734207783
2.082986913543371
2.080155462197085
2.0739285919550086
2.0632816372009226
2.0509855178483463
2.044771995696246
2.037225174699135
2.03288808280002
2.026993399871814
2.0206298675801566
2.018386079207848
2.007507849094675
2.000000000000015
2.000000000000013
2.0000000000000115
2.0000000000000093
2.0000000000000093
2.0000000000000084
2.0000000000000075
2.0000000000000075
2.000000000000007
2.000000000000007
2.0000000000000067
2.000000000000006
2.000000000000005
2.000000000000005
2.0000000000000044
2.0000000000000044
2.0000000000000036
2.0000000000000036
2.000000000000003
2.000000000000003
2.000000000000003
2.0000000000000027
2.0000000000000027
2.0000000000000027
2.0000000000000027
2.0000000000000027
2.0000000000000027
2.000000000000002
2.0000000000000018
2.0000000000000018
2.0000000000000018
2.0000000000000013
2.0000000000000013
2.0000000000000013
2.0000000000000013
2.000000000000001
2.000000000000001
2.000000000000001
2.0000000000000004
2.0000000000000004
2.0000000000000004
2.0000000000000004
2.0000000000000004
2.0
2.0
2.0
2.0
2.0
2.0
2.0
2.0
2.0
2.0
2.0
2.0
2.0
2.0
2.0
2.0
2.0
2.0
2.0
2.0
2.0
2.0
2.0
2.0
2.0
2.0
2.0
2.0
2.0
2.0
2.0
2.0
2.0
2.0
2.0
2.0
2.0
2.0
2.0
2.0
2.0
2.0
2.0
2.0
2.0
2.0
2.0
2.0
2.0
2.0
2.0
2.0
2.0
2.0
2.0
2.0
2.0
2.0
2.0
2.0
2.0
2.0
2.0
2.0
2.0
2.0
2.0
2.0
2.0
2.0
2.0
2.0
2.0
2.0
2.0
2.0
2.0
2.0
2.0
1.9999999999999998
1.9999999999999998
1.9999999999999998
1.9999999999999998
1.9999999999999993
1.9999999999999993
1.9999999999999993
1.9999999999999991
1.999999999999999
1.999999999999999
1.999999999999999
1.9999999999999987
1.9999999999999987
1.9999999999999987
1.9999999999999987
1.9999999999999987
1.9999999999999982
1.9999999999999982
1.9999999999999982
1.999999999999998
1.999999999999998
1.9999999999999976
1.9999999999999976
1.9999999999999976
1.9999999999999973
1.9999999999999973
1.9999999999999971
1.999999999999997
1.999999999999997
1.999999999999997
1.999999999999997
1.9999999999999964
1.9999999999999964
1.9999999999999964
1.999999999999996
1.9999999999999958
1.9999999999999958
1.9999999999999956
1.9999999999999956
1.9999999999999956
1.9999999999999953
1.9999999999999951
1.9999999999999947
1.9999999999999947
1.9999999999999942
1.9999999999999942
1.999999999999994
1.9999999999999936
1.9999999999999936
1.999999999999993
1.9999999999999925
1.9999999999999925
1.9999999999999916
1.9999999999999905
1.9999999999999898
1.9999999999999896
1.999999999999988
1.9969610792984263
1.9964165720984772
1.99464143216423
1.9904288202375644
1.9873807850993397
1.9866463776213634
1.9801593981815337
1.9730619839669397
1.9682908743968681
1.9665138559788304
1.9596194803433091
1.957122447904521
1.9460032672369307
1.939576267565429
1.9298193197548588
1.9263921357430012
1.920952095720923
1.91873989482677
1.9142704946545333
1.9068286399174297
1.9039080316182353
1.890956058646478
1.8883905496330347
1.8882916531118497
1.8777045489629418
1.871476044592473
1.8661990915538273
1.8649420946841542
1.8610477141489767
1.8549856859068197
1.8477590650225746
1.8471189200404967
1.8432246836917043
1.8393758019320576
1.8353239614398826
1.8228829054491873
1.8167283054622498
1.8135134874157888
1.799762511662951
1.7854139475293365
1.7835268298172677
1.777493417748162
1.769413544180453
1.7683132681255807
1.7626486787368494
1.750693947174817
1.7458824733484029
1.7428238382733972
1.7361351397115246
1.7320508075688879
1.7320508075688859
1.7320508075688856
1.7320508075688839
1.7320508075688839
1.7320508075688832
1.732050807568883
1.732050807568883
1.7320508075688825
1.7320508075688823
1.7320508075688823
1.7320508075688823
1.732050807568882
1.7320508075688819
1.7320508075688812
1.732050807568881
1.732050807568881
1.732050807568881
1.7320508075688807
1.7320508075688807
1.7320508075688805
1.7320508075688805
1.7320508075688805
1.7320508075688803
1.7320508075688803
1.7320508075688799
1.7320508075688799
1.7320508075688799
1.7320508075688799
1.7320508075688799
1.7320508075688799
1.7320508075688796
1.7320508075688796
1.7320508075688794
1.7320508075688794
1.7320508075688792
1.732050807568879
1.732050807568879
1.7320508075688785
1.7320508075688785
1.7320508075688785
1.7320508075688785
1.7320508075688785
1.732050807568878
1.7320508075688779
1.7320508075688774
1.7320508075688774
1.7320508075688774
1.7320508075688772
1.7320508075688772
1.7320508075688772
1.7320508075688772
1.732050807568877
1.7320508075688767
1.7320508075688767
1.7320508075688763
1.7320508075688763
1.7320508075688759
1.7320508075688759
1.7320508075688754
1.7320508075688754
1.7320508075688754
1.732050807568875
1.732050807568875
1.7320508075688743
1.7320508075688743
1.732050807568874
1.7320508075688739
1.7320508075688739
1.7320508075688734
1.732050807568873
1.7320508075688728
1.7320508075688723
1.7320508075688719
1.7320508075688703
1.7320508075688674
1.7313492309598486
1.7305631101404144
1.7300688421214878
1.729758362288374
1.7292525110003885
1.7254162289604624
1.7250231755661685
1.7221466518500104
1.7210095012053823
1.7197072781808513
1.7182740936450391
1.7129349117285626
1.7099491789386225
1.706634052800577
1.70281661146746
1.7016180910728498
1.7010414379606047
1.696141024320315
1.6944207342990845
1.6865227248193564
1.6836626621513024
1.6760801581902909
1.6745004150796976
1.6699992362489346
1.6682069506305919
1.6666594679551323
1.6647604111638539
1.6576830162083804
1.6547924012204012
1.6534431620842567
1.6352325995018036
1.6343201301207253
1.6271008730401741
1.6227597510356895
1.6203248818333478
1.6180339887498973
1.6180339887498936
1.616885213462872
1.6135126929967598
1.613408911514224
1.6123849998510844
1.6080380709507205
1.606417220757121
1.6011626605656866
1.5976620457792188
1.5874403272668902
1.5873057741485692
1.5803763574984733
1.5731783499969165
1.5696778198106671
1.5645179617724179
1.5544418970229985
1.547877705268025
1.5379511348606505
1.5353007313838356
1.5303706123612293
1.529013719790031
1.5232424359389949
1.519585270406015
1.5145054703466485
1.5113834923038796
1.5083225382396512
1.4988023406334972
1.491687331947695
1.4897938875299264
1.4881818638209492
1.4826993940493436
1.4789867370231502
1.463008624011327
1.4611047344744585
1.451753915113748
1.447631600289287
1.4460822009476846
1.4342822665842647
1.4315407397321855
1.4286158880244826
1.4197259881177484
1.416823250830892
1.4142135623731114
1.414213562373106
1.414213562373103
1.4142135623731025
1.414213562373102
1.4142135623731018
1.4142135623731014
1.4142135623731007
1.4142135623731007
1.4142135623731003
1.4142135623731003
1.4142135623731
1.4142135623730996
1.4142135623730994
1.4142135623730994
1.4142135623730994
1.4142135623730994
1.4142135623730994
1.4142135623730994
1.4142135623730991
1.414213562373099
1.414213562373099
1.4142135623730987
1.4142135623730987
1.4142135623730985
1.4142135623730985
1.4142135623730983
1.4142135623730983
1.4142135623730983
1.4142135623730978
1.4142135623730978
1.4142135623730978
1.4142135623730978
1.4142135623730976
1.4142135623730976
1.4142135623730976
1.4142135623730974
1.4142135623730974
1.4142135623730974
1.4142135623730974
1.4142135623730974
1.4142135623730971
1.414213562373097
1.414213562373097
1.414213562373097
1.414213562373097
1.414213562373097
1.414213562373097
1.414213562373097
1.414213562373097
1.4142135623730967
1.4142135623730967
1.4142135623730967
1.4142135623730967
1.4142135623730967
1.4142135623730967
1.4142135623730963
1.4142135623730963
1.4142135623730963
1.414213562373096
1.414213562373096
1.414213562373096
1.414213562373096
1.414213562373096
1.414213562373096
1.414213562373096
1.414213562373096
1.414213562373096
1.414213562373096
1.414213562373096
1.414213562373096
1.4142135623730958
1.4142135623730958
1.4142135623730958
1.4142135623730958
1.4142135623730958
1.4142135623730958
1.4142135623730958
1.4142135623730958
1.4142135623730958
1.4142135623730958
1.4142135623730958
1.4142135623730958
1.4142135623730956
1.4142135623730956
1.4142135623730956
1.4142135623730956
1.4142135623730956
1.4142135623730956
1.4142135623730956
1.4142135623730956
1.4142135623730956
1.4142135623730956
1.4142135623730956
1.4142135623730956
1.4142135623730956
1.4142135623730956
1.4142135623730954
1.4142135623730954
1.4142135623730954
1.4142135623730954
1.4142135623730954
1.4142135623730954
1.4142135623730954
1.4142135623730954
1.4142135623730954
1.4142135623730954
1.4142135623730954
1.4142135623730954
1.4142135623730954
1.4142135623730954
1.4142135623730954
1.4142135623730954
1.4142135623730954
1.4142135623730951
1.4142135623730951
1.4142135623730951
1.4142135623730951
1.4142135623730951
1.4142135623730951
1.4142135623730951
1.4142135623730951
1.4142135623730951
1.4142135623730951
1.4142135623730951
1.4142135623730951
1.4142135623730951
1.4142135623730951
1.4142135623730951
1.4142135623730951
1.4142135623730951
1.4142135623730951
1.4142135623730951
1.4142135623730951
1.4142135623730951
1.4142135623730951
1.4142135623730951
1.4142135623730951
1.4142135623730951
1.4142135623730951
1.4142135623730951
1.4142135623730951
1.4142135623730951
1.4142135623730951
1.4142135623730951
1.4142135623730951
1.4142135623730951
1.4142135623730951
1.414213562373095
1.414213562373095
1.414213562373095
1.414213562373095
1.414213562373095
1.414213562373095
1.414213562373095
1.414213562373095
1.414213562373095
1.414213562373095
1.414213562373095
1.414213562373095
1.414213562373095
1.414213562373095
1.414213562373095
1.414213562373095
1.414213562373095
1.414213562373095
1.414213562373095
1.414213562373095
1.414213562373095
1.414213562373095
1.414213562373095
1.414213562373095
1.414213562373095
1.414213562373095
1.414213562373095
1.4142135623730945
1.4142135623730945
1.4142135623730945
1.4142135623730945
1.4142135623730945
1.4142135623730945
1.4142135623730945
1.4142135623730945
1.4142135623730945
1.4142135623730945
1.4142135623730945
1.4142135623730945
1.4142135623730945
1.4142135623730945
1.4142135623730945
1.4142135623730945
1.4142135623730945
1.4142135623730945
1.4142135623730945
1.4142135623730945
1.4142135623730945
1.4142135623730945
1.4142135623730945
1.4142135623730945
1.4142135623730943
1.4142135623730943
1.4142135623730943
1.4142135623730943
1.4142135623730943
1.4142135623730943
1.4142135623730943
1.4142135623730943
1.4142135623730943
1.4142135623730943
1.4142135623730943
1.4142135623730943
1.4142135623730943
1.4142135623730943
1.414213562373094
1.414213562373094
1.414213562373094
1.414213562373094
1.414213562373094
1.414213562373094
1.414213562373094
1.414213562373094
1.4142135623730938
1.4142135623730936
1.4142135623730936
1.4142135623730934
1.4142135623730931
1.4142135623730931
1.4142135623730927
1.4142135623730925
1.414213562373092
1.4142135623730918
1.4142135623730918
1.4142135623730911
1.4142135623730907
1.4142135623730894
1.4142135623730887
1.4142135623730867
1.4142135623730785
1.414015841762421
1.4121419294712891
1.4114586712693675
1.4108535076993036
1.410645942622215
1.4085561506796147
1.4067956197487812
1.4066723500944927
1.4065073085085702
1.4021867527002354
1.4018206021343185
1.4005576877384023
1.3992794527648351
1.3963619198039976
1.3959379881232874
1.3936191372651907
1.3931511570783066
1.3929610318964
1.391963843601787
1.3910146983249887
1.388730553320921
1.3818706355078774
1.3815403655270382
1.3810416402297392
1.380639557238239
1.37852921748192
1.3761889266789746
1.375363403994126
1.3725800752483497
1.3707759890873106
1.3665619632833406
1.3634184550244244
1.3633771974259135
1.3621603112990344
1.3569340078028513
1.3532468004856126
1.348935600452253
1.3444023194091668
1.3418241519770355
1.3415189440373936
1.3381144246218508
1.3343371173384642
1.3333106928710354
1.3278079428917677
1.3250891679412118
1.3219636814644515
1.3186285812102654
1.3149012899775967
1.3116391243368803
1.3034450083195337
1.2969141096856016
1.2943896938956367
1.2912942687979918
1.284845956683302
1.2768402084310173
1.2744424090231723
1.2698732813825184
1.2665399510530617
1.2617678309589155
1.2567184201508055
1.253257193339685
1.247860234992634
1.246261932899224
1.2402113496967222
1.2261193224457176
1.222656702350066
1.2219320810632384
1.2202471268351496
1.213388705749129
1.211969936034192
1.2101587808029843
1.2088487180903364
1.204255481839673
1.2032627429464622
1.1965069159645252
1.190263550725898
1.1877683881206607
1.186293260035126
1.1806076646662536
1.1787658522569802
1.1724593407348738
1.1678484504283646
1.1617010846217546
1.1531645452767412
1.1473597975168601
1.1417053065720266
1.1394901848123014
1.1353392832533744
1.1332916862463367
1.1298925203485488
1.123060423432616
1.1194251301800509
1.116242976876983
1.1145053040724546
1.1056507033780791
1.0967295332377338
1.093881768457546
1.092259024521459
1.082768019770539
1.0823922002923954
1.0823922002923938
1.076552578515456
1.075582115278254
1.0695602112135363
1.0622408960506837
1.0566224260812827
1.0509652864021886
1.0479044517690095
1.0428647283549928
1.0364391939561115
1.0348199476561937
1.0247870989815688
1.011064023671109
1.0015451796976358
1.0000000000000047
1.0000000000000038
1.0000000000000038
1.0000000000000038
1.0000000000000038
1.0000000000000036
1.000000000000003
1.000000000000003
1.0000000000000029
1.0000000000000029
1.0000000000000029
1.0000000000000029
1.0000000000000027
1.0000000000000027
1.0000000000000027
1.0000000000000024
1.0000000000000022
1.0000000000000022
1.0000000000000022
1.0000000000000022
1.0000000000000022
1.0000000000000022
1.0000000000000018
1.0000000000000018
1.0000000000000018
1.0000000000000018
1.0000000000000018
1.0000000000000018
1.0000000000000016
1.0000000000000016
1.0000000000000016
1.0000000000000016
1.0000000000000016
1.0000000000000016
1.0000000000000013
1.0000000000000013
1.0000000000000013
1.0000000000000013
1.0000000000000013
1.0000000000000013
1.0000000000000013
1.0000000000000013
1.0000000000000013
1.0000000000000013
1.0000000000000013
1.0000000000000013
1.0000000000000013
1.0000000000000013
1.000000000000001
1.000000000000001
1.000000000000001
1.000000000000001
1.000000000000001
1.000000000000001
1.000000000000001
1.000000000000001
1.000000000000001
1.000000000000001
1.0000000000000009
1.0000000000000009
1.0000000000000009
1.0000000000000009
1.0000000000000009
1.0000000000000009
1.0000000000000009
1.0000000000000009
1.0000000000000009
1.0000000000000009
1.0000000000000009
1.0000000000000009
1.0000000000000009
1.0000000000000009
1.0000000000000009
1.0000000000000009
1.0000000000000009
1.0000000000000009
1.0000000000000009
1.0000000000000009
1.0000000000000009
1.0000000000000009
1.0000000000000009
1.0000000000000009
1.0000000000000009
1.0000000000000007
1.0000000000000007
1.0000000000000007
1.0000000000000007
1.0000000000000007
1.0000000000000007
1.0000000000000007
1.0000000000000007
1.0000000000000007
1.0000000000000007
1.0000000000000007
1.0000000000000007
1.0000000000000007
1.0000000000000007
1.0000000000000007
1.0000000000000007
1.0000000000000007
1.0000000000000007
1.0000000000000007
1.0000000000000007
1.0000000000000007
1.0000000000000007
1.0000000000000007
1.0000000000000007
1.0000000000000007
1.0000000000000007
1.0000000000000007
1.0000000000000007
1.0000000000000007
1.0000000000000007
1.0000000000000007
1.0000000000000007
1.0000000000000007
1.0000000000000004
1.0000000000000004
1.0000000000000004
1.0000000000000004
1.0000000000000004
1.0000000000000004
1.0000000000000004
1.0000000000000004
1.0000000000000004
1.0000000000000004
1.0000000000000004
1.0000000000000004
1.0000000000000004
1.0000000000000004
1.0000000000000004
1.0000000000000004
1.0000000000000004
1.0000000000000004
1.0000000000000004
1.0000000000000004
1.0000000000000004
1.0000000000000004
1.0000000000000004
1.0000000000000004
1.0000000000000004
1.0000000000000004
1.0000000000000004
1.0000000000000004
1.0000000000000004
1.0000000000000004
1.0000000000000004
1.0000000000000004
1.0000000000000004
1.0000000000000004
1.0000000000000004
1.0000000000000004
1.0000000000000004
1.0000000000000004
1.0000000000000004
1.0000000000000004
1.0000000000000002
1.0000000000000002
1.0000000000000002
1.0000000000000002
1.0000000000000002
1.0000000000000002
1.0000000000000002
1.0000000000000002
1.0000000000000002
1.0000000000000002
1.0000000000000002
1.0000000000000002
1.0000000000000002
1.0000000000000002
1.0000000000000002
1.0000000000000002
1.0000000000000002
1.0000000000000002
1.0000000000000002
1.0000000000000002
1.0000000000000002
1.0000000000000002
1.0000000000000002
1.0000000000000002
1.0000000000000002
1.0000000000000002
1.0000000000000002
1.0000000000000002
1.0000000000000002
1.0000000000000002
1.0000000000000002
1.0000000000000002
1.0000000000000002
1.0000000000000002
1.0000000000000002
1.0000000000000002
1.0
1.0
1.0
1.0
1.0
1.0
1.0
1.0
1.0
1.0
1.0
1.0
1.0
1.0
1.0
1.0
1.0
1.0
1.0
1.0
1.0
1.0
1.0
1.0
1.0
1.0
1.0
1.0
1.0
1.0
1.0
1.0
1.0
1.0
1.0
1.0
1.0
1.0
1.0
1.0
1.0
1.0
1.0
1.0
1.0
1.0
1.0
1.0
1.0
1.0
1.0
1.0
1.0
1.0
1.0
1.0
1.0
1.0
1.0
1.0
1.0
0.9999999999999999
0.9999999999999999
0.9999999999999999
0.9999999999999999
0.9999999999999999
0.9999999999999999
0.9999999999999999
0.9999999999999999
0.9999999999999999
0.9999999999999999
0.9999999999999999
0.9999999999999999
0.9999999999999999
0.9999999999999999
0.9999999999999999
0.9999999999999999
0.9999999999999999
0.9999999999999999
0.9999999999999999
0.9999999999999999
0.9999999999999999
0.9999999999999999
0.9999999999999999
0.9999999999999999
0.9999999999999999
0.9999999999999999
0.9999999999999999
0.9999999999999999
0.9999999999999999
0.9999999999999999
0.9999999999999999
0.9999999999999999
0.9999999999999999
0.9999999999999997
0.9999999999999997
0.9999999999999997
0.9999999999999997
0.9999999999999997
0.9999999999999997
0.9999999999999997
0.9999999999999997
0.9999999999999997
0.9999999999999997
0.9999999999999997
0.9999999999999997
0.9999999999999997
0.9999999999999997
0.9999999999999997
0.9999999999999997
0.9999999999999997
0.9999999999999997
0.9999999999999997
0.9999999999999997
0.9999999999999997
0.9999999999999997
0.9999999999999997
0.9999999999999997
0.9999999999999997
0.9999999999999997
0.9999999999999997
0.9999999999999997
0.9999999999999996
0.9999999999999996
0.9999999999999996
0.9999999999999996
0.9999999999999996
0.9999999999999996
0.9999999999999996
0.9999999999999996
0.9999999999999996
0.9999999999999996
0.9999999999999996
0.9999999999999994
0.9999999999999994
0.9999999999999994
0.9999999999999994
0.9999999999999994
0.9999999999999994
0.9999999999999994
0.9999999999999994
0.9999999999999994
0.9999999999999994
0.9999999999999994
0.9999999999999994
0.9999999999999994
0.9999999999999994
0.9999999999999994
0.9999999999999994
0.9999999999999994
0.9999999999999994
0.9999999999999994
0.9999999999999994
0.9999999999999994
0.9999999999999994
0.9999999999999994
0.9999999999999994
0.9999999999999994
0.9999999999999994
0.9999999999999993
0.9999999999999993
0.9999999999999993
0.9999999999999993
0.9999999999999993
0.9999999999999993
0.9999999999999993
0.9999999999999993
0.9999999999999993
0.9999999999999993
0.9999999999999993
0.9999999999999993
0.9999999999999993
0.9999999999999993
0.9999999999999993
0.9999999999999993
0.9999999999999993
0.9999999999999993
0.9999999999999993
0.9999999999999993
0.9999999999999993
0.9999999999999993
0.9999999999999992
0.9999999999999992
0.9999999999999992
0.9999999999999992
0.9999999999999992
0.9999999999999992
0.9999999999999992
0.9999999999999992
0.9999999999999992
0.9999999999999992
0.9999999999999992
0.9999999999999992
0.9999999999999992
0.9999999999999992
0.9999999999999992
0.9999999999999992
0.9999999999999992
0.9999999999999992
0.9999999999999992
0.9999999999999991
0.9999999999999991
0.9999999999999991
0.9999999999999991
0.9999999999999991
0.9999999999999991
0.9999999999999991
0.9999999999999991
0.999999999999999
0.999999999999999
0.999999999999999
0.999999999999999
0.999999999999999
0.999999999999999
0.999999999999999
0.999999999999999
0.999999999999999
0.999999999999999
0.999999999999999
0.9999999999999988
0.9999999999999988
0.9999999999999988
0.9999999999999988
0.9999999999999988
0.9999999999999987
0.9999999999999987
0.9999999999999987
0.9999999999999987
0.9999999999999987
0.9999999999999987
0.9999999999999987
0.9999999999999986
0.9999999999999986
0.9999999999999986
0.9999999999999984
0.9999999999999984
0.9999999999999984
0.9999999999999984
0.9999999999999984
0.9999999999999984
0.9999999999999984
0.9999999999999984
0.9999999999999983
0.9999999999999983
0.9999999999999983
0.9999999999999983
0.9999999999999982
0.9999999999999982
0.999999999999998
0.9999999999999979
0.9999999999999979
0.9999999999999979
0.9999999999999977
0.9999999999999977
0.9999999999999976
0.9999999999999974
0.9999999999999973
0.9999999999999969
0.9999999999999964
0.9999999999999953
0.9999999999999873
0.9996974655291013
0.9993987268655905
0.9990219524387774
0.9989662623690253
0.998361098971495
0.9983375284915353
0.9978062288251972
0.9975735511969372
0.9971452115706453
0.9969985102367129
0.996764830996966
0.9963627131081146
0.9958630009808062
0.9957467709075876
0.9949141330389797
0.9936071464625529
0.9913444118499831
0.9912140311957743
0.9907264965808501
0.9903387696619007
0.9882425939786793
0.9851301203486591
0.9830647071664148
0.9828492260424848
0.9795311353970496
0.9778393867773401
0.9755312150140244
0.9741388298105463
0.9739446610396345
0.9720395926791634
0.9717727355480408
0.9706437109728683
0.967904730843254
0.9666091312671682
0.9646923335586465
0.961048937440167
0.9610030078085353
0.9593358144469946
0.958052106158882
0.9577251535288089
0.9557416180792998
0.9538501225300189
0.9522767905618326
0.9501596303528557
0.9493984892334336
0.9491999190935594
0.9490571590589234
0.9451692474371812
0.9438364154915126
0.9427101965216339
0.9401546353320864
0.9370495388377841
0.9364263849242698
0.9331624669886167
0.9325774831286257
0.9276719519988497
0.9273322249117331
0.9273322249117306
0.9231252700639008
0.9194401056291026
0.9123538159665084
0.9076240515749272
0.9033050626845601
0.9008827514001252
0.9005873632087531
0.8943745411651779
0.891540628056748
0.8904105697216976
0.886167374888563
0.8848411983869175
0.8811927605899385
0.8771465725860521
0.8740320488976466
0.8711819760579459
0.868590959308879
0.8669518941985582
0.8630962029963993
0.858764458883247
0.852366492056359
0.846214252205624
0.8402771423076895
0.8346361466571376
0.8244842078615587
0.8225925055195867
0.8137975579032584
0.8130015896271687
0.8048128316578291
0.7925073659280462
0.7883695566342066
0.7793008072123023
0.7791421244023466
0.7736743501882847
0.768252920279603
0.7653668647301802
0.7616754133585566
0.7588457897604385
0.7540499940511238
0.7488381008221067
0.7373434294328515
0.7340127392778154
0.7213258385864495
0.7100990603931924
0.7052081668096258
0.7007018325102232
0.6999972806845224
0.6958068097051378
0.695279716447359
0.6895594801806366
0.6859496060587766
0.6854631385416625
0.6795780703503455
0.67765276008655
0.6714371279481697
0.6619335428020033
0.6557599443128371
0.650172990744771
0.6428047365273137
0.632303413946597
0.6263271857054445
0.6255306095327824
0.6180339887498966
0.6180339887498933
0.6178669397407481
0.6152125856341826
0.615015144696256
0.6089541105933506
0.5949644159332318
0.5870843553632201
0.575586529801043
0.5734001365152684
0.5666376409618544
0.560724161485916
0.5468021286038901
0.5421549706436412
0.5401995041155142
0.5365866735580593
0.5360211458842333
0.5246470620158122
0.515725668921589
0.5154202474957781
0.5087281842009415
0.5059296071458906
0.4998741754510711
0.48024050247361505
0.47071108817326446
0.46222367070591747
0.45809605493269234
0.455035198383944
0.4473278332280105
0.42797806420510454
0.42334287085405775
0.40395732077983204
0.4022402224968306
0.39851256118707135
0.3831829895518222
0.3517337840528571
0.3299351227028148
0.31969845723313983
0.30890290392955405
0.29470240457826424
0.28275622584825855
0.22878176084871457
0.1859034023637402
0.15763219401820197
0.13692827037731045
0.1359765584394544
0.08867232951808067
2.0795308285411415e-14
1.0971293286789786e-14
1.0486896065819298e-14
1.0284699032812208e-14
9.626016025812594e-15
8.538395614290961e-15
8.441439970625443e-15
8.24855580088785e-15
7.80358606506278e-15
7.591650554436549e-15
7.424892977507424e-15
7.149026552342784e-15
7.022443693616813e-15
6.75946843951084e-15
6.7417371216554935e-15
6.4236654569794024e-15
6.045326756549196e-15
5.822367448512891e-15
5.598373199843992e-15
5.376545186516744e-15
5.291092837405021e-15
4.912826016899398e-15
4.727486790296863e-15
4.614678264111248e-15
4.396241151347437e-15
4.274415641850587e-15
4.0399477701266825e-15
3.9935862192619206e-15
3.754776302587376e-15
3.545446636745571e-15
3.4577185164429398e-15
3.394984147098214e-15
3.1526028241698015e-15
3.0888574648957575e-15
3.018756705563889e-15
2.9185981910602335e-15
2.7084401529931093e-15
2.6677958197937567e-15
2.625142719128214e-15
2.5248236735017473e-15
2.4496079021525553e-15
2.394560282945471e-15
2.3020978733256104e-15
2.2522942102383715e-15
2.224607923921554e-15
2.1325891957921772e-15
2.1108112024445007e-15
2.0738554148523972e-15
1.9743913976934672e-15
1.8885310819573983e-15
1.8553359606126454e-15
1.8276549185485957e-15
1.737326379189837e-15
1.7141663859436209e-15
1.702963018641028e-15
1.663975344998112e-15
1.5955363800191576e-15
1.558339221976826e-15
1.5345179950243666e-15
1.4852771213887806e-15
1.4580032368906314e-15
1.420327859134744e-15
1.386955045986893e-15
1.3761986465981898e-15
1.3353533364393654e-15
1.325067999722972e-15
1.3101323967011997e-15
1.3047600667599932e-15
1.2653352421814152e-15
1.2401860859149174e-15
1.217362785478384e-15
1.1878443399723696e-15
1.166457098755317e-15
1.1460384751984246e-15
1.1152809540927905e-15
1.112466614622353e-15
1.1062925757793756e-15
1.084914661864828e-15
1.0805855865836987e-15
1.0501226716884628e-15
1.0483040722709013e-15
1.0315823209604096e-15
1.0298180601743637e-15
1.0130176265498147e-15
9.995621736986613e-16
9.847788230698587e-16
9.776597159629689e-16
9.719453632939114e-16
9.590809961022229e-16
9.536901372985499e-16
9.50353575637932e-16
9.401868055642132e-16
9.361477245964614e-16
9.259458108905103e-16
9.237084858626542e-16
9.192580183998371e-16
9.186433939961428e-16
9.090435332349052e-16
9.036965153608255e-16
8.983159456963787e-16
8.909922380971814e-16
8.879728555904245e-16
8.859503367707092e-16
8.853040149774141e-16
8.791800862711855e-16
8.684152580151713e-16
8.65341150598402e-16
8.589909869192798e-16
8.584503685295553e-16
8.548362615594334e-16
8.546247687962837e-16
8.522949500830304e-16
8.432403293278727e-16
8.373655430687264e-16
8.364055846172331e-16
8.360983479302282e-16
8.3024508016084e-16
8.183568457813187e-16
8.179298649405952e-16
8.175602281012791e-16
8.10655475849975e-16
8.014081743905746e-16
8.008094101283225e-16
7.983466964375673e-16
7.909402895876204e-16
7.849654463233001e-16
7.827917849316268e-16
7.755346859110977e-16
7.685313764110653e-16
7.628191072817701e-16
7.549475731048565e-16
7.530588621706547e-16
7.524434932468474e-16
7.448188415220932e-16
7.361222207661059e-16
7.33491538815726e-16
7.303012613040967e-16
7.278269781604944e-16
7.223289981504021e-16
7.156925178062664e-16
7.129039666243884e-16
7.056479439356225e-16
6.9881032168496e-16
6.971502987505993e-16
6.93268528892227e-16
6.911579128903874e-16
6.782038973762082e-16
6.764798158553963e-16
6.714484241430729e-16
6.667627970531921e-16
6.596347802173346e-16
6.515167381573779e-16
6.432270523555494e-16
6.411948170390456e-16
6.296690709905118e-16
6.254710672700057e-16
6.242742530473177e-16
6.167938691961084e-16
6.102562804193068e-16
6.008772938161807e-16
5.990658087306667e-16
5.856220158900257e-16
5.801990132091268e-16
5.775973701717837e-16
5.692684034780888e-16
5.616177199970258e-16
5.52305853039682e-16
5.499951936244864e-16
5.43471271173882e-16
5.363209499657862e-16
5.351234238237566e-16
5.236843103004145e-16
5.200092080649498e-16
5.147114531182374e-16
5.054372587285132e-16
5.026979039672881e-16
4.99184857262629e-16
4.887019019849098e-16
4.818623493227158e-16
4.696758129894268e-16
4.64629501469644e-16
4.533656562505712e-16
4.489925841806877e-16
4.383958096181608e-16
4.342639763380626e-16
4.322789567694331e-16
4.261371458894373e-16
4.155587967047823e-16
4.1196677396937335e-16
4.0476387029966783e-16
4.004445864408711e-16
3.969338725627777e-16
3.9406617885003753e-16
3.893816834132325e-16
3.815314891460417e-16
3.7428238221982235e-16
3.6488467124744037e-16
3.583170408897705e-16
3.53572480420014e-16
3.490669757178369e-16
3.4358699536957145e-16
3.370245011466125e-16
3.266273835115946e-16
3.174382948503349e-16
3.123728012156558e-16
3.084276190063297e-16
3.060256365679133e-16
3.018830690268734e-16
2.9163908429336454e-16
2.894580998172109e-16
2.8520823174887596e-16
2.833647509995774e-16
2.7354527310459384e-16
2.715684972993882e-16
2.60498017256535e-16
2.57521195478108e-16
2.4617178189976514e-16
2.4507358138122815e-16
2.3936796531129847e-16
2.3064912773914005e-16
2.251378006378142e-16
2.1638100629995446e-16
2.0940519035770482e-16
2.0440912077268099e-16
1.9417499397667218e-16
1.8964610787432586e-16
1.8756759610474677e-16
1.804613458577334e-16
1.6957193182794867e-16
1.667381842880491e-16
1.602057130626343e-16
1.5346276135512634e-16
1.491118321799465e-16
1.449291216393974e-16
1.375974397786099e-16
1.320303432340026e-16
1.2863032696361651e-16
1.2265469923699877e-16
1.1324397719940486e-16
1.0642969043117079e-16
9.927717135477337e-17
9.677372670786935e-17
9.329035244333915e-17
8.97308230063197e-17
8.180829766700533e-17
7.985529779091471e-17
7.033246964267923e-17
6.728669221553153e-17
5.706940960154327e-17
5.2928869529761664e-17
4.5318755465163214e-17
4.120436950915703e-17
3.62341044317471e-17
2.1234933912132715e-17
2.1079984532739457e-17
7.774562009698757e-18
