156.92603452850392
140.2436655461114
133.6671493806101
125.7336754898398
121.44613726510283
116.44117621819213
110.41389693856812
106.77829842168646
100.19430959951139
99.8867083885199
97.77486330865766
87.44639189942932
85.96324013221101
83.27990993417515
78.95596648748872
78.34832187960372
77.2308850140369
76.22579908684669
75.97783941796139
75.39037427162722
73.79092948132569
73.50164279550704
73.05880340214937
70.27364681917963
68.6596800861674
67.16823329671311
66.49542593123567
64.93049321299775
63.96749940106839
63.16340669226351
62.63916116771115
61.196174680222505
60.68424955650685
59.502158005259254
59.27171345500901
59.18988388325697
58.901830963881046
57.60357502894377
56.70017167831335
56.49984142487929
56.05505161162324
55.46263094976846
55.37594486730377
55.189029757172335
54.30685977235784
54.15291946827142
53.98832132127055
53.58328081474812
53.15408219298342
52.747088510168794
52.31842623844071
51.745034800320795
51.34081682240836
51.20046241512938
50.53859979389461
49.951276079658555
48.86661447069828
48.14876996284115
47.951216003840166
47.476859294453945
47.079301980141665
46.965110806390776
46.81223046602284
46.53867016579549
46.446952688172225
45.783095060332826
45.604801358015706
45.286504996532344
45.20361320782366
44.97850978076569
44.781055995004344
44.729935855515265
44.40990278380192
44.032095126638076
43.87476135676899
43.438823183925415
42.98315956601015
42.726052293973126
42.643386736486164
42.371409474412246
42.27520771692366
42.23318310713385
41.856160718714705
41.659003684033635
41.55800962319689
41.4785650877553
41.40019874329865
41.2287662487973
41.17015873392995
41.05565236042753
40.95154370379325
40.62070809660871
40.53724534150464
40.01327266146013
39.831785644682235
39.559400482953556
39.357647031219926
39.324398860805985
39.308378425409614
39.15853933987495
38.89691452004167
38.449321586405226
38.26909133656893
38.175136803609895
37.92423715676021
37.87804726870503
37.74555417257845
37.29877128842297
37.14217645652678
36.89736042159605
36.67187706439601
36.509723528840475
36.3496959196403
36.2278417507979
36.033359153319296
35.98396828061367
35.67581847688773
35.472680047932855
35.346217821977
35.185550311611486
35.06372297928555
34.976385912176255
34.81386677096218
34.68484854444443
34.660553121977316
34.63667369056367
34.52327725704179
34.479676338134816
34.37793693223498
34.24073597643091
33.98829731650692
33.8844315045481
33.69509552138204
33.59150579080117
33.54815964742572
33.436362721087804
33.2430599048481
33.00157416786508
32.978094484168295
32.83070160354226
32.70309812045835
32.50618906230175
32.345223679117076
32.22422352831332
32.07735905207914
32.001726874645875
31.92441985933623
31.853872288487317
31.504116806309003
31.395012679019782
31.231260538342724
31.197544887105632
31.064839805601206
30.999586552117254
30.85876113120902
30.828217572026666
30.57274742802842
30.462321169271732
30.336130438845903
30.21571799891636
29.9141178245244
29.69995643959268
29.64439145930639
29.595461166789825
29.49314520201295
29.075267271140646
28.959853411979534
28.659525868111203
28.568120869300248
28.481723420480616
28.43341724234676
28.16688037205718
28.10710716460761
28.09455225947135
27.987281296044983
27.855276770083957
27.844328811629698
27.781544258479972
27.727809782486727
27.693705873305483
27.416884052851167
27.38129803222406
27.338764849883344
27.121459005996122
27.01771135696951
26.833822887604885
26.772126754810316
26.474810965253358
26.31856915205622
26.21066150792675
26.195090631604522
26.058950224664958
25.978227691902305
25.962127703410044
25.789803422356428
25.749648721908972
25.736597284704796
25.71547056769871
25.588759206664765
25.52316440666165
25.43939580119804
25.375850776206804
25.218246337131582
25.03507557422703
24.949403573783766
24.93409350749321
24.881045099908288
24.87615447718575
24.844747242660794
24.716373576589486
24.700415633284724
24.661483020015282
24.617156410033452
24.49602384853779
24.46463995826885
24.395627930622094
24.370906672226386
24.265619684197112
24.15085038563313
24.12927218834874
24.01503950942382
23.974978217773362
23.882834826153083
23.714378968546576
23.659475535117984
23.597843578043733
23.566241778358545
23.53509648228126
23.461271751427518
23.420632725441795
23.35099364496969
23.313641945848506
23.308321194913283
23.259566788903015
23.135745306053863
23.05791202084443
23.002214890906583
22.84390979112791
22.812732868165345
22.796537905021623
22.789209802997817
22.69657294411688
22.62170818179864
22.597805190854817
22.49510847010906
22.44724412182362
22.421063404795266
22.31590909942785
22.292804991975984
22.168200409055604
22.14786736374304
22.13770129069252
22.11678743220164
22.084116983835482
21.99642643790602
21.961087793970034
21.827519031390594
21.823483831444854
21.816049796365995
21.725693153107322
21.680584544405143
21.668829255896263
21.64819460292704
21.60967292893008
21.516527146456067
21.5075404361683
21.45195916919452
21.362931433002988
21.357438449805034
21.312083352607907
21.260619787361183
21.164633578415913
21.102538922995215
21.073701616258585
21.052840326954477
21.000801112126084
20.98437551530112
20.88851722099397
20.834646584587812
20.77402777271369
20.759376034182853
20.714962433861828
20.66058508955001
20.621770422744508
20.62081603811205
20.589122119305458
20.5798216306188
20.569586550437823
20.568329994685627
20.45952655881988
20.451090031460105
20.42631677105613
20.198932342498917
20.114744970810587
20.096329405602148
20.060819183531734
20.003567983972257
19.988518911340538
19.970236626894994
19.91986234009672
19.850006639463068
19.842727980526483
19.80691448195176
19.75429134807592
19.74762479401913
19.74303039858891
19.69354012906251
19.677366317410737
19.651994657688473
19.623610438572225
19.602711652151356
19.584393726104423
19.53858422253531
19.536533882134
19.49942393524548
19.485004253856708
19.462685197599335
19.401186844228164
19.391266299126322
19.31751870363191
19.307072261825827
19.277520463233866
19.21145972059714
19.15546261034499
19.142319887662303
19.123418414435807
19.11218968242811
19.073207546488295
19.029540964890238
19.01888453845447
18.992454369501154
18.96021711651615
18.892728547351908
18.766748378244863
18.76107801921331
18.728413132818215
18.668909985209677
18.609623716784423
18.56504831538692
18.529298799422737
18.492764024146172
18.461459773662337
18.422647767630405
18.381259600206025
18.347655375204166
18.332728566751797
18.288367674676973
18.256305178522314
18.22153767719354
18.115955109566457
18.03003024733197
18.014074115836184
17.973809014282452
17.77821263383235
17.764356779152177
17.748267541532645
17.72696858999637
17.716308928162135
17.71299118933616
17.65588654367911
17.59172491028349
17.51222278462735
17.458708870503674
17.440567595342735
17.4237080866859
17.416278325237133
17.40424234834661
17.388095866111147
17.34196292301743
17.29972965541282
17.29597804273301
17.2746354873575
17.244272347926923
17.218212956309117
17.08549600106516
17.074544510149916
16.982930828379633
16.97605654954823
16.957536187139105
16.932727369808916
16.88113149142038
16.878050655320482
16.85580064166424
16.819042692706873
16.815722659257265
16.79951999485067
16.784548169202136
16.73840698919632
16.714701896940525
16.647334889456587
16.643062072555384
16.58781808003176
16.514678318723803
16.509412189324827
16.47298387782152
16.466495431538444
16.442410472200148
16.428891756497286
16.414369731473702
16.40365423819032
16.39601979543127
16.352391922970906
16.34468457606557
16.318706902081008
16.301824259407624
16.295198363930698
16.262524266004082
16.24372496605178
16.216572569957304
16.19899014547444
16.18741175134761
16.161560910307706
16.14826448343799
16.086878405502375
16.04844947811964
15.991763543417104
15.982571625892582
15.95678944358937
15.903195093568927
15.896341126915184
15.867950846953917
15.83224882061605
15.815084090706465
15.794477334138184
15.78994881477099
15.771281847187456
15.69775864132137
15.571214053194735
15.564737324070032
15.554641846908092
15.533305793673815
15.519434364561045
15.447916873097647
15.43530305763752
15.427535067984481
15.384738174185108
15.36044345848705
15.337055090486254
15.325981793349419
15.275619948353834
15.242925011664935
15.223684582678304
15.21874192647844
15.20641493936587
15.16844718519929
15.159565665841654
15.145991197710178
15.117380496872002
15.073454935966872
15.049643691205082
15.039626581190838
15.033428627263357
15.024724929713974
14.983299096285908
14.92099246144483
14.909302038558648
14.905902563730896
14.895938985990421
14.884718123227264
14.859626671752187
14.783975130636518
14.772487775225494
14.760947326780922
14.759203692047233
14.750406198805553
14.643266647160194
14.642682173262843
14.622704686600624
14.603819174929702
14.539597822109036
14.53718403111941
14.505036543454098
14.464618818820218
14.457336573770807
14.438123760781142
14.42517730243692
14.412864649991167
14.372500096758234
14.353161353388234
14.332622167084638
14.321379834950285
14.308265294845937
14.291394098166261
14.264664364501895
14.250781989801421
14.203884623422123
14.184688131219797
14.182914429905837
14.178487295608141
14.143613260240356
14.13396355796093
14.116366783966738
14.108233212891422
14.083885340336952
14.03926496718193
14.011679749956079
13.987462358529765
13.98060751051189
13.961751245908768
13.948266469798778
13.926973040821673
13.921730208464805
13.91882408512911
13.890415522873408
13.881503724868981
13.876736483763455
13.840347452925691
13.837301505284985
13.827037848105372
13.822292258889604
13.770004755946038
13.769193287241459
13.685416442118873
13.68067059668781
13.654179665905682
13.645078359034146
13.62847041726385
13.605207034474574
13.598305602576731
13.594847410679755
13.590969753203998
13.568178732993115
13.565149169269835
13.560582613643145
13.558000563182857
13.510985365883403
13.499182835897042
13.48480137207968
13.456223717710452
13.454620003719686
13.402538729657442
13.386786246020728
13.381934332774465
13.372590211830232
13.365311991979308
13.345114622815395
13.30914143831655
13.289991527618014
13.276123692241251
13.261988269938515
13.238082846205655
13.227418648368783
13.20815306710295
13.1987921559652
13.195879587310065
13.179852611891063
13.176440140236835
13.159713512123819
13.146390458505445
13.126416899965385
13.121623867330003
13.115539559193248
13.099022091351573
13.090275801696823
13.085283567522286
13.076941629706376
13.061680463451832
13.021412095835418
13.017891751661958
12.977508655851498
12.972099282798691
12.968704334962856
12.936564995539529
12.929839921762794
12.916375303950183
12.906870750311736
12.905054250350915
12.895397922967595
12.893667397691248
12.888608327359277
12.868668802550818
12.86153989390597
12.836678913531175
12.826865723566414
12.816196145069126
12.80534242844965
12.794775537434884
12.718390164857192
12.656322872632233
12.639726002697335
12.634429794503797
12.62116151956576
12.618501637051498
12.590320143881351
12.57901274331596
12.568612630662322
12.553510198311875
12.538901307903801
12.525738818183427
12.517045448238761
12.50969934318936
12.48361783230835
12.470010968012362
12.450944515181861
12.440949275197276
12.426320883693228
12.41696983097764
12.3945431952801
12.378577717760887
12.348892290655666
12.342207090689094
12.325402472577435
12.312468374506956
12.304965704257713
12.299624837893699
12.295902880869807
12.282334494931082
12.256637580395786
12.250944170478576
12.225727698932195
12.207501821014384
12.200487778577582
12.19676424002217
12.172256018335151
12.150229709780314
12.147734135233637
12.143966127526424
12.127863565173255
12.114542850593423
12.111356176365478
12.088546654279659
12.054638900611607
12.041448014301636
12.003405623201369
11.993216020051662
11.991580259667415
11.989874302774364
11.975908657147027
11.972667858322088
11.947722695379646
11.932117107293433
11.910560747837783
11.896102467928458
11.890314192172898
11.882629091896753
11.875052930121058
11.8704691183929
11.854698969578926
11.85086058303055
11.824154095076658
11.779320783351412
11.767468081806953
11.763152138088998
11.753625750432827
11.747432357110107
11.738762579469038
11.731137453142525
11.72723492332564
11.708096978754037
11.69456283400613
11.663384352553985
11.66177974012343
11.660346301030295
11.634624569574273
11.616427587469374
11.601270734102226
11.579521565646512
11.563763820405212
11.553458748156707
11.51870148911202
11.512803761263008
11.501445265809316
11.490487332583672
11.4655913767426
11.457819387304824
11.45155021608767
11.41782831497082
11.401678701139387
11.385094699489736
11.371287241285893
11.36098383030063
11.34471307336203
11.341128746297557
11.333210069504
11.320235989248525
11.280794548551594
11.263204268980978
11.24906577100448
11.239657174198921
11.237827352427942
11.23230237283939
11.230379687202973
11.203322783032046
11.193729848626985
11.178581575074285
11.169746324307958
11.160032634980944
11.125325449499185
11.10622802058479
11.090492377851067
11.086470324657462
11.075420315892234
11.064464232111016
11.055630386453496
11.050751791881885
11.04480288802271
11.044256873511403
11.040196410053507
11.03675213563939
11.01270252538255
11.006568483592721
10.985045265438426
10.953294759673298
10.95195971004985
10.950761287968316
10.941052360851758
10.936421405885705
10.921983223341234
10.897576281172663
10.89130649199879
10.883047659365229
10.875789539812674
10.861582549543707
10.859773849332315
10.845397124559602
10.82488401489821
10.818433609304426
10.816353790139539
10.808623231443375
10.782865428198958
10.773322103019549
10.768561810302069
10.753005133036353
10.752092978709404
10.744978247122345
10.74114116240114
10.737683284495546
10.733999454599827
10.71302718859506
10.706421216610446
10.702133275423064
10.673733727589031
10.663555924455608
10.647397867908918
10.629321415006704
10.622235291443985
10.614048604050934
10.592834701217345
10.578947371722013
10.56740373331118
10.560459320467679
10.554712204086005
10.529020825911301
10.524155828935223
10.506899989400942
10.504492677273083
10.496161303817063
10.473169782012341
10.469807001868352
10.468306029367831
10.45974700136596
10.447686606488503
10.437448489013192
10.431788210743626
10.390098854321831
10.387320696540277
10.385224415447556
10.38099393072352
10.371553994967373
10.366459533935913
10.338316172031222
10.335786952313034
10.330577801491115
10.326055442438433
10.324988571595977
10.316719629530887
10.313257571333416
10.30721010895997
10.297582924642759
10.289720810469161
10.287834063845306
10.284237040974007
10.273014441728247
10.266479089198928
10.263429726624798
10.25839642323216
10.252689373546689
10.244806189056167
10.243251338098633
10.237945505659415
10.232194953858684
10.230264331105529
10.22753555307562
10.226387131246538
10.218842208882073
10.195855629267868
10.187414411268897
10.181414039882796
10.177897521628312
10.17275949460731
10.169264172765557
10.15648875632824
10.14416497129417
10.127767359478007
10.123330334728072
10.119051984639952
10.116931358875183
10.099172340731155
10.09259749536453
10.089651524035345
10.082721378821416
10.064570404884714
10.061730307880769
10.053325535699958
10.047103849531592
10.035047790822496
10.02844071565013
10.020898138096523
10.013482317672585
10.005819402432943
9.991017014617354
9.984567114461312
9.973747297671855
9.969409985020013
9.963324733156036
9.947562125435336
9.94508892558385
9.928592201675801
9.905338594879803
9.903203888343686
9.900679309500605
9.896664747277597
9.895264045842879
9.88617752612317
9.885035474158993
9.877619740058067
9.869857332218478
9.86939812770367
9.865878375638337
9.860323973356095
9.850873873815479
9.844652085694893
9.836853697224603
9.826056851077526
9.814602260515862
9.809088595232739
9.803328855520212
9.798921537721599
9.793089155527738
9.7865492615538
9.781909877891712
9.774171429242005
9.766057534819591
9.742370062567835
9.73443699030817
9.723230004088451
9.706330149301591
9.68721668791439
9.684704863601759
9.676452206547328
9.659835219242748
9.655562631695854
9.649673382744513
9.648529813741026
9.637223990699267
9.628831798271039
9.628780482604437
9.627295862724987
9.625573464894392
9.606392143042255
9.595810065871285
9.581382417822415
9.572233173605738
9.564154428451053
9.560750952648819
9.541080221619028
9.539973167412393
9.5386532913254
9.53030347271619
9.520582809648783
9.49873937766615
9.494588462556369
9.486151749743579
9.484457842797081
9.481674115595538
9.478670390423893
9.458412162096234
9.452431161127146
9.450815244981213
9.434968197152083
9.433306783037455
9.424380231010637
9.409986992328617
9.402624151097408
9.401089211052508
9.396327707691361
9.378325802017395
9.35832194662131
9.357754757894094
9.338870587842942
9.337449856597807
9.327394648137906
9.319074220252544
9.315569216435964
9.312023109069202
9.307800902899078
9.301755673554187
9.294219883937716
9.290474754310358
9.261057828325281
9.259974586369907
9.239059940711924
9.220604277592278
9.219642478354658
9.201839921764245
9.200642893153077
9.194350724368347
9.191643602937631
9.18770434138606
9.176379495738821
9.168512939288865
9.16571510763031
9.158454775413183
9.13530287457483
9.12713057899728
9.121739811189284
9.110430134216875
9.099857978454994
9.093011916366793
9.074976177683126
9.05092844634729
9.04916789620864
9.045065001811071
9.043716830667876
9.0407343829222
9.029769473893717
9.026482611988682
9.019187698731077
9.013566402946628
8.998659002209596
8.996968197937687
8.982148214593082
8.979644676633159
8.971369439299954
8.966253013186327
8.962299712404992
8.953638750133948
8.951545519198266
8.940741680357418
8.933238716868926
8.921651268644151
8.908750282551635
8.9031267065276
8.897807065333378
8.894430002122608
8.88643273592571
8.883438772986993
8.87487696490427
8.86365465424118
8.844797521062546
8.839947965151097
8.832478705693292
8.822709725254775
8.819871125494608
8.811039999656037
8.79105024097166
8.781699563218972
8.77200381821258
8.766530175346865
8.757456804390506
8.74704534960228
8.746410374219524
8.729563145240098
8.717251919094375
8.704450631485372
8.697151694254801
8.690721366630969
8.688954108274695
8.661975944317946
8.658865347646545
8.654032304209434
8.653338185117173
8.647888211317747
8.634872738033973
8.62302985023375
8.605393050184508
8.601087284980528
8.58800786878657
8.584595791847375
8.577536147942531
8.56890634906162
8.556464488154232
8.549140267429593
8.53828732375097
8.52449803608026
8.523021187792565
8.521055496871352
8.493383647094621
8.487560621245546
8.470623335438328
8.469320901204163
8.466968360288122
8.46468932312724
8.436711066122689
8.427552174901924
8.412167869623154
8.404570612780446
8.399661228871306
8.39715727552967
8.372811063480555
