35.711484827931116
30.900012910948572
30.331092512457346
28.205559638465072
26.1196036515419
25.99639781324988
25.906524740828154
25.447510934025406
25.32861206595682
25.195290776602896
24.979504065063537
24.781150967357714
24.652952660240093
24.641924518721822
24.19271216655787
24.088787527262774
24.033298114357223
23.896553471862745
23.816312741897118
23.638964605202908
22.96917838094736
22.93165124951671
22.75991286104323
22.753718711012688
22.401176137340087
22.197274634151952
22.140413405327557
22.096853877562804
22.05285849925081
21.829050426186583
21.77338311774858
21.770370077513984
21.745440482955118
21.736075081839832
21.679329425144797
21.64149494650651
21.582685007124603
21.255650761888052
21.193265302835616
21.18468309242196
21.139446025432253
20.929699181146848
20.90765998106492
20.836991547552305
20.764039632515082
20.688976049100482
20.668443255625874
20.658164864149015
20.63826836148653
20.567357872521356
20.531733208107447
20.44116466755795
20.36990126901699
20.235844661479614
20.180240850599837
20.118793673037995
20.104961318456823
20.050423302891865
19.990417119514195
19.985523315635415
19.887811341601086
19.819205750997202
19.752896877176802
19.746368799549483
19.70793966773739
19.651387885421144
19.595917942265412
19.594210995540475
19.566467759857982
19.535716091240538
19.493007743372186
19.472439283702908
19.46477025638449
19.404028807072407
19.344195449243827
19.3234146465128
19.307640864230287
19.29112301124823
19.2318997102626
19.211334820660998
19.198762942096298
19.175891664980156
19.143877765382474
19.07021965504185
19.017645046858913
18.996638706688334
18.95256222400882
18.93195004177364
18.90404455436426
18.897082132924098
18.85983640605657
18.837475178103546
18.822143856782606
18.814019761151194
18.773920452421898
18.77023365696093
18.74842276718215
18.728091773738562
18.71217513049033
18.7065647030333
18.685374378423617
18.65713327475795
18.602363920389735
18.570423320365915
18.544504145158083
18.51924588900877
18.5042440293149
18.486042915275746
18.470004162080738
18.43874126413972
18.41418620439607
18.409298922199152
18.405104972442132
18.378121064019908
18.35415363526684
18.340961997066355
18.326807168089914
18.317794153448023
18.29982681843105
18.27961991045856
18.252105250505526
18.24780563200528
18.233081219876496
18.21214427199207
18.200078734318133
18.177188490996098
18.13725644059205
18.117423443861878
18.10757595401624
18.10145135832961
18.091421956758197
18.06904686669628
18.063858904439282
18.0534824812875
18.028431256100795
18.00333174267138
17.99552781722243
17.983147369273503
17.980084069745555
17.965665535053542
17.95646650379755
17.937562398297285
17.923696034073604
17.919351845064746
17.90700570968121
17.888471813072137
17.885205530571376
17.868021372084762
17.854004350390053
17.835950847901984
17.828422947333525
17.809573004642747
17.76894397924211
17.75865501398813
17.740370989540594
17.71558692923648
17.70016951278626
17.682963673275616
17.674126156351537
17.655613950723303
17.637234559529265
17.627097008622417
17.61690419554808
17.60033752726676
17.574375238623123
17.557029933343223
17.546312252883006
17.54383000111206
17.53628569334906
17.512894070606084
17.50388683300946
17.480009228744727
17.477795279955696
17.476120759682814
17.459692038196
17.45108233670647
17.426042624342596
17.423215153602587
17.411454245399216
17.40795624273232
17.396106728111246
17.37785063298252
17.372838570630357
17.349026399290423
17.3383732683241
17.313354732449312
17.303401756457113
17.278710711360613
17.265887369912875
17.245361934083682
17.22298756954917
17.203341556896596
17.195747711507472
17.180046496205215
17.174693128672285
17.125939255958546
17.077345415754177
17.05201163695753
17.032825508267912
17.026959292664138
17.007321826982295
16.988906166211343
16.975966538875063
16.964020970793445
16.960517995915534
16.957785907962307
16.9460985931659
16.922395476249875
16.917340775371922
16.911881014101773
16.907854631320323
16.891586647161457
16.88608948341003
16.878828243566055
16.865301890744767
16.860876364763524
16.849556411421883
16.84270788940166
16.835557225685957
16.83101998418992
16.818675535765358
16.813464429011354
16.802366034918737
16.782954753398908
16.760733126448102
16.743685123265607
16.734429284597358
16.708308809061823
16.682217638941992
16.67120582284988
16.664031444166376
16.662378958569207
16.651847868695157
16.64341064860575
16.626942808236528
16.614665173146232
16.611217809552965
16.609238476303528
16.59903657796549
16.597404856380265
16.58336229975025
16.580021606893997
16.568656503977323
16.561442637943532
16.540326470073435
16.538782510891632
16.525333076343543
16.520450147446496
16.51029111154718
16.491338869577987
16.48418673323907
16.474262317958974
16.459020813237508
16.433442281286535
16.43030613789859
16.4230650216462
16.4139085447674
16.413658740719978
16.40376478954328
16.38560924677174
16.376668043624445
16.371397597146846
16.355832464695194
16.353375663613633
16.34720922540247
16.33398491779247
16.32105429698863
16.306233606978356
16.297370785650003
16.29183710483185
16.282728712738297
16.271532819924822
16.260248191762923
16.248511264737832
16.23653577763927
16.230364282881396
16.225930216306665
16.216818984917513
16.205903409580134
16.191403483931033
16.185000079837714
16.179536602169076
16.161842611677876
16.15653789458708
16.147925515772922
16.144311840105004
16.13548423126408
16.128288145006273
16.118669289992397
16.117205570962376
16.11408265518451
16.104026372784336
16.0827449148712
16.08176118580182
16.077044064182196
16.069343248769197
16.066410891344262
16.06047461550464
16.048912609876677
16.044094454315914
16.0332764386383
16.014700810535448
16.0084348822114
16.001705357719445
15.99238141472632
15.980521882255026
15.973758205309371
15.95634419452768
15.945669663490676
15.940828466573123
15.929528997424471
15.924468116450855
15.913429605656608
15.905840411559529
15.898346644336701
15.8826741653031
15.868795444285084
15.863220463638047
15.854063119564126
15.844734953682705
15.831593755154348
15.826370844079804
15.820620784310803
15.81107911416084
15.804415824598625
15.794736780561779
15.792708182943695
15.778686268567856
15.76802553272729
15.75256442924134
15.748993651490935
15.741702183526355
15.740860686625338
15.731825360690825
15.721788656790455
15.705370167810079
15.699976242608386
15.692793830997402
15.687950736472365
15.675006228267446
15.66802289869802
15.65927937477634
15.646757510564491
15.63858216377069
15.629667601705384
15.62084175808623
15.617349061542594
15.605289121757359
15.604452596075642
15.592691404644556
15.586645601103525
15.58379230008868
15.581615158164535
15.573062646370763
15.56976352884684
15.56085827878716
15.55387906686194
15.551858703397409
15.548286622408932
15.542608882910578
15.538656043723945
15.536887280834257
15.53196463620196
15.522913621414844
15.518151443193142
15.507373242556982
15.50252159197761
15.49299080925278
15.490840764220827
15.476755866325723
15.47494397201413
15.469663842752984
15.463523932396921
15.460868382483778
15.45407972015004
15.449289845368696
15.443797905888795
15.435875239846272
15.43161987199889
15.429431173972114
15.424790553047664
15.421673520575396
15.41565546432009
15.414580218201246
15.400428751763002
15.397513853774763
15.38951238287677
15.384163432427808
15.378022189572306
15.372880603725847
15.367054627167317
15.358690490072227
15.354690910904532
15.34952883618862
15.344747074035105
15.33603197150598
15.3351383615689
15.322665038926283
15.316136338727752
15.313394306171917
15.306524636378938
15.298880717276235
15.291568614163513
15.288672818858014
15.282942323145031
15.271176602761628
15.270001554041528
15.267195040063097
15.260674759361958
15.256175064459462
15.253919484116478
15.24239594876365
15.2381855388741
15.233285501612993
15.22778051317602
15.227257930610888
15.220527382113602
15.214370071290785
15.211772006311861
15.205106776230924
15.199068420646974
15.194250857535835
15.192149671214644
15.18432209507754
15.17471137034709
15.167175453161365
15.162234400074567
15.156151445695196
15.148197932452499
15.136859485472087
15.128936566550935
15.123511539677203
15.116987778909198
15.113790401009217
15.111067219850536
15.107477681683017
15.099359494332928
15.090470029541258
15.087145761776519
15.08128890539605
15.076928644863616
15.06888184160594
15.063586284099227
15.058973894496004
15.05483949130213
15.04853789469047
15.04182045381025
15.038803225113282
15.0350222425074
15.032630771072391
15.022891236345385
15.020102081606083
15.013170467884237
15.008484004862444
14.999830582420556
14.994415620462297
14.990011776855953
14.986257039204514
14.984617375790512
14.979938902899628
14.97150383065029
14.965876654893785
14.96376286864799
14.957568009713233
14.955264497929457
14.946185640289974
14.94289153290199
14.935724659810647
14.930505737269808
14.923524379185341
14.916605555577304
14.915343630454334
14.909747739311216
14.900516821185201
14.898066029857397
14.89676190048021
14.892193497654327
14.889599769692115
14.88205407328292
14.881265833335316
14.876312124607553
14.87515044249572
14.867470030136094
14.85835703507681
14.852245734681349
14.851698442526079
14.84699340830142
14.836485689081933
14.831259021257672
14.822073462057155
14.821009725295953
14.813823530306495
14.810032972214673
14.805081181341576
14.797288402313622
14.792472640408088
14.788315480226592
14.78149311094471
14.780112126157912
14.774794244229192
