20.872087519661086
19.10379594903583
17.434830275811702
16.910443591916888
15.354881244317706
15.27085247084527
15.158625625211295
15.138475255067876
15.119056127864201
15.017766071590833
14.862375039587866
14.5034833935211
14.432032283818485
14.209492413701625
14.195936351117648
14.186713285149956
13.860332313230556
13.712969193266026
13.6839549163719
13.634381035928213
13.625306560160851
13.566367789068641
13.492303949478671
13.450177427218762
13.435948385578277
13.42899870452666
13.38044275350387
13.310787969167798
13.305226903705826
13.25784456250627
13.196007021600598
13.116930058223074
13.089379173682472
13.066641250098455
12.99387615327766
12.95321824679468
12.840580922148153
12.816344993490327
12.809516150582237
12.783546287842455
12.666261401983306
12.657186604770773
12.644207253579859
12.618725294096116
12.580972669108288
12.533189635313258
12.515797901729778
12.471249339370456
12.449472443846654
12.37437455187149
12.361639359450882
12.266387425662865
12.209812313973863
12.205462276403583
12.123952733581747
12.097718891963787
12.018539367425007
11.982056821008227
11.949232176532083
11.939713052546178
11.913354397110707
11.90990709504353
11.860238416485181
11.839600045477122
11.835659020047364
11.80879481883046
11.798050599621527
11.780071076375703
11.75524729453713
11.740581787510445
11.71085734159407
11.691313694348116
11.682796599690446
11.670273925597543
11.628621853022814
11.627999560146868
11.615209665398936
11.580921819458775
11.564269337606493
11.535679180800614
11.501440555549035
11.491999554676706
11.476225966650269
11.457585900956634
11.428374269316732
11.416160486164857
11.396607826463205
11.368624440691761
11.340100478908365
11.321894845121397
11.31037185229388
11.279907066891361
11.263440146528024
11.244040968672412
11.226268327277706
11.212608825066004
11.211767363608185
11.199511121704228
11.18914562287676
11.177735373066852
11.157072468681145
11.143605742558046
11.13552872566005
11.125500466318957
11.110689154374622
11.093433758385057
11.076453326568346
11.07248087194749
11.06677621111215
11.046410130396264
11.039572843857151
11.025521692590141
11.017366151207304
11.006844132405059
11.005376310281708
10.996641010303396
10.96652205271185
10.958848400155997
10.947628386831632
10.909638600780411
10.902699007646657
10.890006448908634
10.884773197679243
10.88026961554191
10.874457380731354
10.867011702585954
10.855415133290292
10.842742741000936
10.835176576062484
10.812733687224556
10.807803327240677
10.801381240816104
10.782771161307782
10.770171374220746
10.7481833376663
10.735756092185728
10.721274353895616
10.704816531536144
10.700682830280241
10.697703519855754
10.692488589461524
10.68311320689108
10.679390450888436
10.671689688231156
10.66591921021504
10.660241894919398
10.654114480626335
10.648897754400505
10.641459680196114
10.612694550425102
10.610220940099003
10.597863063521233
10.588720741704789
10.582206351679254
10.578536744378441
10.5725817238818
10.550017508712685
10.54054316270557
10.532006827713815
10.505446649277015
10.498913290410737
10.492047330411866
10.47990671050268
10.470145116955894
10.463215749863938
10.45166013381961
10.437015825756404
10.434921522833749
10.4195655927592
10.413647992932859
10.410304178005834
10.407995445120918
10.40721352725095
10.404571625152656
10.380906889750202
10.375791343802396
10.365417057034145
10.349272225822011
10.33910767151642
10.33709606424818
10.329224089622327
10.321197339909435
10.311366132590203
10.305716319895465
10.30175503991853
10.279871929500818
10.272763141193163
10.266402998500105
10.254912940349577
10.244355773420166
10.243179708645311
10.234616731493585
10.221471463341091
10.220186250558418
10.217906023942009
10.206637098002638
10.205845992105441
10.20317853516749
10.197482198522847
10.185705669519345
10.175363778697973
10.17098389913517
10.158346514644617
10.155301143524879
10.144213710940054
10.136651111345202
10.122260386231178
10.113860226550619
10.10600952688977
10.102973838652984
10.097628832570683
10.089014787988868
10.081500459528964
10.075187480610516
10.069922878791154
10.061006163387976
10.056487068283303
10.053034099891613
10.050041645614328
10.04188820817072
10.034969171402924
10.0320711484309
10.022251994845083
10.015697812214833
10.00074193616015
9.985873764449922
9.972407095846501
9.969495261838077
9.958958806784805
9.956538182767307
9.950243696969407
9.949874371066207
9.9498743710662
9.942211054667709
9.929853177037517
9.915513014504933
9.909395820625516
9.90034302973939
9.888805699637164
9.876252381559775
9.866691742141311
9.863757167293045
9.854991679616312
9.851021376602052
9.840097407059261
9.834993722471538
9.823935519025694
9.819356662798182
9.815303359180016
9.806893057328773
9.804801560836838
9.798901399427601
9.795583979297824
9.786183142858365
9.783650587624617
9.775413339643826
9.763629299653298
9.760126858022433
9.745789370334615
9.744266311200805
9.741257420963704
9.735230949549548
9.728530060476055
9.72396621655896
9.720234200145704
9.716111008278547
9.707295744140364
9.701043169623635
9.694944521085858
9.692503048122822
9.683819960544174
9.675370072235957
9.66692476286238
9.664644303608382
9.655318027749997
9.64914401425801
9.643581158919051
9.64002609176016
9.62704746261019
9.616234180227217
9.609245066179222
9.606738130945907
9.60641740639918
9.598844805411328
9.598383656430514
9.595602111432678
9.58967886005118
9.587951971414432
9.582457972872668
9.574082888474422
9.571409238574159
9.561479331693794
9.559181603665316
9.55775905905925
9.552703587761096
9.546721923394518
9.539918822003846
9.534202278725488
9.53405484033294
9.52952868907733
9.519986805617123
9.518702775295292
9.517217879178657
9.512104929773553
9.509940068782578
9.506837176914944
9.503814223675144
9.497223575041414
9.495492903402383
9.491736577481538
9.4833148215982
9.476146346327443
9.47531701483974
9.470956519999257
9.468688900919657
9.464097573877353
9.462644040192329
9.455469697519543
9.45179939205164
9.447286336907698
9.443052604146658
9.437132463706403
9.433373387939499
9.426288241843949
9.422614391924814
9.41740535025943
9.4147447765917
9.411468615848428
9.408598582055093
9.403718037002728
9.40242076405227
9.394195952071229
9.392646254349533
9.38693432571974
9.385179728154696
9.382182441346773
9.380224172987766
9.375218690492527
9.369660313248625
9.364766592374389
9.361381692787141
9.35403197919286
9.351654646762176
9.348767226192239
9.346564705100494
9.34243383091292
9.336870237608265
9.333657422724276
9.332582517841859
9.32806791465148
9.325380351667468
9.3250029020807
9.32371484141651
9.319687278012404
9.316470041870003
9.314504035466124
9.305767478996021
9.304036992546198
9.296305851155402
9.295954187488103
9.2900653767727
9.28783725782001
9.284190962410385
9.278165458924185
9.276297095797451
9.2750009713792
9.267399136681405
9.265519898205271
9.263787349090325
9.262085493949684
9.259529111527735
9.255375538060749
9.251852696442173
9.241038079652393
9.237160190406085
9.236450875346385
9.230996433566846
9.224862945313049
9.222498128387473
9.219117148646239
9.21542047893287
9.20956087493447
9.208803981292247
9.207574206028994
9.198909027970169
9.195238207983541
9.191053066528175
9.186761478553386
9.185351159299588
9.180331408266929
9.176393908820009
9.173965996346155
9.169684306355531
9.168927317681788
9.159964340638968
9.159516785377942
9.15616714354063
9.152846428300725
9.148720266689958
9.143949044562719
9.141996018459528
9.138425248866515
9.137215872944507
9.132566338478362
9.128906991649206
9.127046314549844
9.125772563916183
9.120780326835133
9.114523803949151
9.113815450983282
9.112472071350428
9.103294354194972
9.100986786310424
9.096871608066712
9.093357750604264
9.087030616309786
9.083393667145858
9.081970136443429
9.076678035461528
9.075606574693735
9.073081264365904
9.069804902646226
9.067451473504667
9.064415688892389
9.059241764393139
9.05444670376409
9.05124076642079
9.049300163980549
9.046883054900665
9.044967343039662
9.036993356568644
9.034073469535382
9.032883841207314
9.03163052799178
9.028092290889521
9.024995895811843
9.020974059624207
9.01842505796817
9.01391977142681
9.009708478841215
9.00635371082303
9.004325937434512
8.99956466226796
8.995842702170123
8.99524175742619
8.992799702592132
8.987611147030949
8.984310001942012
8.982999134004686
8.978999317752947
8.97263582477203
8.971730887694823
8.970770690843324
8.968282361099535
8.9652316762209
8.964865833703024
8.963115918921226
8.959403082383961
8.957022455738993
8.956238317292783
8.95148208316518
8.949827728716828
8.944441852260084
8.940929873414571
8.939281833678553
8.936581664875746
8.935351983798123
8.932001900240543
8.929327162204597
8.925998184157686
8.924416684325886
8.92132650751788
8.918436020166805
8.913805340760858
8.910480436058265
8.90667599627367
8.90261985344199
8.900127421946555
8.897816405271428
8.893289362714894
8.890753206272754
8.889671162632748
8.888432558919863
8.88761824627289
8.885580437502274
8.877596155260711
8.87401807785236
8.873178806635675
8.869495791210252
8.867418009496312
8.864756040311244
8.86215591025903
8.859225436926675
8.857676938886994
8.856215812359425
8.854398625383999
8.849680229308843
8.847369618593376
8.847138766544722
8.846362205221952
