83.16084158053941
82.19952412221247
82.17084324569998
73.51011993783341
71.81558055434951
70.6371426256353
67.52942027091244
66.08332006580858
65.72541028533831
64.1656225104789
64.03042000903508
63.68905077561273
62.22025097350225
59.564110421297904
59.51124326901178
59.09333735332494
56.74833304960357
55.37597421137917
55.071509286762385
54.66214772867777
54.632143811658786
54.49814771680016
54.44123542289001
54.0126996664161
53.53226495124832
53.30843942362598
53.09741069254878
51.672944283967084
51.58602585944426
51.498979886499164
50.40633320835944
49.44129969109284
49.223528272357086
49.129401064812654
49.08211415995536
48.84489317739723
47.61424324540044
47.59301585829456
47.125243074031935
47.00230805726018
46.65746114187414
45.79215947233756
45.709706466778506
45.500808729382044
44.98933379335692
44.638289052665385
44.3794002435493
43.95729590126997
43.50891768921429
43.32450697656663
42.992004687823496
42.89094189204884
42.78716108446369
42.77814858095779
42.4352992841028
42.429948868275616
42.39385002792267
42.02178203034035
41.495862987049314
41.24466324723487
41.19419767758363
41.17998441684048
41.1394423985016
41.1287657575564
40.90646737788222
40.85298596523854
40.48777008331499
40.43704213201663
40.374087187724435
40.24083660769182
40.219110769334556
40.19863058411299
39.64820633315534
39.31294106088626
39.24003621576386
38.70931060476161
38.56751400494741
38.496015918802996
38.16169364500546
38.02513524292754
37.84203719754738
37.62498801571565
37.501578968985925
37.23311787471124
37.11450310637922
37.032838257062004
36.98154207746718
36.94203105114847
36.83772510867863
36.560565484585965
36.464153145987424
36.33622240858914
36.268419676561436
35.91853293375302
35.88020529729006
35.626929410472684
35.50902554857288
35.32932373010194
35.285372506032054
35.18995079166004
34.76509612557226
34.71635568099489
34.33147717553134
34.235135779896375
34.21458992007014
34.08466385737677
33.69030677595774
33.585574579049535
33.560589316461034
33.42165339930204
33.257817637839544
33.029712698603554
32.85014731780014
32.82816092419717
32.376484051647914
32.30213135214475
32.02489341463761
31.78668436305599
31.76363753309447
31.659087674567182
31.188052113458646
31.14825992946049
31.110812596296068
31.00412608044267
30.849740181875283
30.812832689106845
30.68248931817368
30.330511050931765
30.2983015609899
30.260822506601563
30.18866055560207
30.144209056342035
29.939613341793304
29.895438700589345
29.775916785873076
29.740549740590776
29.720296928436955
29.618303753811386
29.611829061010955
29.33816790774058
29.146378843001788
29.07723186796249
28.999957276264734
28.45373560203439
28.376811279444638
28.296511223089226
28.217201247672328
28.027889004515327
27.96380905531027
27.830398473726493
27.682427548211685
27.452436359620364
27.281796706134756
27.233768345197056
27.115321861604343
27.015164897638105
26.792299786886062
26.75339048536627
26.71277408819219
26.61623424651608
26.56764003098244
26.53455837735984
26.392383338249132
26.033776833249156
25.860621856932628
25.84970403557893
25.8228461149941
25.74214186131281
25.69284184491685
25.531082871409044
25.423497999563587
25.304469774757983
25.234189634160064
25.140924481468122
25.00295458237007
24.844984590031068
24.69084479697879
24.650357078712382
24.63292581292462
24.58497278070992
24.531240898972854
24.418314065664774
24.27121429939451
24.239629416859284
24.17234016201958
24.079028326047997
24.014318376941432
23.818540399997012
23.801027722318306
23.631843469332505
23.414194396271935
23.386189136469568
23.32141344427155
23.105496147473062
22.983038262151627
22.927639251774426
22.778396348247075
22.650685675733577
22.595397407863647
22.54639508799374
22.388380449444867
22.383481672860455
22.26962845597293
22.265238169009017
22.21714279077998
22.168256558847048
22.141535723352096
22.029490817291094
22.017652247684847
21.9902453381274
21.78158243274263
21.691932278458797
21.67990638737294
21.61770741786998
21.497355914859536
21.430708927100977
21.389142030347763
21.34390697812439
21.274335742093637
21.189024243678926
21.055562743649418
20.967146457773282
20.897334367139727
20.8080555983066
20.720252077482574
20.619715480209212
20.54142492500561
20.490877139255765
20.28984688318227
20.283119845457506
20.194411776823074
20.117248969511753
20.104066387876742
20.011710449650764
19.983680262943842
19.78803665302064
19.71820163276879
19.6184257924852
19.581068967219657
19.359715048743304
19.27698025095772
19.259561383635454
19.140423229907114
18.947043172281102
18.88024470793177
18.766998296742315
18.673389666694465
18.588079977626432
18.5221710492554
18.4576373812396
18.07119549457608
18.03034699893567
17.969521674333162
17.917027830033447
17.85725758374171
17.770515673156467
17.761077991363063
17.625623468260105
17.392939288739548
17.35964545788849
17.33205185985779
17.024888335649656
17.01901360686861
16.824466969266293
16.72566338367994
16.7239572514975
16.252712605237335
15.981640341768209
15.977615497476558
15.952773472320297
15.879691337982736
15.747976070751537
15.689102242905271
15.513375951765962
15.450341487840745
15.409986045464887
15.152597123372878
15.00122418992051
14.970827998281809
14.934523825344797
14.70575931812786
14.70152335586478
14.636128123025257
14.614359720574704
14.586116483279834
14.521320666311764
14.326561338313534
14.22874921448336
14.219562841815229
13.886134829793669
13.689024508165932
13.604658055230033
13.523677490448975
13.443430465130941
13.240371981929405
13.10682598456197
13.027666969134517
12.665074364205354
12.478168382889683
12.417649812337524
12.400409375748923
12.28931142943407
12.240874274458099
12.10013961139189
12.042093874876226
11.943765716503092
11.733305164279292
11.726558878349815
11.281570073811805
10.909142934468543
10.714799371683117
10.703995305562824
10.502666334477956
10.315360314500579
10.110565838062195
9.784131312271091
9.684914863790308
9.606394609144541
9.089807483735513
8.827349620178499
7.813238491795773
7.495657218608744
5.971737967665193
5.490261346432863
5.151436711536733
2.974155338558851
2.641256080444974
