1514 581
0 0 1
0 1 1
1 2 1
1 3 1
1 4 1
2 5 1
2 6 1
2 7 1
3 5 1
3 6 1
3 7 1
4 8 1
4 9 1
5 10 1
5 11 1
5 12 1
6 10 1
6 11 1
6 12 1
7 13 1
7 14 1
8 15 1
8 16 1
9 15 1
9 16 1
10 15 1
10 16 1
11 13 1
11 14 1
11 17 1
12 13 1
12 14 1
12 17 1
13 13 1
13 14 1
13 17 1
14 13 1
14 14 1
14 17 1
15 13 1
15 14 1
15 17 1
16 14 1
16 16 1
16 18 1
17 15 1
17 16 1
18 15 1
18 16 1
19 14 1
19 16 1
19 18 1
20 15 1
20 16 1
21 15 1
21 16 1
22 14 1
22 16 1
22 18 1
23 17 1
24 17 1
25 17 1
26 17 1
27 19 1
27 20 1
28 19 1
28 20 1
29 17 1
30 17 1
31 17 1
32 17 1
33 17 1
34 17 1
35 21 1
35 22 1
36 21 1
36 22 1
37 21 1
37 22 1
38 21 1
38 22 1
39 23 1
39 24 1
39 25 1
40 23 1
40 24 1
40 25 1
41 26 1
41 27 1
42 26 1
42 27 1
43 28 1
43 29 1
44 28 1
44 29 1
45 28 1
45 29 1
46 28 1
46 29 1
47 17 1
48 30 1
48 31 1
49 30 1
49 31 1
50 32 1
50 33 1
51 32 1
51 33 1
52 28 1
52 29 1
53 28 1
53 29 1
54 28 1
54 29 1
55 34 1
55 35 1
56 8 1
56 9 1
57 36 1
57 37 1
58 28 1
58 38 1
59 28 1
59 29 1
60 28 1
60 29 1
61 28 1
61 29 1
62 28 1
62 38 1
63 39 1
63 40 1
63 41 1
63 42 1
63 43 1
64 39 1
64 40 1
64 41 1
64 42 1
64 43 1
65 39 1
65 40 1
65 41 1
65 42 1
65 43 1
66 44 1
66 45 1
67 46 1
67 47 1
67 48 1
67 49 1
68 50 1
68 51 1
68 52 1
69 50 1
69 51 1
69 52 1
70 50 1
70 51 1
70 52 1
71 53 1
71 54 1
72 50 1
72 51 1
72 52 1
73 50 1
73 51 1
73 52 1
74 50 1
74 51 1
74 52 1
75 55 1
75 56 1
76 55 1
76 56 1
77 57 1
77 58 1
77 59 1
78 57 1
78 58 1
78 59 1
79 57 1
79 58 1
79 59 1
80 58 1
80 59 1
80 60 1
81 58 1
81 59 1
81 60 1
82 58 1
82 59 1
82 60 1
83 58 1
83 59 1
83 60 1
84 58 1
84 59 1
84 60 1
85 61 1
85 62 1
85 63 1
86 61 1
86 62 1
86 63 1
87 64 1
87 65 1
88 64 1
88 65 1
89 66 1
89 67 1
89 68 1
89 69 1
90 70 1
90 71 1
90 72 1
91 70 1
91 71 1
91 72 1
92 64 1
92 65 1
93 64 1
93 65 1
94 61 1
94 62 1
94 63 1
95 61 1
95 62 1
95 63 1
96 52 1
96 73 1
96 74 1
96 75 1
96 76 1
96 77 1
96 78 1
97 52 1
97 73 1
97 74 1
97 75 1
97 76 1
97 77 1
97 78 1
98 52 1
98 73 1
98 74 1
98 75 1
98 76 1
98 77 1
98 78 1
99 52 1
99 73 1
99 74 1
99 75 1
99 76 1
99 77 1
99 78 1
100 4 1
100 40 1
100 41 1
100 42 1
100 43 1
100 52 1
100 73 1
100 74 1
100 75 1
100 76 1
100 77 1
100 78 1
100 79 1
101 80 1
101 81 1
102 80 1
102 81 1
103 66 1
103 67 1
103 68 1
103 69 1
104 82 1
104 83 1
105 82 1
105 83 1
106 82 1
106 83 1
107 53 1
107 54 1
108 53 1
108 54 1
109 53 1
109 54 1
110 58 1
110 84 1
110 85 1
110 86 1
111 58 1
111 84 1
111 85 1
111 86 1
112 87 1
112 88 1
113 87 1
113 88 1
114 58 1
114 86 1
115 87 1
115 88 1
116 89 1
116 90 1
117 89 1
117 90 1
118 73 1
118 74 1
118 77 1
119 73 1
119 74 1
119 77 1
120 91 1
120 92 1
121 93 1
122 93 1
123 93 1
124 93 1
125 94 1
125 95 1
126 94 1
126 95 1
127 94 1
127 95 1
128 94 1
128 95 1
129 96 1
129 97 1
129 98 1
130 96 1
130 97 1
130 98 1
131 96 1
131 97 1
131 98 1
132 96 1
132 97 1
132 98 1
133 96 1
133 97 1
133 98 1
134 96 1
134 97 1
134 98 1
135 26 1
135 27 1
136 26 1
136 27 1
137 99 1
137 100 1
137 101 1
138 99 1
138 100 1
138 101 1
139 99 1
139 100 1
139 101 1
140 99 1
140 100 1
140 101 1
141 58 1
141 84 1
141 85 1
141 86 1
142 102 1
142 103 1
142 104 1
142 105 1
142 106 1
142 107 1
143 40 1
143 77 1
143 108 1
143 109 1
144 110 1
144 111 1
145 89 1
145 90 1
146 112 1
146 113 1
147 40 1
147 77 1
147 108 1
147 109 1
148 114 1
148 115 1
149 114 1
149 115 1
150 116 1
150 117 1
150 118 1
150 119 1
151 116 1
151 117 1
151 118 1
151 119 1
152 116 1
152 117 1
152 118 1
152 119 1
153 110 1
153 111 1
154 116 1
154 117 1
155 110 1
155 111 1
156 116 1
156 117 1
157 120 1
157 121 1
158 122 1
158 123 1
158 124 1
159 122 1
159 123 1
159 124 1
160 89 1
160 90 1
160 125 1
160 126 1
161 116 1
161 117 1
162 40 1
162 77 1
162 108 1
162 109 1
163 40 1
163 77 1
163 108 1
163 109 1
164 127 1
164 128 1
165 52 1
165 129 1
165 130 1
165 131 1
165 132 1
166 52 1
166 129 1
166 130 1
166 131 1
166 132 1
167 52 1
167 129 1
167 130 1
167 131 1
167 132 1
168 120 1
168 121 1
169 120 1
169 121 1
170 82 1
170 83 1
171 133 1
171 134 1
172 52 1
172 73 1
172 74 1
173 52 1
173 73 1
173 74 1
174 116 1
174 117 1
174 118 1
174 119 1
175 116 1
175 117 1
175 118 1
175 119 1
176 89 1
176 90 1
176 125 1
176 126 1
177 135 1
177 136 1
177 137 1
177 138 1
177 139 1
178 82 1
178 83 1
179 82 1
179 83 1
180 82 1
180 83 1
181 135 1
181 136 1
181 137 1
181 138 1
181 139 1
182 135 1
182 136 1
182 137 1
182 138 1
182 139 1
183 82 1
183 83 1
184 135 1
184 136 1
185 135 1
185 136 1
186 135 1
186 136 1
187 140 1
187 141 1
188 80 1
188 81 1
189 80 1
189 81 1
190 52 1
190 129 1
190 130 1
190 131 1
190 132 1
191 52 1
191 129 1
191 130 1
191 131 1
191 132 1
192 39 1
192 43 1
192 77 1
192 142 1
192 143 1
193 120 1
193 121 1
194 144 1
194 145 1
194 146 1
194 147 1
195 144 1
195 145 1
195 146 1
195 147 1
196 148 1
196 149 1
197 144 1
197 145 1
197 146 1
197 147 1
198 144 1
198 145 1
198 146 1
198 147 1
199 120 1
199 121 1
200 122 1
200 123 1
200 124 1
201 122 1
201 123 1
201 124 1
202 150 1
202 151 1
203 150 1
203 151 1
204 140 1
204 141 1
205 146 1
205 147 1
206 146 1
206 147 1
207 152 1
207 153 1
207 154 1
208 152 1
208 153 1
208 154 1
209 152 1
209 153 1
209 154 1
210 152 1
210 153 1
210 154 1
211 152 1
211 153 1
211 154 1
212 52 1
212 129 1
212 130 1
212 131 1
212 132 1
213 103 1
213 104 1
213 105 1
213 155 1
213 156 1
214 103 1
214 104 1
214 157 1
214 158 1
214 159 1
214 160 1
215 103 1
215 104 1
215 105 1
215 161 1
215 162 1
216 103 1
216 104 1
216 105 1
216 161 1
216 162 1
217 103 1
217 104 1
217 105 1
217 163 1
217 164 1
218 103 1
218 104 1
218 105 1
218 163 1
218 164 1
219 103 1
219 104 1
219 105 1
219 155 1
219 156 1
220 103 1
220 104 1
220 105 1
220 155 1
220 156 1
221 103 1
221 104 1
221 105 1
221 155 1
221 156 1
222 103 1
222 104 1
222 165 1
222 166 1
222 167 1
222 168 1
222 169 1
222 170 1
222 171 1
222 172 1
222 173 1
222 174 1
222 175 1
223 176 1
223 177 1
223 178 1
223 179 1
223 180 1
223 181 1
224 182 1
224 183 1
225 103 1
225 104 1
225 165 1
225 166 1
225 167 1
225 168 1
225 169 1
225 170 1
225 171 1
226 102 1
226 103 1
226 104 1
226 105 1
226 106 1
227 103 1
227 104 1
227 166 1
227 172 1
227 173 1
227 174 1
227 175 1
228 103 1
228 104 1
228 166 1
228 172 1
228 173 1
228 174 1
228 175 1
229 103 1
229 104 1
229 105 1
229 163 1
229 164 1
230 102 1
230 103 1
230 104 1
230 105 1
230 106 1
231 103 1
231 104 1
231 105 1
231 163 1
231 164 1
232 103 1
232 104 1
232 105 1
232 184 1
232 185 1
233 102 1
233 103 1
233 104 1
233 105 1
233 106 1
234 103 1
234 104 1
234 166 1
234 172 1
234 173 1
234 174 1
234 175 1
235 103 1
235 104 1
235 105 1
235 161 1
235 162 1
236 103 1
236 104 1
236 105 1
236 161 1
236 162 1
237 103 1
237 104 1
237 105 1
237 161 1
237 162 1
238 103 1
238 104 1
238 165 1
238 166 1
238 167 1
238 168 1
238 169 1
238 170 1
238 171 1
238 172 1
238 173 1
238 174 1
238 175 1
239 176 1
239 177 1
239 178 1
239 179 1
239 180 1
239 181 1
240 186 1
241 186 1
242 140 1
242 141 1
243 140 1
243 141 1
244 187 1
244 188 1
244 189 1
244 190 1
244 191 1
245 187 1
245 188 1
245 189 1
245 190 1
245 191 1
246 187 1
246 188 1
246 189 1
246 190 1
246 191 1
247 187 1
247 188 1
247 189 1
247 190 1
247 191 1
248 137 1
248 138 1
248 139 1
248 192 1
248 193 1
249 187 1
249 188 1
249 189 1
249 190 1
249 191 1
250 187 1
250 188 1
250 189 1
250 190 1
250 191 1
251 187 1
251 188 1
251 189 1
251 190 1
251 191 1
252 187 1
252 188 1
252 189 1
252 190 1
252 191 1
253 194 1
253 195 1
254 194 1
254 195 1
255 194 1
255 195 1
256 26 1
256 27 1
257 196 1
257 197 1
257 198 1
258 41 1
258 43 1
258 75 1
258 199 1
258 200 1
258 201 1
258 202 1
258 203 1
258 204 1
258 205 1
258 206 1
258 207 1
258 208 1
259 41 1
259 43 1
259 75 1
259 199 1
259 200 1
259 201 1
259 202 1
259 203 1
259 204 1
259 205 1
259 206 1
259 207 1
259 208 1
260 41 1
260 43 1
260 75 1
260 199 1
260 200 1
260 201 1
260 202 1
260 203 1
260 204 1
260 205 1
260 206 1
260 207 1
260 208 1
261 41 1
261 43 1
261 75 1
261 199 1
261 200 1
261 201 1
261 202 1
261 203 1
261 204 1
261 205 1
261 206 1
261 207 1
261 208 1
262 209 1
262 210 1
263 209 1
263 210 1
264 209 1
264 210 1
265 209 1
265 210 1
266 209 1
266 210 1
267 209 1
267 210 1
268 209 1
268 210 1
269 209 1
269 210 1
270 209 1
270 210 1
271 209 1
271 210 1
272 209 1
272 210 1
273 209 1
273 210 1
274 211 1
274 212 1
275 213 1
275 214 1
276 213 1
276 214 1
277 14 1
277 16 1
277 18 1
278 14 1
278 16 1
278 18 1
279 14 1
279 16 1
279 18 1
280 213 1
280 214 1
281 213 1
281 214 1
282 213 1
282 214 1
283 213 1
283 214 1
284 213 1
284 214 1
285 50 1
285 51 1
285 215 1
285 216 1
285 217 1
286 50 1
286 51 1
286 215 1
286 216 1
286 217 1
287 50 1
287 51 1
287 215 1
287 216 1
287 217 1
288 50 1
288 51 1
288 215 1
288 216 1
288 217 1
289 19 1
289 20 1
289 218 1
289 219 1
289 220 1
289 221 1
290 4 1
290 14 1
290 16 1
290 18 1
291 4 1
291 14 1
291 16 1
291 18 1
292 4 1
292 14 1
292 16 1
292 18 1
293 213 1
293 214 1
294 213 1
294 214 1
295 222 1
296 223 1
297 224 1
297 225 1
298 224 1
298 225 1
299 44 1
299 45 1
300 44 1
300 45 1
301 44 1
301 45 1
302 44 1
302 45 1
303 44 1
303 45 1
304 44 1
304 45 1
305 87 1
305 88 1
306 44 1
306 45 1
307 44 1
307 45 1
308 44 1
308 45 1
309 87 1
309 88 1
310 44 1
310 45 1
311 44 1
311 45 1
312 44 1
312 45 1
313 44 1
313 45 1
314 226 1
314 227 1
315 87 1
315 88 1
316 44 1
316 45 1
317 87 1
317 88 1
318 87 1
318 88 1
319 226 1
319 227 1
320 87 1
320 88 1
321 87 1
321 88 1
322 44 1
322 45 1
323 10 1
323 11 1
323 12 1
324 10 1
324 11 1
324 12 1
325 87 1
325 88 1
326 87 1
326 88 1
327 44 1
327 45 1
328 228 1
328 229 1
328 230 1
329 231 1
330 232 1
330 233 1
331 218 1
331 219 1
331 234 1
332 44 1
332 45 1
333 44 1
333 45 1
334 226 1
334 227 1
335 228 1
335 229 1
335 230 1
336 44 1
336 45 1
337 228 1
337 229 1
337 230 1
338 235 1
338 236 1
339 10 1
339 11 1
339 12 1
340 235 1
340 236 1
341 232 1
341 233 1
342 228 1
342 229 1
342 230 1
343 10 1
343 11 1
343 12 1
344 232 1
344 233 1
345 10 1
345 11 1
345 12 1
346 228 1
346 229 1
346 230 1
347 226 1
347 227 1
348 44 1
348 45 1
349 228 1
349 229 1
349 230 1
350 226 1
350 227 1
351 44 1
351 45 1
352 228 1
352 229 1
352 230 1
353 228 1
353 229 1
353 230 1
354 44 1
354 45 1
355 237 1
355 238 1
356 237 1
356 238 1
357 228 1
357 229 1
357 230 1
358 228 1
358 229 1
358 230 1
359 228 1
359 229 1
359 230 1
360 194 1
360 195 1
361 44 1
361 45 1
362 228 1
362 229 1
362 230 1
363 228 1
363 229 1
363 230 1
364 237 1
364 238 1
364 239 1
364 240 1
364 241 1
364 242 1
365 228 1
365 229 1
365 230 1
366 228 1
366 229 1
366 230 1
367 237 1
367 238 1
368 228 1
368 229 1
368 230 1
369 228 1
369 229 1
369 230 1
370 228 1
370 229 1
370 230 1
371 228 1
371 229 1
371 230 1
372 228 1
372 229 1
372 230 1
373 235 1
373 236 1
374 228 1
374 229 1
374 230 1
375 44 1
375 45 1
376 237 1
376 238 1
376 239 1
376 240 1
376 241 1
376 242 1
377 2 1
378 243 1
378 244 1
379 243 1
379 244 1
380 226 1
380 227 1
381 245 1
381 246 1
382 247 1
382 248 1
383 247 1
383 248 1
384 247 1
384 248 1
385 195 1
385 249 1
385 250 1
386 195 1
386 249 1
386 250 1
387 245 1
387 246 1
388 245 1
388 246 1
389 245 1
389 246 1
390 245 1
390 246 1
391 245 1
391 246 1
392 245 1
392 246 1
393 237 1
393 238 1
393 239 1
393 240 1
393 241 1
393 242 1
394 237 1
394 238 1
394 239 1
394 240 1
394 241 1
394 242 1
395 243 1
395 244 1
396 243 1
396 244 1
397 251 1
397 252 1
398 251 1
398 252 1
399 228 1
399 229 1
399 230 1
400 228 1
400 229 1
400 230 1
401 253 1
401 254 1
401 255 1
401 256 1
401 257 1
402 226 1
402 227 1
403 194 1
403 195 1
404 258 1
404 259 1
405 228 1
405 229 1
405 230 1
406 237 1
406 238 1
406 239 1
406 240 1
406 241 1
406 242 1
407 245 1
407 246 1
408 228 1
408 229 1
408 230 1
409 260 1
409 261 1
410 260 1
410 261 1
411 262 1
411 263 1
411 264 1
411 265 1
412 266 1
412 267 1
413 218 1
413 219 1
413 234 1
414 195 1
414 249 1
414 250 1
415 195 1
415 249 1
415 250 1
416 195 1
416 249 1
416 250 1
417 268 1
417 269 1
418 237 1
418 238 1
419 270 1
420 270 1
421 226 1
421 227 1
422 132 1
423 194 1
423 195 1
424 271 1
424 272 1
425 271 1
425 272 1
426 271 1
426 272 1
427 273 1
427 274 1
428 275 1
428 276 1
428 277 1
428 278 1
429 271 1
429 272 1
430 271 1
430 272 1
431 271 1
431 272 1
432 271 1
432 272 1
433 271 1
433 272 1
434 271 1
434 272 1
435 271 1
435 272 1
436 279 1
436 280 1
437 44 1
437 45 1
437 281 1
437 282 1
438 44 1
438 45 1
438 281 1
438 282 1
439 44 1
439 45 1
439 283 1
439 284 1
440 44 1
440 45 1
441 260 1
441 261 1
442 285 1
442 286 1
443 99 1
443 100 1
443 101 1
443 287 1
444 237 1
444 238 1
445 44 1
445 45 1
446 99 1
446 100 1
446 101 1
446 287 1
447 288 1
447 289 1
448 237 1
448 238 1
449 290 1
449 291 1
450 285 1
450 286 1
451 285 1
451 286 1
452 292 1
452 293 1
453 191 1
453 294 1
454 295 1
454 296 1
454 297 1
455 290 1
455 291 1
456 298 1
456 299 1
456 300 1
456 301 1
457 40 1
457 52 1
457 302 1
457 303 1
458 243 1
458 244 1
459 260 1
459 261 1
460 226 1
460 227 1
460 304 1
460 305 1
461 243 1
461 244 1
462 218 1
462 219 1
462 234 1
463 218 1
463 219 1
463 234 1
464 44 1
464 45 1
465 135 1
465 136 1
465 191 1
465 294 1
466 260 1
466 261 1
467 306 1
467 307 1
468 10 1
468 11 1
468 12 1
469 10 1
469 11 1
469 12 1
470 308 1
470 309 1
471 23 1
471 99 1
471 100 1
471 101 1
471 308 1
471 310 1
471 311 1
471 312 1
471 313 1
471 314 1
471 315 1
471 316 1
471 317 1
471 318 1
472 308 1
472 318 1
473 308 1
473 318 1
474 308 1
474 318 1
475 308 1
475 318 1
476 308 1
476 318 1
477 308 1
477 318 1
478 308 1
478 318 1
479 308 1
479 318 1
480 308 1
480 318 1
481 308 1
481 309 1
482 308 1
482 309 1
483 78 1
483 319 1
483 320 1
483 321 1
483 322 1
483 323 1
484 279 1
484 280 1
485 228 1
485 324 1
486 325 1
486 326 1
487 279 1
487 280 1
488 279 1
488 280 1
489 40 1
489 52 1
489 302 1
489 303 1
490 327 1
490 328 1
491 292 1
491 325 1
491 329 1
491 330 1
491 331 1
492 191 1
492 294 1
492 327 1
492 328 1
493 285 1
493 286 1
494 279 1
494 280 1
495 99 1
495 100 1
495 101 1
495 287 1
496 327 1
496 328 1
497 308 1
497 318 1
498 308 1
498 318 1
499 332 1
499 333 1
500 334 1
500 335 1
501 334 1
501 335 1
502 336 1
503 337 1
503 338 1
504 338 1
505 339 1
505 340 1
505 341 1
505 342 1
506 339 1
506 340 1
506 341 1
506 342 1
507 2 1
507 4 1
507 40 1
507 77 1
508 343 1
508 344 1
508 345 1
508 346 1
509 343 1
509 344 1
509 345 1
509 346 1
510 343 1
510 344 1
510 345 1
510 346 1
511 343 1
511 344 1
511 345 1
511 346 1
512 5 1
512 6 1
512 7 1
513 5 1
513 6 1
513 7 1
513 28 1
513 29 1
514 292 1
514 293 1
515 292 1
515 293 1
516 16 1
516 347 1
516 348 1
516 349 1
516 350 1
517 351 1
517 352 1
517 353 1
517 354 1
518 351 1
518 352 1
518 353 1
518 354 1
519 135 1
519 136 1
520 135 1
520 136 1
521 135 1
521 136 1
522 135 1
522 136 1
522 137 1
522 138 1
522 139 1
523 135 1
523 136 1
523 137 1
523 138 1
523 139 1
524 26 1
524 27 1
525 355 1
525 356 1
526 28 1
526 29 1
527 28 1
527 38 1
528 68 1
528 69 1
528 357 1
528 358 1
529 68 1
529 69 1
529 357 1
529 358 1
530 68 1
530 69 1
530 357 1
530 358 1
531 68 1
531 69 1
531 357 1
531 358 1
532 359 1
532 360 1
533 359 1
533 360 1
534 26 1
534 27 1
535 243 1
535 244 1
535 361 1
535 362 1
535 363 1
536 364 1
536 365 1
537 366 1
537 367 1
538 137 1
538 138 1
538 139 1
538 366 1
538 367 1
539 137 1
539 138 1
539 139 1
539 366 1
539 367 1
540 366 1
540 367 1
541 366 1
541 367 1
542 99 1
542 100 1
542 101 1
543 99 1
543 100 1
543 101 1
543 312 1
543 368 1
543 369 1
543 370 1
544 99 1
544 100 1
544 101 1
544 312 1
544 368 1
544 369 1
544 370 1
545 368 1
545 369 1
545 370 1
546 368 1
546 369 1
546 370 1
547 99 1
547 100 1
547 101 1
548 99 1
548 100 1
548 101 1
549 99 1
549 100 1
549 101 1
550 99 1
550 100 1
550 101 1
551 366 1
551 367 1
552 366 1
552 367 1
553 306 1
553 307 1
554 306 1
554 307 1
555 40 1
555 52 1
555 77 1
555 371 1
555 372 1
556 40 1
556 52 1
556 77 1
556 371 1
556 372 1
557 40 1
557 52 1
557 77 1
557 371 1
557 372 1
558 40 1
558 52 1
558 77 1
558 371 1
558 372 1
559 40 1
559 52 1
559 77 1
559 371 1
559 372 1
560 306 1
560 307 1
561 2 1
562 2 1
563 2 1
564 2 1
565 373 1
565 374 1
566 373 1
566 374 1
567 375 1
567 376 1
568 375 1
568 376 1
569 260 1
569 261 1
570 260 1
570 261 1
571 125 1
571 126 1
571 339 1
571 340 1
571 341 1
571 342 1
571 377 1
571 378 1
571 379 1
571 380 1
571 381 1
571 382 1
571 383 1
571 384 1
571 385 1
571 386 1
572 125 1
572 126 1
572 339 1
572 340 1
572 341 1
572 342 1
572 377 1
572 378 1
572 379 1
572 380 1
572 381 1
572 382 1
572 383 1
572 384 1
572 385 1
572 386 1
573 292 1
573 293 1
574 44 1
574 45 1
574 292 1
574 293 1
575 387 1
575 388 1
576 387 1
576 388 1
577 387 1
577 388 1
578 325 1
578 326 1
579 389 1
579 390 1
580 391 1
580 392 1
581 391 1
581 392 1
582 393 1
582 394 1
583 393 1
583 394 1
584 393 1
584 394 1
585 393 1
585 394 1
586 337 1
587 218 1
587 219 1
587 234 1
588 343 1
588 344 1
588 345 1
588 346 1
589 343 1
589 344 1
589 345 1
589 346 1
590 341 1
590 342 1
590 377 1
590 378 1
590 379 1
590 384 1
590 395 1
591 396 1
591 397 1
592 275 1
592 276 1
592 277 1
592 278 1
592 398 1
592 399 1
592 400 1
593 44 1
593 45 1
594 44 1
594 45 1
595 44 1
595 45 1
596 260 1
596 261 1
597 339 1
597 340 1
597 341 1
597 342 1
597 380 1
597 381 1
598 292 1
598 293 1
599 44 1
599 45 1
600 237 1
600 238 1
600 239 1
600 240 1
600 241 1
600 242 1
601 237 1
601 238 1
601 239 1
601 240 1
601 241 1
601 242 1
602 237 1
602 238 1
602 239 1
602 240 1
602 241 1
602 242 1
603 237 1
603 238 1
603 239 1
603 240 1
603 241 1
603 242 1
604 235 1
604 236 1
605 235 1
605 236 1
606 235 1
606 236 1
607 393 1
607 394 1
608 393 1
608 394 1
609 393 1
609 394 1
610 235 1
610 236 1
611 235 1
611 236 1
612 235 1
612 236 1
613 218 1
613 219 1
613 220 1
613 221 1
614 218 1
614 219 1
614 220 1
614 221 1
615 218 1
615 219 1
615 220 1
615 221 1
616 218 1
616 219 1
616 220 1
616 221 1
617 218 1
617 219 1
617 220 1
617 221 1
618 218 1
618 219 1
618 220 1
618 221 1
619 218 1
619 219 1
619 220 1
619 221 1
620 218 1
620 219 1
620 220 1
620 221 1
620 226 1
620 227 1
621 218 1
621 219 1
621 220 1
621 221 1
621 226 1
621 227 1
622 218 1
622 219 1
622 220 1
622 221 1
622 226 1
622 227 1
623 218 1
623 219 1
623 220 1
623 221 1
623 226 1
623 227 1
624 401 1
624 402 1
624 403 1
624 404 1
625 401 1
625 402 1
625 403 1
625 404 1
626 401 1
626 402 1
626 403 1
626 404 1
627 401 1
627 402 1
627 403 1
627 404 1
628 401 1
628 402 1
628 403 1
628 404 1
629 401 1
629 402 1
629 403 1
629 404 1
630 401 1
630 402 1
630 403 1
630 404 1
631 17 1
632 17 1
633 17 1
634 17 1
635 150 1
635 151 1
636 150 1
636 151 1
637 235 1
637 236 1
638 235 1
638 236 1
639 235 1
639 236 1
640 401 1
640 402 1
641 401 1
641 402 1
642 17 1
643 405 1
643 406 1
644 405 1
644 406 1
645 405 1
645 406 1
646 122 1
646 123 1
646 124 1
647 122 1
647 123 1
647 124 1
648 187 1
648 190 1
649 187 1
649 190 1
650 187 1
650 190 1
651 187 1
651 190 1
652 187 1
652 190 1
653 187 1
653 190 1
654 52 1
654 407 1
654 408 1
654 409 1
654 410 1
655 52 1
655 407 1
655 408 1
655 409 1
655 410 1
656 52 1
656 407 1
656 408 1
656 409 1
656 410 1
657 52 1
657 407 1
657 408 1
657 409 1
657 410 1
658 52 1
658 407 1
658 408 1
658 409 1
658 410 1
659 52 1
659 407 1
659 408 1
659 409 1
659 410 1
660 52 1
660 407 1
660 408 1
660 409 1
660 410 1
661 52 1
661 407 1
661 408 1
661 409 1
661 410 1
662 52 1
662 407 1
662 408 1
662 409 1
662 410 1
663 52 1
663 407 1
663 408 1
663 409 1
663 410 1
664 17 1
665 17 1
666 17 1
667 17 1
668 17 1
669 235 1
669 236 1
670 235 1
670 236 1
671 52 1
671 407 1
671 408 1
671 409 1
671 410 1
672 13 1
672 14 1
673 13 1
673 14 1
674 13 1
674 14 1
675 13 1
675 14 1
676 13 1
676 14 1
677 389 1
677 390 1
678 389 1
678 390 1
679 389 1
679 390 1
680 10 1
680 11 1
680 12 1
681 10 1
681 11 1
681 12 1
682 10 1
682 11 1
682 12 1
683 17 1
684 17 1
685 226 1
685 227 1
686 218 1
686 219 1
686 226 1
686 227 1
687 226 1
687 227 1
688 411 1
688 412 1
688 413 1
689 414 1
689 415 1
690 414 1
690 415 1
691 414 1
691 415 1
692 414 1
692 415 1
693 414 1
693 415 1
694 416 1
694 417 1
695 103 1
695 104 1
695 166 1
695 418 1
695 419 1
695 420 1
695 421 1
695 422 1
696 103 1
696 104 1
696 166 1
696 418 1
696 419 1
696 420 1
696 421 1
696 422 1
697 17 1
698 17 1
699 226 1
699 227 1
700 423 1
700 424 1
700 425 1
700 426 1
700 427 1
701 278 1
701 428 1
701 429 1
701 430 1
701 431 1
702 278 1
702 428 1
702 429 1
702 430 1
702 431 1
703 52 1
703 407 1
703 408 1
703 409 1
703 410 1
704 52 1
704 407 1
704 408 1
704 409 1
704 410 1
705 432 1
705 433 1
706 2 1
707 2 1
708 2 1
709 434 1
710 434 1
711 338 1
712 435 1
712 436 1
713 40 1
713 52 1
713 77 1
713 437 1
713 438 1
714 40 1
714 52 1
714 77 1
714 437 1
714 438 1
715 435 1
715 436 1
716 362 1
716 363 1
717 362 1
717 363 1
718 439 1
718 440 1
719 13 1
719 14 1
720 17 1
721 441 1
721 442 1
722 393 1
722 394 1
723 260 1
723 261 1
724 258 1
724 259 1
725 344 1
725 346 1
725 443 1
726 344 1
726 346 1
726 443 1
727 343 1
727 344 1
727 345 1
727 346 1
728 343 1
728 344 1
728 345 1
728 346 1
729 382 1
729 383 1
729 384 1
729 385 1
729 386 1
730 444 1
730 445 1
731 444 1
731 445 1
732 444 1
732 445 1
733 387 1
733 388 1
734 387 1
734 388 1
735 387 1
735 388 1
736 371 1
736 446 1
736 447 1
737 371 1
737 446 1
737 447 1
738 371 1
738 446 1
738 447 1
739 110 1
739 111 1
740 110 1
740 111 1
741 110 1
741 111 1
742 110 1
742 111 1
743 110 1
743 111 1
744 110 1
744 111 1
745 110 1
745 111 1
746 58 1
746 85 1
746 448 1
746 449 1
746 450 1
747 58 1
747 85 1
747 448 1
747 449 1
747 450 1
748 209 1
748 210 1
749 209 1
749 210 1
750 209 1
750 210 1
751 209 1
751 210 1
752 209 1
752 210 1
753 209 1
753 210 1
754 209 1
754 210 1
755 135 1
755 136 1
756 135 1
756 136 1
757 135 1
757 136 1
758 135 1
758 136 1
758 137 1
758 138 1
758 139 1
759 135 1
759 136 1
759 137 1
759 138 1
759 139 1
760 444 1
760 445 1
761 247 1
761 248 1
762 247 1
762 248 1
763 247 1
763 248 1
764 441 1
764 442 1
765 93 1
766 258 1
766 259 1
767 93 1
768 451 1
768 452 1
769 451 1
769 452 1
770 451 1
770 452 1
770 453 1
770 454 1
771 451 1
771 452 1
771 453 1
771 454 1
772 58 1
772 85 1
772 450 1
773 58 1
773 85 1
773 450 1
774 58 1
774 85 1
774 450 1
775 387 1
775 388 1
776 455 1
777 455 1
778 17 1
779 17 1
780 17 1
781 17 1
782 388 1
783 99 1
783 100 1
783 101 1
784 17 1
785 17 1
786 308 1
786 318 1
787 308 1
787 318 1
788 308 1
788 318 1
789 308 1
789 318 1
790 308 1
790 318 1
791 308 1
791 318 1
792 308 1
792 318 1
793 135 1
793 136 1
794 135 1
794 136 1
795 135 1
795 136 1
796 135 1
796 136 1
796 137 1
796 138 1
796 139 1
797 135 1
797 136 1
797 137 1
797 138 1
797 139 1
798 140 1
798 141 1
799 308 1
799 318 1
800 308 1
800 318 1
801 258 1
801 259 1
802 26 1
802 27 1
803 26 1
803 27 1
804 455 1
805 455 1
806 455 1
807 455 1
808 135 1
808 136 1
808 137 1
808 138 1
808 139 1
809 122 1
809 123 1
809 124 1
810 122 1
810 123 1
810 124 1
811 308 1
811 318 1
812 308 1
812 318 1
813 140 1
813 141 1
814 140 1
814 141 1
815 292 1
815 293 1
816 441 1
816 442 1
817 441 1
817 442 1
818 245 1
818 246 1
819 262 1
819 263 1
820 262 1
820 263 1
821 262 1
821 263 1
822 262 1
822 263 1
823 262 1
823 263 1
824 262 1
824 263 1
825 456 1
825 457 1
826 332 1
826 458 1
827 332 1
827 458 1
828 306 1
828 307 1
829 306 1
829 307 1
830 187 1
830 190 1
831 459 1
831 460 1
832 459 1
832 460 1
833 262 1
833 263 1
834 262 1
834 263 1
835 308 1
835 318 1
836 332 1
836 458 1
837 300 1
837 314 1
837 315 1
837 461 1
837 462 1
837 463 1
838 308 1
838 318 1
839 308 1
839 318 1
840 308 1
840 318 1
841 308 1
841 318 1
842 114 1
842 115 1
843 4 1
843 14 1
843 16 1
843 18 1
844 4 1
844 14 1
844 16 1
844 18 1
845 308 1
845 318 1
846 393 1
846 394 1
847 23 1
847 313 1
848 23 1
848 313 1
849 23 1
849 313 1
850 308 1
850 318 1
851 464 1
851 465 1
851 466 1
851 467 1
851 468 1
852 464 1
852 465 1
852 466 1
852 467 1
852 468 1
853 308 1
853 318 1
854 308 1
854 318 1
855 135 1
855 136 1
856 135 1
856 136 1
857 135 1
857 136 1
858 135 1
858 136 1
858 137 1
858 138 1
858 139 1
859 135 1
859 136 1
859 137 1
859 138 1
859 139 1
860 135 1
860 136 1
860 137 1
860 138 1
860 139 1
861 2 1
861 469 1
861 470 1
861 471 1
862 308 1
862 318 1
863 23 1
863 99 1
863 100 1
863 101 1
863 312 1
863 313 1
864 4 1
864 14 1
864 16 1
864 18 1
865 434 1
866 434 1
867 434 1
868 87 1
868 88 1
869 452 1
869 472 1
869 473 1
870 432 1
870 433 1
871 44 1
871 45 1
872 44 1
872 45 1
873 87 1
873 88 1
874 87 1
874 88 1
875 243 1
875 244 1
875 361 1
875 362 1
875 363 1
876 44 1
876 45 1
877 393 1
877 394 1
878 393 1
878 394 1
879 275 1
879 278 1
879 398 1
879 474 1
880 2 1
880 469 1
880 470 1
880 471 1
881 2 1
881 469 1
881 470 1
881 471 1
882 434 1
883 87 1
883 88 1
884 226 1
884 227 1
885 308 1
885 318 1
886 308 1
886 318 1
887 308 1
887 318 1
888 308 1
888 318 1
889 87 1
889 88 1
890 308 1
890 318 1
891 191 1
891 294 1
892 191 1
892 294 1
893 407 1
893 408 1
894 44 1
894 45 1
895 44 1
895 45 1
896 44 1
896 45 1
897 44 1
897 45 1
898 44 1
898 45 1
899 44 1
899 45 1
900 44 1
900 45 1
901 308 1
901 318 1
902 308 1
902 318 1
903 393 1
903 394 1
904 393 1
904 394 1
905 393 1
905 394 1
906 379 1
906 475 1
906 476 1
907 379 1
907 475 1
907 476 1
908 379 1
908 475 1
908 476 1
909 379 1
909 475 1
909 476 1
910 434 1
911 308 1
911 318 1
912 30 1
912 31 1
913 308 1
913 318 1
914 308 1
914 318 1
915 26 1
915 27 1
916 308 1
916 318 1
917 308 1
917 318 1
918 226 1
918 227 1
919 226 1
919 227 1
920 308 1
920 318 1
921 362 1
921 363 1
922 407 1
922 408 1
923 44 1
923 45 1
924 44 1
924 45 1
925 44 1
925 45 1
926 44 1
926 45 1
927 44 1
927 45 1
928 44 1
928 45 1
929 44 1
929 45 1
930 393 1
930 394 1
931 393 1
931 394 1
932 393 1
932 394 1
933 379 1
933 475 1
933 476 1
934 434 1
935 434 1
936 434 1
937 434 1
938 30 1
938 31 1
939 308 1
939 318 1
940 308 1
940 318 1
941 308 1
941 318 1
942 226 1
942 227 1
943 226 1
943 227 1
944 308 1
944 318 1
945 308 1
945 318 1
946 477 1
946 478 1
947 477 1
947 478 1
948 477 1
948 478 1
949 477 1
949 478 1
950 477 1
950 478 1
951 477 1
951 478 1
952 477 1
952 478 1
953 477 1
953 478 1
954 477 1
954 478 1
955 52 1
955 409 1
955 410 1
955 464 1
955 465 1
955 466 1
955 467 1
955 468 1
956 52 1
956 409 1
956 410 1
956 464 1
956 465 1
956 466 1
956 467 1
956 468 1
957 52 1
957 409 1
957 410 1
957 464 1
957 465 1
957 466 1
957 467 1
957 468 1
958 99 1
958 100 1
958 101 1
959 288 1
959 289 1
960 457 1
960 479 1
961 480 1
961 481 1
962 44 1
962 45 1
963 191 1
963 294 1
964 237 1
964 238 1
965 292 1
965 325 1
965 331 1
966 292 1
966 325 1
966 331 1
967 148 1
967 149 1
968 243 1
968 244 1
968 362 1
968 363 1
969 292 1
969 331 1
970 292 1
970 325 1
970 331 1
971 325 1
971 326 1
972 362 1
972 363 1
973 482 1
973 483 1
974 44 1
974 45 1
975 44 1
975 45 1
975 281 1
975 282 1
975 319 1
975 320 1
976 44 1
976 45 1
977 281 1
977 282 1
978 281 1
978 282 1
979 484 1
979 485 1
980 44 1
980 45 1
980 281 1
980 282 1
981 44 1
981 45 1
981 281 1
981 282 1
982 44 1
982 45 1
982 281 1
982 282 1
983 288 1
983 289 1
984 288 1
984 289 1
985 327 1
985 328 1
986 327 1
986 328 1
987 471 1
987 486 1
987 487 1
988 275 1
988 276 1
988 277 1
988 278 1
988 382 1
988 383 1
988 384 1
988 385 1
988 386 1
988 398 1
988 399 1
988 400 1
988 488 1
988 489 1
988 490 1
989 99 1
989 100 1
989 101 1
990 275 1
990 276 1
990 277 1
990 278 1
990 382 1
990 383 1
990 384 1
990 385 1
990 386 1
990 398 1
990 399 1
990 400 1
990 488 1
990 489 1
990 490 1
991 288 1
991 289 1
992 148 1
992 149 1
992 327 1
992 328 1
993 292 1
993 325 1
993 331 1
994 44 1
994 45 1
994 288 1
994 289 1
995 44 1
995 45 1
995 288 1
995 289 1
996 362 1
996 363 1
997 455 1
998 455 1
999 455 1
1000 455 1
1001 455 1
1002 455 1
1003 269 1
1003 491 1
1004 222 1
1004 269 1
1004 491 1
1005 269 1
1005 491 1
1006 269 1
1006 491 1
1007 269 1
1007 491 1
1008 492 1
1008 493 1
1009 196 1
1009 494 1
1009 495 1
1010 196 1
1010 494 1
1010 495 1
1011 196 1
1011 494 1
1011 495 1
1012 196 1
1012 494 1
1012 495 1
1013 334 1
1013 335 1
1014 334 1
1014 335 1
1015 334 1
1015 335 1
1016 194 1
1016 195 1
1017 496 1
1017 497 1
1018 496 1
1018 497 1
1019 496 1
1019 497 1
1020 194 1
1020 195 1
1021 334 1
1021 335 1
1022 334 1
1022 335 1
1023 498 1
1024 281 1
1024 282 1
1025 281 1
1025 282 1
1026 499 1
1027 416 1
1027 417 1
1028 211 1
1028 212 1
1029 211 1
1029 212 1
1030 499 1
1031 500 1
1031 501 1
1032 89 1
1032 90 1
1033 416 1
1033 417 1
1034 89 1
1034 90 1
1035 269 1
1035 491 1
1036 502 1
1037 503 1
1037 504 1
1038 505 1
1038 506 1
1039 503 1
1039 504 1
1040 503 1
1040 504 1
1041 40 1
1041 50 1
1041 51 1
1042 40 1
1042 50 1
1042 51 1
1043 196 1
1043 494 1
1043 495 1
1044 269 1
1044 491 1
1045 50 1
1045 507 1
1046 30 1
1046 31 1
1047 30 1
1047 31 1
1048 30 1
1048 31 1
1049 30 1
1049 31 1
1050 50 1
1050 507 1
1051 26 1
1051 27 1
1052 26 1
1052 27 1
1053 26 1
1053 27 1
1054 26 1
1054 27 1
1055 26 1
1055 27 1
1056 195 1
1056 249 1
1056 250 1
1057 195 1
1057 249 1
1057 250 1
1058 26 1
1058 27 1
1059 26 1
1059 27 1
1060 26 1
1060 27 1
1061 44 1
1061 45 1
1062 44 1
1062 45 1
1063 44 1
1063 45 1
1064 30 1
1064 31 1
1065 89 1
1065 90 1
1066 50 1
1066 77 1
1066 508 1
1067 50 1
1067 77 1
1067 508 1
1068 50 1
1068 77 1
1068 508 1
1069 44 1
1069 45 1
1070 196 1
1070 509 1
1070 510 1
1070 511 1
1071 196 1
1071 509 1
1071 510 1
1071 511 1
1072 498 1
1073 30 1
1073 31 1
1074 211 1
1074 212 1
1075 196 1
1075 509 1
1075 510 1
1075 511 1
1076 196 1
1076 509 1
1076 510 1
1076 511 1
1077 196 1
1077 509 1
1077 510 1
1077 511 1
1078 196 1
1078 509 1
1078 510 1
1078 511 1
1079 196 1
1079 509 1
1079 510 1
1079 511 1
1080 196 1
1080 509 1
1080 510 1
1080 511 1
1081 281 1
1081 282 1
1082 281 1
1082 282 1
1083 21 1
1083 22 1
1084 21 1
1084 22 1
1085 437 1
1085 438 1
1086 512 1
1086 513 1
1087 512 1
1087 513 1
1088 514 1
1088 515 1
1089 50 1
1089 51 1
1090 441 1
1090 442 1
1091 50 1
1091 51 1
1092 516 1
1092 517 1
1093 516 1
1093 517 1
1094 182 1
1094 183 1
1095 50 1
1095 51 1
1096 50 1
1096 51 1
1097 514 1
1097 515 1
1098 334 1
1098 335 1
1099 441 1
1099 442 1
1100 441 1
1100 442 1
1101 371 1
1101 446 1
1101 447 1
1102 371 1
1102 446 1
1102 447 1
1103 371 1
1103 446 1
1103 447 1
1104 82 1
1104 83 1
1104 371 1
1104 446 1
1104 447 1
1105 82 1
1105 83 1
1105 371 1
1105 446 1
1105 447 1
1106 82 1
1106 83 1
1106 371 1
1106 446 1
1106 447 1
1107 82 1
1107 83 1
1107 371 1
1107 446 1
1107 447 1
1108 82 1
1108 83 1
1108 371 1
1108 446 1
1108 447 1
1109 82 1
1109 83 1
1109 371 1
1109 446 1
1109 447 1
1110 82 1
1110 83 1
1110 371 1
1110 446 1
1110 447 1
1111 82 1
1111 83 1
1111 371 1
1111 446 1
1111 447 1
1112 306 1
1112 307 1
1113 518 1
1113 519 1
1114 518 1
1114 519 1
1115 518 1
1115 519 1
1116 518 1
1116 519 1
1117 371 1
1117 446 1
1117 447 1
1118 518 1
1118 519 1
1119 371 1
1119 446 1
1119 447 1
1120 371 1
1120 446 1
1120 447 1
1121 371 1
1121 446 1
1121 447 1
1122 82 1
1122 83 1
1122 371 1
1122 446 1
1122 447 1
1123 82 1
1123 83 1
1123 371 1
1123 446 1
1123 447 1
1124 82 1
1124 83 1
1124 371 1
1124 446 1
1124 447 1
1125 195 1
1125 249 1
1125 250 1
1126 195 1
1126 249 1
1126 250 1
1127 195 1
1127 249 1
1127 250 1
1128 195 1
1128 249 1
1128 250 1
1129 195 1
1129 249 1
1129 250 1
1130 437 1
1130 438 1
1131 437 1
1131 438 1
1132 437 1
1132 438 1
1133 437 1
1133 438 1
1134 437 1
1134 438 1
1135 437 1
1135 438 1
1136 437 1
1136 438 1
1137 437 1
1137 438 1
1138 437 1
1138 438 1
1139 99 1
1139 100 1
1139 101 1
1140 99 1
1140 100 1
1140 101 1
1141 288 1
1141 289 1
1142 288 1
1142 289 1
1143 26 1
1143 27 1
1144 26 1
1144 27 1
1145 26 1
1145 27 1
1146 195 1
1146 249 1
1146 250 1
1147 195 1
1147 249 1
1147 250 1
1148 195 1
1148 249 1
1148 250 1
1149 195 1
1149 249 1
1149 250 1
1150 195 1
1150 249 1
1150 250 1
1151 195 1
1151 249 1
1151 250 1
1152 195 1
1152 249 1
1152 250 1
1153 195 1
1153 249 1
1153 250 1
1154 195 1
1154 249 1
1154 250 1
1155 437 1
1155 438 1
1156 21 1
1156 22 1
1157 21 1
1157 22 1
1158 21 1
1158 22 1
1159 21 1
1159 22 1
1160 187 1
1160 190 1
1161 187 1
1161 190 1
1162 187 1
1162 190 1
1163 288 1
1163 289 1
1164 288 1
1164 289 1
1165 262 1
1165 263 1
1166 262 1
1166 263 1
1167 44 1
1167 45 1
1168 44 1
1168 45 1
1169 44 1
1169 45 1
1170 44 1
1170 45 1
1171 520 1
1171 521 1
1172 520 1
1172 521 1
1173 131 1
1173 387 1
1173 388 1
1173 467 1
1173 468 1
1173 522 1
1173 523 1
1173 524 1
1173 525 1
1174 131 1
1174 387 1
1174 388 1
1174 467 1
1174 468 1
1174 522 1
1174 523 1
1174 524 1
1174 525 1
1175 2 1
1176 2 1
1177 2 1
1178 131 1
1178 387 1
1178 388 1
1178 467 1
1178 468 1
1178 522 1
1178 523 1
1178 524 1
1178 525 1
1179 40 1
1179 50 1
1179 77 1
1179 323 1
1179 507 1
1179 526 1
1179 527 1
1180 40 1
1180 50 1
1180 77 1
1180 323 1
1180 507 1
1180 526 1
1180 527 1
1181 26 1
1181 27 1
1182 131 1
1182 387 1
1182 388 1
1182 467 1
1182 468 1
1182 522 1
1182 523 1
1182 524 1
1182 525 1
1183 82 1
1183 83 1
1184 82 1
1184 83 1
1185 82 1
1185 83 1
1186 82 1
1186 83 1
1187 110 1
1187 111 1
1187 137 1
1187 138 1
1187 139 1
1188 110 1
1188 111 1
1188 137 1
1188 138 1
1188 139 1
1189 110 1
1189 111 1
1189 137 1
1189 138 1
1189 139 1
1190 387 1
1190 388 1
1191 528 1
1191 529 1
1192 131 1
1192 387 1
1192 388 1
1192 467 1
1192 468 1
1192 522 1
1192 523 1
1192 524 1
1192 525 1
1193 387 1
1193 388 1
1194 530 1
1194 531 1
1194 532 1
1195 530 1
1195 531 1
1195 532 1
1196 530 1
1196 531 1
1196 532 1
1197 387 1
1197 388 1
1198 387 1
1198 388 1
1199 110 1
1199 111 1
1200 110 1
1200 111 1
1201 110 1
1201 111 1
1202 110 1
1202 111 1
1203 533 1
1203 534 1
1203 535 1
1204 387 1
1204 388 1
1205 387 1
1205 388 1
1206 387 1
1206 388 1
1207 387 1
1207 388 1
1208 131 1
1208 387 1
1208 388 1
1208 467 1
1208 468 1
1208 522 1
1208 523 1
1208 524 1
1208 525 1
1209 387 1
1209 388 1
1210 131 1
1210 387 1
1210 388 1
1210 467 1
1210 468 1
1210 522 1
1210 523 1
1210 524 1
1210 525 1
1211 536 1
1211 537 1
1211 538 1
1212 536 1
1212 537 1
1212 538 1
1213 4 1
1213 40 1
1213 41 1
1213 43 1
1213 52 1
1213 73 1
1213 74 1
1213 77 1
1213 79 1
1213 131 1
1213 467 1
1213 468 1
1213 522 1
1213 524 1
1213 539 1
1214 40 1
1214 52 1
1214 302 1
1214 303 1
1215 40 1
1215 540 1
1215 541 1
1216 40 1
1216 540 1
1216 541 1
1217 40 1
1217 540 1
1217 541 1
1218 542 1
1218 543 1
1218 544 1
1219 387 1
1219 388 1
1219 434 1
1220 432 1
1220 433 1
1221 4 1
1221 40 1
1221 43 1
1221 52 1
1221 73 1
1221 74 1
1221 77 1
1221 79 1
1221 131 1
1221 467 1
1221 468 1
1221 522 1
1221 524 1
1221 539 1
1222 82 1
1222 83 1
1222 545 1
1222 546 1
1223 82 1
1223 83 1
1223 545 1
1223 546 1
1224 82 1
1224 83 1
1224 545 1
1224 546 1
1225 152 1
1225 153 1
1225 154 1
1226 275 1
1226 276 1
1226 277 1
1226 278 1
1226 399 1
1226 400 1
1227 308 1
1227 309 1
1228 308 1
1228 309 1
1229 371 1
1229 372 1
1230 308 1
1230 309 1
1231 275 1
1231 276 1
1231 277 1
1231 278 1
1231 399 1
1231 400 1
1232 371 1
1232 372 1
1233 371 1
1233 372 1
1234 371 1
1234 372 1
1235 371 1
1235 372 1
1236 371 1
1236 372 1
1237 545 1
1237 546 1
1238 545 1
1238 546 1
1239 545 1
1239 546 1
1240 40 1
1240 52 1
1240 302 1
1240 303 1
1241 40 1
1241 52 1
1241 302 1
1241 303 1
1242 533 1
1243 533 1
1244 533 1
1245 533 1
1246 58 1
1246 86 1
1247 58 1
1247 86 1
1248 545 1
1248 546 1
1249 545 1
1249 546 1
1250 545 1
1250 546 1
1251 275 1
1251 276 1
1251 277 1
1251 278 1
1251 399 1
1251 400 1
1252 58 1
1252 86 1
1253 40 1
1253 52 1
1253 77 1
1253 110 1
1253 111 1
1253 371 1
1253 372 1
1254 40 1
1254 52 1
1254 77 1
1254 110 1
1254 111 1
1254 371 1
1254 372 1
1255 40 1
1255 52 1
1255 77 1
1255 110 1
1255 111 1
1255 371 1
1255 372 1
1256 40 1
1256 52 1
1256 77 1
1256 110 1
1256 111 1
1256 371 1
1256 372 1
1257 82 1
1257 83 1
1257 545 1
1257 546 1
1258 82 1
1258 83 1
1258 545 1
1258 546 1
1259 4 1
1259 40 1
1259 43 1
1259 52 1
1259 73 1
1259 74 1
1259 77 1
1259 79 1
1259 131 1
1259 467 1
1259 468 1
1259 522 1
1259 524 1
1259 539 1
1260 4 1
1260 40 1
1260 43 1
1260 52 1
1260 73 1
1260 74 1
1260 77 1
1260 79 1
1260 131 1
1260 467 1
1260 468 1
1260 522 1
1260 524 1
1260 539 1
1261 82 1
1261 83 1
1261 545 1
1261 546 1
1262 82 1
1262 83 1
1262 545 1
1262 546 1
1263 547 1
1263 548 1
1264 387 1
1264 388 1
1265 68 1
1265 69 1
1265 182 1
1265 183 1
1266 387 1
1266 388 1
1266 434 1
1267 4 1
1267 40 1
1267 41 1
1267 43 1
1267 52 1
1267 73 1
1267 74 1
1267 77 1
1267 79 1
1267 131 1
1267 467 1
1267 468 1
1267 522 1
1267 524 1
1267 539 1
1268 432 1
1268 433 1
1269 432 1
1269 433 1
1270 547 1
1270 548 1
1271 416 1
1271 417 1
1272 416 1
1272 417 1
1273 416 1
1273 417 1
1274 492 1
1274 493 1
1275 547 1
1275 548 1
1276 432 1
1276 433 1
1277 547 1
1277 548 1
1278 387 1
1278 388 1
1278 434 1
1279 387 1
1279 388 1
1279 434 1
1280 387 1
1280 388 1
1280 434 1
1281 533 1
1282 533 1
1283 387 1
1283 388 1
1283 434 1
1284 387 1
1284 388 1
1284 434 1
1285 387 1
1285 388 1
1285 434 1
1286 547 1
1286 548 1
1287 547 1
1287 548 1
1288 4 1
1288 40 1
1288 43 1
1288 52 1
1288 73 1
1288 74 1
1288 77 1
1288 79 1
1288 131 1
1288 467 1
1288 468 1
1288 522 1
1288 524 1
1288 539 1
1289 4 1
1289 40 1
1289 41 1
1289 43 1
1289 52 1
1289 73 1
1289 74 1
1289 77 1
1289 79 1
1289 131 1
1289 467 1
1289 468 1
1289 522 1
1289 524 1
1289 539 1
1290 547 1
1290 548 1
1291 547 1
1291 548 1
1292 547 1
1292 548 1
1293 387 1
1293 388 1
1293 434 1
1294 547 1
1294 548 1
1295 547 1
1295 548 1
1296 40 1
1296 52 1
1296 302 1
1296 303 1
1297 275 1
1297 276 1
1297 277 1
1297 278 1
1297 399 1
1297 400 1
1298 533 1
1299 547 1
1299 548 1
1300 533 1
1301 423 1
1301 424 1
1301 425 1
1301 426 1
1301 427 1
1302 423 1
1302 424 1
1302 425 1
1302 426 1
1302 427 1
1303 509 1
1303 510 1
1303 511 1
1304 509 1
1304 510 1
1304 511 1
1305 509 1
1305 510 1
1305 511 1
1306 509 1
1306 510 1
1306 511 1
1307 509 1
1307 510 1
1307 511 1
1308 509 1
1308 510 1
1308 511 1
1309 423 1
1309 424 1
1309 425 1
1309 426 1
1309 427 1
1310 423 1
1310 424 1
1310 425 1
1310 426 1
1310 427 1
1311 423 1
1311 424 1
1311 425 1
1311 426 1
1311 427 1
1312 509 1
1312 510 1
1312 511 1
1313 509 1
1313 510 1
1313 511 1
1314 549 1
1314 550 1
1315 496 1
1315 497 1
1316 496 1
1316 497 1
1317 509 1
1317 510 1
1317 511 1
1318 509 1
1318 510 1
1318 511 1
1319 509 1
1319 510 1
1319 511 1
1320 509 1
1320 510 1
1320 511 1
1321 509 1
1321 510 1
1321 511 1
1322 509 1
1322 510 1
1322 511 1
1323 509 1
1323 510 1
1323 511 1
1324 509 1
1324 510 1
1324 511 1
1325 275 1
1325 276 1
1325 277 1
1325 278 1
1325 396 1
1325 397 1
1326 396 1
1326 397 1
1326 551 1
1326 552 1
1327 275 1
1327 276 1
1327 277 1
1327 278 1
1327 396 1
1327 397 1
1328 275 1
1328 276 1
1328 277 1
1328 278 1
1328 396 1
1328 397 1
1329 40 1
1329 52 1
1329 302 1
1329 303 1
1330 40 1
1330 52 1
1330 302 1
1330 303 1
1331 17 1
1332 17 1
1333 553 1
1333 554 1
1334 555 1
1334 556 1
1335 555 1
1335 556 1
1336 555 1
1336 556 1
1337 555 1
1337 556 1
1338 555 1
1338 556 1
1339 40 1
1339 52 1
1339 302 1
1339 303 1
1340 40 1
1340 52 1
1340 302 1
1340 303 1
1341 40 1
1341 52 1
1341 302 1
1341 303 1
1342 40 1
1342 52 1
1342 302 1
1342 303 1
1343 258 1
1343 259 1
1344 40 1
1344 52 1
1344 302 1
1344 303 1
1345 135 1
1345 136 1
1345 137 1
1345 138 1
1345 139 1
1346 135 1
1346 136 1
1346 137 1
1346 138 1
1346 139 1
1347 444 1
1347 445 1
1348 444 1
1348 445 1
1349 444 1
1349 445 1
1350 444 1
1350 445 1
1351 557 1
1351 558 1
1352 536 1
1352 537 1
1352 538 1
1353 387 1
1353 388 1
1354 218 1
1354 219 1
1354 234 1
1355 218 1
1355 219 1
1355 234 1
1356 218 1
1356 219 1
1356 234 1
1357 218 1
1357 219 1
1357 234 1
1358 559 1
1358 560 1
1359 559 1
1359 560 1
1360 82 1
1360 83 1
1361 387 1
1361 388 1
1362 135 1
1362 136 1
1363 135 1
1363 136 1
1364 135 1
1364 136 1
1365 110 1
1365 111 1
1365 371 1
1365 446 1
1365 447 1
1365 561 1
1366 218 1
1366 219 1
1366 234 1
1367 314 1
1367 315 1
1368 314 1
1368 315 1
1369 314 1
1369 315 1
1370 110 1
1370 111 1
1370 371 1
1370 446 1
1370 447 1
1370 561 1
1371 314 1
1371 315 1
1372 314 1
1372 315 1
1373 314 1
1373 315 1
1374 135 1
1374 136 1
1374 137 1
1374 138 1
1374 139 1
1375 110 1
1375 111 1
1375 371 1
1375 446 1
1375 447 1
1375 561 1
1376 93 1
1377 93 1
1378 89 1
1378 90 1
1379 536 1
1379 537 1
1379 538 1
1380 191 1
1380 294 1
1381 50 1
1381 51 1
1382 110 1
1382 111 1
1382 371 1
1382 446 1
1382 447 1
1382 561 1
1383 110 1
1383 111 1
1383 371 1
1383 446 1
1383 447 1
1383 561 1
1384 110 1
1384 111 1
1384 371 1
1384 446 1
1384 447 1
1384 561 1
1385 152 1
1385 153 1
1385 154 1
1385 557 1
1385 558 1
1386 152 1
1386 153 1
1386 154 1
1386 557 1
1386 558 1
1387 152 1
1387 153 1
1387 154 1
1387 557 1
1387 558 1
1388 4 1
1388 40 1
1388 50 1
1388 51 1
1388 52 1
1388 215 1
1388 216 1
1388 217 1
1389 4 1
1389 40 1
1389 50 1
1389 51 1
1389 52 1
1389 215 1
1389 216 1
1389 217 1
1390 4 1
1390 40 1
1390 50 1
1390 51 1
1390 52 1
1390 215 1
1390 216 1
1390 217 1
1391 135 1
1391 136 1
1392 314 1
1392 315 1
1393 314 1
1393 315 1
1394 314 1
1394 315 1
1395 314 1
1395 315 1
1396 314 1
1396 315 1
1397 314 1
1397 315 1
1398 89 1
1398 90 1
1399 50 1
1399 51 1
1400 314 1
1400 315 1
1401 314 1
1401 315 1
1402 314 1
1402 315 1
1403 387 1
1403 388 1
1404 387 1
1404 388 1
1405 562 1
1405 563 1
1406 78 1
1406 132 1
1406 562 1
1406 563 1
1406 564 1
1407 78 1
1407 132 1
1407 562 1
1407 563 1
1407 564 1
1408 78 1
1408 132 1
1408 562 1
1408 563 1
1408 564 1
1409 135 1
1409 136 1
1409 137 1
1409 138 1
1409 139 1
1410 135 1
1410 136 1
1410 137 1
1410 138 1
1410 139 1
1411 99 1
1411 100 1
1411 101 1
1411 312 1
1412 565 1
1412 566 1
1413 565 1
1413 566 1
1414 135 1
1414 136 1
1414 371 1
1414 446 1
1414 447 1
1415 135 1
1415 136 1
1415 371 1
1415 446 1
1415 447 1
1416 135 1
1416 136 1
1416 371 1
1416 446 1
1416 447 1
1417 135 1
1417 136 1
1417 371 1
1417 446 1
1417 447 1
1418 314 1
1418 315 1
1419 281 1
1419 282 1
1420 553 1
1420 554 1
1421 553 1
1421 554 1
1422 444 1
1422 445 1
1423 444 1
1423 445 1
1424 444 1
1424 445 1
1425 131 1
1425 132 1
1425 388 1
1425 434 1
1425 468 1
1425 522 1
1425 524 1
1426 131 1
1426 132 1
1426 388 1
1426 434 1
1426 468 1
1426 522 1
1426 524 1
1427 131 1
1427 132 1
1427 388 1
1427 434 1
1427 468 1
1427 522 1
1427 524 1
1428 131 1
1428 132 1
1428 388 1
1428 434 1
1428 468 1
1428 522 1
1428 524 1
1429 131 1
1429 132 1
1429 388 1
1429 434 1
1429 468 1
1429 522 1
1429 524 1
1430 137 1
1430 138 1
1430 139 1
1430 565 1
1430 566 1
1431 137 1
1431 138 1
1431 139 1
1431 565 1
1431 566 1
1432 137 1
1432 138 1
1432 139 1
1432 565 1
1432 566 1
1433 137 1
1433 138 1
1433 139 1
1433 565 1
1433 566 1
1434 50 1
1434 51 1
1435 152 1
1435 153 1
1435 154 1
1435 557 1
1435 558 1
1436 57 1
1436 58 1
1436 59 1
1437 152 1
1437 153 1
1437 154 1
1437 557 1
1437 558 1
1438 152 1
1438 153 1
1438 154 1
1438 557 1
1438 558 1
1439 135 1
1439 136 1
1439 137 1
1439 138 1
1439 139 1
1439 371 1
1439 446 1
1439 447 1
1440 135 1
1440 136 1
1440 137 1
1440 138 1
1440 139 1
1440 371 1
1440 446 1
1440 447 1
1441 135 1
1441 136 1
1441 137 1
1441 138 1
1441 139 1
1441 371 1
1441 446 1
1441 447 1
1442 135 1
1442 136 1
1442 137 1
1442 138 1
1442 139 1
1442 371 1
1442 446 1
1442 447 1
1443 135 1
1443 136 1
1443 137 1
1443 138 1
1443 139 1
1443 371 1
1443 446 1
1443 447 1
1444 4 1
1444 40 1
1444 50 1
1444 51 1
1444 52 1
1444 215 1
1444 216 1
1444 217 1
1445 4 1
1445 40 1
1445 50 1
1445 51 1
1445 52 1
1445 215 1
1445 216 1
1445 217 1
1446 338 1
1447 89 1
1447 90 1
1448 50 1
1448 51 1
1449 4 1
1449 40 1
1449 50 1
1449 51 1
1449 52 1
1449 215 1
1449 216 1
1449 217 1
1450 17 1
1451 17 1
1452 17 1
1453 17 1
1454 17 1
1455 17 1
1456 17 1
1457 567 1
1457 568 1
1458 314 1
1458 315 1
1459 314 1
1459 315 1
1460 302 1
1460 303 1
1461 302 1
1461 303 1
1462 302 1
1462 303 1
1463 569 1
1463 570 1
1464 4 1
1464 40 1
1464 50 1
1464 51 1
1464 52 1
1464 215 1
1464 216 1
1464 217 1
1465 4 1
1465 40 1
1465 50 1
1465 51 1
1465 52 1
1465 215 1
1465 216 1
1465 217 1
1466 4 1
1466 40 1
1466 50 1
1466 51 1
1466 52 1
1466 215 1
1466 216 1
1466 217 1
1467 4 1
1467 40 1
1467 50 1
1467 51 1
1467 52 1
1467 215 1
1467 216 1
1467 217 1
1468 281 1
1468 282 1
1469 555 1
1469 556 1
1470 555 1
1470 556 1
1471 555 1
1471 556 1
1472 8 1
1472 9 1
1473 50 1
1473 77 1
1473 410 1
1473 571 1
1474 572 1
1474 573 1
1475 50 1
1475 51 1
1476 4 1
1476 133 1
1476 134 1
1477 4 1
1477 133 1
1477 134 1
1478 4 1
1478 133 1
1478 134 1
1479 78 1
1479 132 1
1479 562 1
1479 563 1
1479 564 1
1480 78 1
1480 132 1
1480 562 1
1480 563 1
1480 564 1
1481 78 1
1481 132 1
1481 562 1
1481 563 1
1481 564 1
1482 314 1
1482 315 1
1483 135 1
1483 136 1
1483 574 1
1483 575 1
1484 362 1
1484 363 1
1485 362 1
1485 363 1
1485 569 1
1485 570 1
1486 50 1
1486 51 1
1487 50 1
1487 51 1
1488 576 1
1488 577 1
1489 4 1
1489 50 1
1489 51 1
1489 52 1
1489 78 1
1490 50 1
1490 51 1
1491 194 1
1491 195 1
1492 194 1
1492 195 1
1493 194 1
1493 195 1
1494 441 1
1494 442 1
1495 441 1
1495 442 1
1496 41 1
1496 42 1
1496 43 1
1496 50 1
1496 51 1
1496 131 1
1496 132 1
1496 468 1
1496 523 1
1496 524 1
1496 578 1
1496 579 1
1497 41 1
1497 42 1
1497 43 1
1497 50 1
1497 51 1
1497 131 1
1497 132 1
1497 468 1
1497 523 1
1497 524 1
1497 578 1
1497 579 1
1498 26 1
1498 27 1
1499 41 1
1499 43 1
1499 75 1
1499 199 1
1499 200 1
1499 201 1
1499 202 1
1499 203 1
1499 204 1
1499 205 1
1499 206 1
1499 207 1
1499 208 1
1500 41 1
1500 43 1
1500 75 1
1500 199 1
1500 200 1
1500 201 1
1500 202 1
1500 203 1
1500 204 1
1500 205 1
1500 206 1
1500 207 1
1500 208 1
1501 41 1
1501 43 1
1501 75 1
1501 199 1
1501 200 1
1501 201 1
1501 202 1
1501 203 1
1501 204 1
1501 205 1
1501 206 1
1501 207 1
1501 208 1
1502 41 1
1502 43 1
1502 75 1
1502 199 1
1502 200 1
1502 201 1
1502 202 1
1502 203 1
1502 204 1
1502 205 1
1502 206 1
1502 207 1
1502 208 1
1503 576 1
1503 577 1
1504 135 1
1504 136 1
1504 574 1
1504 575 1
1505 50 1
1505 507 1
1506 78 1
1506 132 1
1506 562 1
1506 563 1
1506 564 1
1507 78 1
1507 132 1
1507 562 1
1507 563 1
1507 564 1
1508 78 1
1508 132 1
1508 562 1
1508 563 1
1508 564 1
1509 135 1
1509 136 1
1509 574 1
1509 575 1
1510 50 1
1510 77 1
1510 508 1
1511 50 1
1511 77 1
1511 508 1
1512 50 1
1512 77 1
1512 508 1
1513 52 1
1513 142 1
1513 143 1
1513 580 1
