21.873553772514175
18.951162145285014
13.544528725219623
9.312833583049905
8.992368671814106
7.176680641341053
6.548291269545683
6.166271124694188
5.822006397534893
5.535538971147707
4.814935317495428
4.68004112092688
4.285985874514204
4.096664038413789
3.8065596944872544
3.623657183250758
3.6000138556758974
3.564747162474289
3.264556367148972
3.1764596058483523
3.011225045729126
2.9748370907590327
2.792181093673318
2.682359473865715
2.6295137204394154
2.4260185575057736
2.39683668147872
2.303583457278003
2.2618368411639733
2.2360679774997894
2.1531555931440436
1.9948560225011662
1.9307350814181747
1.911606334230147
1.7901632261481069
1.7237225604461424
1.718003577604087
1.675896869063696
1.6457686252079855
1.622496796704706
1.520351824192245
1.4411824761809817
1.4142135623730954
1.4142135623730951
1.414213562373095
1.414213562373095
1.4142135623730945
1.414213562373094
1.3502294190723791
1.3240514617549584
1.2999440981480572
1.2665181166563684
1.2570890122733933
1.2569354735408163
1.1858296020406873
1.1141878301760564
1.0000000000000004
1.0000000000000002
0.9878187637576575
0.9806151808168633
0.9695438067413495
0.8893454384299045
0.8069112606100396
0.5567944454636481
0.5377934860426552
3.1782878755590145e-16
2.0962067711737297e-16
1.4474998155859367e-16
8.69146896268317e-17
4.5268697313597746e-17
1.0173827449605094e-17
3.979632746243017e-18
