301.96273321698453
264.98906688401934
251.3064736570174
235.457060917222
229.12681279503107
186.51459025792764
178.0777066642907
172.96008663403921
170.36916827700176
164.66681591351715
162.64541935875772
160.43242493708703
158.56475476918695
156.81758913834187
149.50697514263737
149.2265841461945
145.36722259394702
142.03383715886523
140.01835203971058
139.09273877068887
135.3976729714867
133.34940070130605
130.36898663382908
128.152391619136
127.66670213863267
124.709392632337
124.12007445251763
122.98196575568839
120.02426744509319
119.83804566637404
117.92365735742631
117.65528764948937
116.14205111954128
112.81298748514672
112.46805809997302
109.26562443567279
106.864516787872
102.06582494993344
101.91429594233935
101.41101534431968
99.59601407556495
99.48652249680761
97.56838923970791
93.69870230978158
92.94798931353954
90.85931685038135
90.75170357335536
86.40852980396667
86.28176410463354
85.20433701559267
85.10952974256577
84.62117436785994
83.98026603547947
82.25321215354987
82.06788813371112
81.13014345192695
80.59376639591555
79.94862213463652
79.12718470358689
78.62148034849425
77.934327422577
77.60407649147916
73.80563236213071
72.07944277929019
71.7677010050265
71.54840986713972
70.75439562703836
70.6485495327154
69.88837861996265
68.37671322895865
68.15836460266536
66.70273756405707
66.58581462564072
66.26707919323417
66.17163919258282
66.09848047891734
65.37926076871669
63.892852453320465
62.431774301265925
60.953307592368176
60.57427503236359
59.977215522127985
59.64286983037382
59.5301510530609
59.251689006197175
59.117715952569604
58.730657318416874
58.50213262705273
58.265514182322754
57.73478943795282
57.63041848634992
57.48559699921535
56.390649942086256
56.3282840051882
56.05562598471179
55.95812257593144
55.86014051709121
55.69988406008816
55.11129021068853
54.80586296270747
54.306653193845975
54.19084941447205
53.991859191214296
53.526252026402986
53.455058214973356
53.25845926208394
53.20671070655208
53.13403996987804
53.130799789695004
53.06983481738072
52.82558806738602
52.610639605446956
52.35173590868111
51.914283523201455
51.86741715855283
51.69181876239124
51.31302299916986
51.16256683437663
51.107948042258585
50.81694399952976
50.650405274061654
50.48617852037921
50.3549590895476
50.3001326644382
50.25487964161315
49.86634141119861
49.364486926411836
48.73250228020807
48.66224609845197
47.934614876757784
47.74662265787078
47.62795846499359
46.92894072402594
46.65532476840894
46.48346099668237
46.35974794999793
46.1119865626283
46.104668486193944
45.903409819213515
45.88432505356044
45.26270285328947
45.20500324155772
45.10258191847129
44.99214842673104
44.961110941788895
44.656586878728476
44.39636483562927
44.062760146296164
44.02520878616055
43.97493477763147
43.944143021583514
43.79310094038687
43.515080381199844
43.35340716019552
43.04549891194245
42.9341130571991
42.86716452594071
42.79432775978093
42.5064944149286
42.44592016320446
42.163897428799125
42.09318917825529
41.95326576044313
41.83149707883436
41.77965865653804
41.509908452735026
41.4653741359035
41.38194946303937
41.250239102064796
41.18905567301393
41.142673243288016
41.01837603696142
40.939403880949534
40.87288690401321
40.82844086263909
40.6639145351771
39.65033754279558
39.57255242151278
39.549245537244694
39.489823613561626
39.36389540413391
39.33330180854434
38.68321266690627
38.50940003295931
38.412804838161854
38.37193426346067
38.34760091262836
37.786700240205896
37.522042137635694
37.51620857688466
37.444980726032774
37.40049305333862
37.37387319687407
37.21322843782224
37.15290832006245
37.10259830266898
37.04615004519989
36.988941891174925
36.73582451308023
36.642310774734085
36.63422425935777
36.59938955628275
36.56189408108374
36.5344755699448
36.48574820432254
36.37546630014421
36.34749971940466
36.2518926089092
36.20107275091694
35.90449413410363
35.71448687049379
35.68748092158164
35.67139454028711
34.92682651736669
34.861600229425875
34.81912713236765
34.66190857623275
34.58263097301847
34.29064081587952
34.19527929934194
34.05445429744445
34.04350839415684
33.888261295422275
33.871467723970085
33.740439846833695
33.68427799089549
33.42157707891827
33.372823525949364
33.221822915051995
33.14539441526345
33.04569113770522
32.947767347441264
32.75890073044025
32.7571316089765
32.67532252616622
32.54055360721443
32.47229437692021
32.331926464381965
32.30092192093522
32.24210359530264
32.07582839668216
32.05194580105602
32.037624866753454
31.977277323165993
31.97587785673574
31.897816768270634
31.87010369794473
31.443222577353872
31.42572648544817
31.30332542563086
30.976202984966275
30.94442313046244
30.81629452029888
30.731727259133027
30.665059415918936
30.656419080705327
30.621547875036587
30.601823692593126
30.556779988484628
30.550204408594045
30.466156730855413
30.447929551513305
30.18251729196246
30.07889384494115
30.06951957311827
29.96654467343084
29.949155827485868
29.87374586934737
29.849326551586064
29.731100830898708
29.637361236686612
29.60924676129291
29.519617281163445
29.49507136229564
29.373577570098586
29.359012823698432
29.304747807563995
29.208177097965034
29.13107588081341
29.121774303472932
29.001478277982873
28.93201764472401
28.82679142331803
28.81129987150541
28.72878192188172
28.71631701864131
28.597259028957165
28.58356228095177
28.566172889897786
28.537339002728793
28.52365820934794
28.398838753314543
28.370087660522202
28.336478546517988
28.18310114470795
28.109434337680977
28.103635074023114
28.079351889404876
27.91655127904143
27.88137113240376
27.664288114940135
27.656657516335397
27.633672140343084
27.587996433819605
27.051847261166984
27.035203970068185
26.988240932238334
26.831238679878698
26.685020188886746
26.633285522898806
26.62768873742032
26.601072558042087
26.537298070189593
26.42361996821005
26.413223254720613
26.322467695331824
26.317260025006757
26.26294682489204
26.257905240870098
26.25113160267319
26.225239429449303
26.208127115776694
26.11871113504877
26.097703727171595
25.916849216018527
25.854964218462765
25.745098474087914
25.50702298253001
25.500474751403395
25.271938532663032
25.172618865116338
25.163291285837495
25.104186653979124
25.05192006685902
25.03076401094235
24.899347573431502
24.775397985132095
24.756635906163908
24.711531083347108
24.694229993127934
24.684382618180926
24.64933659238018
24.607330127502255
24.4773229714053
24.415104807895172
24.352026421747055
24.318102597593533
24.27773652109637
24.24638103270713
24.21639225808816
24.20671732055447
24.11917517936192
24.084775520177985
23.954195360815703
23.934675978501133
23.92006880346536
23.873508280490956
23.823904224402405
23.815279909288694
23.761979181100813
23.7590982300609
23.714050218312973
23.66905760367516
23.6301761343858
23.590670234251913
23.585474168556566
23.561919931019514
23.49061976057266
23.448892234543344
23.41991213365819
23.23975321640621
23.238610884397463
23.231706352869132
23.171300787460336
23.12724961630061
23.090566014059345
23.085925060022642
23.062237925846315
23.035803009533584
23.015492409697
23.00389320695988
22.987931666884577
22.966130239434165
22.91142472309913
22.842008850185255
22.756275168109035
22.66016754245808
22.51070487844777
22.472156798903143
22.399450026103082
22.34381084962063
22.334114387839033
22.32318791546798
22.317838829346442
22.286280878241865
22.226608201090055
22.208541683968683
22.1824722457951
22.132249728135385
22.10661167831327
21.964942323263706
21.91006683408345
21.876935989652097
21.781907135689444
21.775576894649788
21.764027573794632
21.715234481420193
21.702003572536473
21.698009176792212
21.68815782278526
21.642427700662676
21.51366711680889
21.49236726435609
21.385294793275392
21.275939015676407
21.18778791209147
21.122508693283127
21.05918502720256
21.03267661571247
21.019648890479548
20.993386562279095
20.90622141804749
20.874855395030956
20.83502611596317
20.818627956173685
20.772418028046573
20.710173054504352
20.69358198855093
20.66270166548409
20.60136240995946
20.58316428675381
20.568564332947535
20.55328118720467
20.508766239643542
20.477202871049776
20.467004895249882
20.455141729416685
20.43092679900793
20.40994553390193
20.385582827671453
20.364828216049172
20.32966569413174
20.279643937161598
20.262496425971175
20.253647452966145
20.027415246008896
19.907710106931788
19.897824315660504
19.773365997632148
19.681502397009062
19.667992168842048
19.650213135354743
19.643475027088883
19.54562737183985
19.421632422142117
19.400873310091562
19.39482595572121
19.390150337599046
19.316152127721775
19.256064698502115
19.23332699073193
19.22680385809271
19.210486847620164
19.164360280646253
19.150834493701353
19.134521276419346
19.12676170073239
18.9987533665923
18.986233919183345
18.976081263943442
18.965046419724047
18.959399860411537
18.949738496436996
18.87725979059947
18.844453428563863
18.826276577063787
18.776740183164456
18.771765537256893
18.734589649890168
18.706184926627486
18.63553330281514
18.610793329694182
18.594968146066496
18.541997458766556
18.52141284472292
18.468480174611084
18.336024745706368
18.323648774248223
18.299944424148254
18.24833128679063
18.231244204721538
18.221808861984826
18.183558173246087
18.179417887833647
18.17860693639457
18.159633642668368
17.98435590960958
17.953910305570215
17.938359503685618
17.908474085127132
17.832898100188732
17.796727854822876
17.788870374771275
17.784899888812184
17.717527871791034
17.659832349531566
17.627619641802337
17.57499590936878
17.508216858641426
17.43937630114962
17.420420511655838
17.404967395680863
17.39835693389953
17.375553191706032
17.365209371724212
17.35246048497621
17.347804174411962
17.292513633644017
17.289318519907745
17.2216462565851
17.190714336103326
17.168234873859024
17.16088925673604
17.14071913118695
17.132021182549288
17.107652006253275
17.09905449723404
17.079536311887484
17.07737999636138
17.06199309997724
17.045389628144555
16.952165958904803
16.934990194237063
16.915837431514465
16.891058285974108
16.8736577509938
16.837115394311418
16.82502883626408
16.823772078829453
16.774362872909705
16.763833322997804
16.756494733529287
16.732440803001786
16.694124308972626
16.681193661132784
16.66433004192691
16.628467043304116
16.606484849654155
16.58671120983993
16.565646311923814
16.562005899301862
16.55365025896876
16.53989472337571
16.53565865333109
16.509302543011206
16.48994414559796
16.476377187179004
16.429833207939833
16.42938732589789
16.42265992520967
16.349425709177893
16.324560793276312
16.270581043923737
16.265407164422705
16.233180593816172
16.22414758294292
16.181223906930935
16.143254630526094
16.122600014243673
16.112655238365022
15.984807893564769
15.931250544807993
15.881927932505338
15.866281164753978
15.8440741955641
15.824982285562022
15.792640401084116
15.781799864590921
15.75577539521107
15.733174989832605
15.688217115169843
15.680643367981409
15.637823081802422
15.601628217586384
15.593296182856603
15.583157943812306
15.577292605598835
15.567990790244114
15.485644424749347
15.440662828508158
15.405723305307006
15.368341985814785
15.360032116655649
15.342694689390742
15.337036392654717
15.321566331352471
15.316828622469592
15.280465095848912
15.254468897696553
15.237621871455074
15.22986655631942
15.227480629742669
15.18827489511416
15.186493546725327
15.156264749742116
15.114722818891941
15.101691925714176
15.092042560840905
15.08134507607599
15.069968719659594
15.015911960027392
14.927336472282919
14.868750058625817
14.849990314635157
14.84418327394536
14.821922029887933
14.803399959476977
14.777298378296223
14.753628507708079
14.751166601777546
14.730081203793956
14.704413129030655
14.69426330067102
14.660098465964536
14.654344077576674
14.625125398452434
14.600386033142764
14.579170944869336
14.565005868704253
14.559231344767221
14.554514590498771
14.541075764632074
14.512766222687915
14.507090898781597
14.470886762248353
14.456125458795267
14.435894552352273
14.426805710400597
14.411385806995652
14.392790258939725
14.376781096223189
14.363461649861756
14.351359372007792
14.297015359514536
14.272393964617905
14.255813296734608
14.23899769635577
14.18154961793635
14.142802108844062
14.137880296227838
14.099650786558612
14.087959250305119
14.078692385589774
14.07438225328832
14.03859366655587
14.03099640771295
13.962427019825418
13.957790763085104
13.93844372662021
13.862438876119848
13.858954081777537
13.841372366065853
13.828409490576277
13.80699216777421
13.793776080192051
13.709762948181679
13.646051618511205
13.64568670121596
13.642764621297074
13.632386198806367
13.531383428040144
13.524872680217355
13.501796643928444
13.429633062442232
13.412345754472804
13.349593934173582
13.287690128793155
13.25208821426848
13.249789555867826
13.208742504819941
13.20709107624005
13.173506676714661
13.148589810203477
13.135475330176737
13.134418037126922
13.130259406370849
13.098225156031546
13.075006881371262
13.064453567091814
13.038836598576076
13.030572364267826
13.02986394574165
12.994851025405131
12.9854401336011
12.963380083076807
12.961430739392023
12.956837169982961
12.95002749617017
12.927065259800747
12.882730013947878
12.86656533171909
12.841793566487341
12.835838231526903
12.815129325127625
12.802718788584277
12.791134811978742
12.728402122544583
12.725628071908197
12.707202523702817
12.698867369767305
12.694744930211346
12.676422799375727
12.644208092016608
12.612354734143759
12.590037147341224
12.55939634478603
12.54012010628765
12.439584896849158
12.407477461365906
12.366193474836347
12.343452419263645
12.320907447824435
12.295147027898238
12.264102873891762
12.263727267601595
12.260424689419281
12.222084590378525
12.209977148083537
12.197815878325661
12.192983901751008
12.148085017394232
12.11783568696896
12.103087298007702
12.100396548118383
12.098209591588548
12.094606578765802
12.068343804404334
12.055360762966474
12.047368152524836
11.99267387900285
11.974676183836479
11.95290477866808
11.948881169509734
11.937187546089742
11.936329743753669
11.891251978812305
11.885708526128855
11.863975705686716
11.856156168717957
11.853383543993779
11.835986557424304
11.80937674314689
11.795339293314886
11.784124597918463
11.758638250897201
11.747390158925516
11.736766884078182
11.717953583491749
11.707142779120064
11.694657807470529
11.676167902354491
11.667289878411847
11.607801599798831
11.571262804627704
11.569235800329055
11.538881877268674
11.497329469941626
11.448441358221766
11.446220242580951
11.442662766417158
11.39504282466245
11.38360131843889
11.35025062424959
11.33635847958655
11.300914436602046
11.22348163198045
11.222542065287659
11.215073509921636
11.17974642939642
11.173752330303047
11.172982248063091
11.156710910319854
11.148656247764961
11.145765874578924
11.139636314964088
11.08073248454515
11.075416749651886
11.051236792148753
11.029289887095722
11.010230075562946
11.00349659170745
10.98567896643166
10.92896057096393
10.924791567217808
10.869505290499395
10.85228122967532
10.850946433612778
10.826126386540674
10.813430627286094
10.801728037509424
10.772115717282672
10.765093025094902
10.731384441782533
10.716986510657575
10.664779068975802
10.64689951787251
10.619312488649788
10.608611841277753
10.60031581869367
10.587734289737277
10.569897665224204
10.547654033860422
10.528600438168564
10.522274225170547
10.516829958637352
10.514540711942669
10.507482159774156
10.463528847963827
10.44705381109321
10.435693168856847
10.426739673637513
10.424058908825439
10.411936896048685
10.395211520653353
10.353928727112597
10.346932695314273
10.346557620850911
10.337056077487688
10.31795261505726
10.279359851321873
10.271206556792492
10.240046464857455
10.235923223948966
10.232600712964077
10.205632375834991
10.201992561964047
10.174620484706331
10.162664176709134
10.126715151318157
10.110921360165257
10.100293039273609
10.077136560794958
10.056489953552012
10.028829469674466
10.009819893111867
9.998243885042378
9.988589470339871
9.983717865904898
9.938823912625637
9.934401261867443
9.918880458413971
9.894849491423058
9.853442220116065
9.844756842501674
9.819298152077032
9.809559706355321
9.805907504862574
9.777072589070002
9.768232408964183
9.760450113382479
9.735220481821127
9.712323049535772
9.711237501017754
9.709382569047557
9.679368263975416
9.669468147200403
9.652064563565418
9.646969811037318
9.596445861561929
9.592895611159081
9.592823000126137
9.575929391431163
9.547829139310728
9.542043017138084
9.50789133310142
9.49744025450924
9.49487750792934
9.475997607965462
9.467223384878194
9.456991569903945
9.437845863926619
9.417024096432693
9.414608827257144
9.3646573907235
9.307510640777021
9.274180548980206
9.272674610227806
9.242885979291435
9.239263037759367
9.204484859253608
9.190571925581722
9.13458738514417
9.12858486255517
9.104979823305843
9.101093386322797
9.090624998275487
9.088311210854883
9.062889093484799
9.05761080145808
9.047930105073535
9.028863667620852
9.021507902226855
9.007929291324482
8.984518244977124
8.970905686413829
8.958447280028695
8.938378752176671
8.936906272420314
8.934272183092236
8.915539274946063
8.913518250683278
8.898458304863304
8.884977168573647
8.883550756185683
8.871055640995896
8.847292373378203
8.829453906418323
8.813411497970266
8.796345168985916
8.776378155682437
8.76375312217786
8.763151688238663
8.742792077032068
8.742184318029762
8.722993072086744
8.711788828707318
8.684155777177889
8.65833551434447
8.656774462749375
8.650478990925372
8.642258917821458
8.623341406250965
8.607134400485837
8.582462717595316
8.550707505537655
8.54195751585862
8.534820260262602
8.532790490132792
8.523151015064006
8.520225887099029
8.510687268403599
8.504867536754269
8.49524599224061
8.483368059420151
8.469123367916074
8.434893406235878
8.43104812554506
8.401949331234952
8.38440818113024
8.360376083316584
8.336886290962958
8.311417512365413
8.283451490186106
8.28181699830987
8.260447272164111
8.241421834515963
8.207833934337536
8.20069206151522
8.187192416598885
8.16989362846014
8.164199273038491
8.160116383991266
8.158510114597512
8.14809674940924
8.131388145742623
8.123600908247449
8.11591206221511
8.114754634912465
8.096959649471042
8.061024408415435
8.041972296036507
8.03735621694159
8.030077299537892
8.018381687501963
8.007154154242809
7.986775720792425
7.9470279486385405
7.93946026491148
7.938567556723679
7.93607257599123
7.930099703232625
7.929118510143817
7.915945181128106
7.914608799359252
7.911489664433203
7.895682343431031
7.871638002336967
7.861416962547342
7.856444884910531
7.816526742501053
7.810728016751692
7.794442623554622
7.782406065330786
7.753026800097829
7.74949260680037
7.7357540035825245
7.710862428319443
7.677712042284842
7.668850713290541
7.665990752679618
