43.97636659614373
39.87186756814839
30.03063068282368
28.88835057219602
26.332422030377238
24.563748610333732
23.307648958429382
22.485353014040516
22.33728299311439
21.179886243530675
20.83819101625175
19.807201923286595
19.51186095382611
19.25501017983776
18.621039135798114
17.99912081929294
17.129433860967254
16.949454806421407
16.669339746157533
16.34334424418325
16.264833769274635
16.196258423707334
16.103329991117246
15.894995123003909
15.819862223498271
15.500085649888845
15.328003217005806
14.948739758263736
14.846443946341967
14.742301972589386
14.536461408993132
14.415202604128266
14.174048453215473
13.966698712639813
13.612779916269636
13.327626671047094
13.288271712593625
13.093698409819762
13.01052156842478
12.976549393662555
12.890500078695174
12.802255918932572
12.666583478206842
12.609736957265138
12.55870229581
12.51348056201332
12.431829845434656
12.16430589599961
12.11107463434809
12.053034265635626
11.933882460300376
11.755903466986128
11.745739661866795
11.656931820665326
11.59715308282603
11.54969108250067
11.506805577004341
11.35173433105201
11.298446945923843
11.23814673379139
11.202607554555286
11.08382351655555
10.99741831797597
10.95141208863951
10.932737592129733
10.893007995338307
10.77686680118227
10.703144996898725
10.291546534520306
10.206383162909445
10.178190036881782
10.120915460850808
10.092642477640718
10.045954750870404
10.013076535970688
9.915707163009941
9.859241183658076
9.830358792754813
9.782420338459772
9.76033825006933
9.739398929305398
9.586944464446864
9.554899018348424
9.51683021687224
9.503724136804372
9.485912639045745
9.414255961654751
9.394394734413352
9.356060319022694
9.32967475664654
9.297069162484092
9.239791267365703
9.195169899060874
9.17368478438495
9.153561757160823
9.145277151186633
9.12276256265532
9.102405448462864
9.068459126621768
9.023436160779264
9.018581767643322
8.961207922284416
8.932700693378496
8.898760971666647
8.87567531565653
8.861301828689632
8.786271815692249
8.753330700903996
8.642377426610398
8.598511181653125
8.581596966447474
8.512465574386328
8.48458889468027
8.431307786339897
8.386142475931193
8.364960071033238
8.271998543477206
8.248814089222554
8.21273145063487
8.191701599290042
8.18178537986118
8.16494118935243
8.133147177863156
8.079245701003968
8.032546983411713
8.004928353403102
7.985208979009448
7.949881128682546
7.930034757991184
7.897816041874546
7.842848261489649
7.807434300397429
7.793401998025361
7.741837955367999
7.68375907539496
7.65137495224309
7.615387181958275
7.596637138990514
7.5172301202188425
7.506928135348095
7.473963354520001
7.457463415527404
7.4364730759230655
7.42663649972887
7.424334602488771
7.411358970543054
7.391483845295452
7.386551983405453
7.3479149511182245
7.306597173536635
7.29118440023765
7.28297730746406
7.2664753281166
7.25382160888285
7.236101129650502
7.212387425821461
7.184210091791472
7.174208589854054
7.1610705426500285
7.134600248326006
7.120707944655295
7.101119507365869
7.074465838425253
7.025721685053132
7.007473835773654
6.989574168487681
6.966980737094336
6.880848694659677
6.8451748238949355
6.814990386667595
6.754696856109366
6.736995531540015
6.7042786754164245
6.685665182326913
6.648472216452938
6.634387044193107
6.612243431993996
6.596962672707494
6.564355891825699
6.5597383000570515
6.557563559231933
6.535795752383863
6.523689332896104
6.505913887461833
6.48076616827334
6.468860794641585
6.426413222978528
6.41612112141979
6.4054903327447645
6.39620147932756
6.350706103676311
6.315833690734032
6.295828017610822
6.285539340623649
6.266441211202281
6.232734403422288
6.220987192272604
6.1864940642090875
6.166701110979296
6.1488624168272175
6.137415218148458
6.13055639281129
6.084036417475074
6.0394100966906645
6.0302839297442885
6.009976526979982
5.985068597559631
5.964470671730355
5.952251924152593
5.945721619391916
5.91892331935654
5.917241805199427
5.895166710667031
5.875958827380888
5.853805471441581
5.839105411461132
5.825775075413427
5.8181795848724445
5.791382772083949
5.7818997582872385
5.77254639695351
5.7615373064573205
5.7358042999755225
5.73175415028473
5.723199566865524
5.71866942123366
5.703601366746008
5.693691048575044
5.680458011977452
5.6790339792430515
5.666661855905328
5.657001618507253
5.64271083552016
5.627001422169049
5.6193477476051195
5.593369025852369
5.583360149128124
5.576925038282944
5.52825543469317
5.519440141526077
5.492916088332767
5.465672092416526
5.457687715319972
5.449522652312304
5.441197531290733
5.433479688135026
5.416485761816427
5.37545919866305
5.374492210362767
5.359136018656502
5.345802774166303
5.335178975301413
5.329477455921072
5.315913720581153
5.297841382456875
5.292801659638989
5.292115568726497
5.266581071292308
5.2603599760367645
5.248434360161592
5.238675294200528
5.228528850795959
5.215678571387974
5.204800865497484
5.196163328204599
5.191032660659944
5.178082715512626
5.17152682210922
5.165497765883211
5.144684116832733
5.12777190235363
5.115123687745822
5.10239744741511
5.097293128960273
5.0818302725391815
5.077465797228804
5.071422175504103
5.056657733415355
5.050258208562981
5.024780138584049
5.015944646652876
5.011547816770138
5.003135340322825
4.99907434620483
4.9911032697502975
4.984979721496302
4.960966873000921
4.932996239014267
4.9284708504491075
4.919128674365053
4.911478225611601
4.886276159926679
4.885176916344048
4.877340872448905
4.875345875862621
4.869855014273999
4.84723943512702
4.826486595228982
4.811267636190963
4.796333235625713
4.738288009140064
4.727693259935372
4.724324683625968
4.720841899022419
4.717486880936634
4.710749545100604
4.697445488360562
4.686741610440087
4.680705623538857
4.6605602960259
4.653980964305651
4.6516250332437945
4.646993984026853
4.631089652620694
4.62708592249101
4.606543997176979
4.5915388870912
4.588382714949977
4.5630775837008235
4.552503201403647
4.541347680823501
4.540505034960973
4.537506082453653
4.529710375407423
4.52410300760714
4.511256100161554
4.500879515266336
4.494563813092358
4.4913735467481075
4.481401332637797
4.468981393814798
4.458245666941526
4.455656714770078
4.447560672233525
4.435968944402915
4.431427010132882
4.423485445576023
4.414730466475267
4.378531561055872
4.374762173268971
4.372826661873844
4.365212855343391
4.356045058438061
4.346746728856667
4.3299392326569786
4.323161143703655
4.300209769812841
4.292434741543051
4.275792584812923
4.271914430076758
4.266206005427089
4.259331034189083
4.232225194933666
4.227876392120044
4.221529184283512
4.216289111129593
4.206198862276607
4.201110843105981
4.187339126063592
4.179387393318459
4.176775246828848
4.159069458226572
4.152357752285454
4.145194566972477
4.138133790944019
4.1309684858269575
4.126589114799789
4.1219041063867765
4.116350613340272
4.112705709154103
4.110550189944161
4.109132810119011
4.105107373135372
4.0938216727218935
4.088261497375485
4.085841564484904
4.078230119788582
4.074652102078088
4.059501796256723
4.056792744385768
4.049718237543493
4.04563581549944
4.0323757254968235
4.023457512295576
4.016994941761419
4.010617725232245
4.000088252979582
3.9941763308498817
3.9767675614601954
3.9686512381168195
3.9658079019528913
3.9641971774406617
3.949907119046299
3.940126456400351
3.937634933762125
3.9278565453968315
3.923448304764995
3.9091661717503894
3.898672394143572
3.893821343537562
3.8855380433967532
3.8772329343183625
3.8717805153744385
3.8646998609757555
3.8566880045827485
3.850105399386578
3.8480332492921736
3.8440772373878387
3.8345406132973427
3.828985103814566
3.8239715012407007
3.809898590187025
3.8043961985932517
3.7981116005950444
3.7927033471238487
3.790887879648665
3.7850013905864817
3.776970907133519
3.7719543790046415
3.7701860619569523
3.761940073723258
3.7581863651937124
3.7516278507446743
3.7425664932777103
3.7377872620369104
3.7317800330604465
3.730372175035559
3.725871229857878
3.714206903743186
3.707912866526312
3.7062216111935506
3.6981144947563673
3.697425759469632
3.689789767840193
3.6845850222086343
3.6796173112129447
3.6749098541306657
3.6735317235851457
3.6698057225536296
3.665257590012682
3.6582785181050412
3.65620822895365
3.651118571775909
3.6398782832065373
3.635559320174883
3.6331988753251756
3.6195208055207972
3.6060779617387406
3.599138633598526
3.5933697342573825
3.5862091633179016
3.583532492083412
3.5743776667304417
3.5698007616094367
3.560328694624257
3.556541316978296
3.54375219996148
3.5413872337896284
3.5362192666278633
3.5288937900553536
3.5280713001482953
3.5189154647321725
3.516457505951674
3.5113047295728785
3.4966457662977968
3.4888290627464613
3.4857355068532354
3.4785846201003516
3.4717868185489866
3.463522670449106
3.4584127653346486
3.456797345602611
3.4488072536830163
3.4457494200664005
3.4421403024341757
3.4377188429966963
3.432308511590105
3.418668896215986
3.4135374720071
3.4111483222671946
3.406243027076383
3.4051083969570364
3.398695668517175
3.384834364767695
3.374667408491553
3.367508626280559
3.366049272362221
3.3486694512534947
3.34339637215683
3.3418282369542567
3.3359442319824293
3.331427822109768
3.327036672978811
3.321025307989024
3.3046458067666955
3.3020976943023377
3.3000404103504923
3.2952443318151277
3.2917935682649544
3.2843757318820135
3.271667932029066
3.269361610940916
3.266105653903393
3.2580464130147124
3.256216847652433
3.251550231464365
3.249917626340463
3.249330526290109
3.2471171279165403
3.2423494162741746
3.2384737009620106
3.235159399575931
3.230154237802705
3.224951514083684
3.2229108724379243
3.220673060103637
3.2130810525857805
3.209395253937782
3.206105927924795
3.1972412362169433
3.192932740777747
3.19068057082521
3.189465849393157
3.186587505226149
3.176049996849063
3.173658434948902
3.1669770146311795
3.1646427591358
3.157653495178909
3.155388453196105
3.1508235878887647
3.147432528680761
3.14356621093714
3.1391282910204046
3.1362944361925473
3.1316958421418604
3.1277051549265673
3.1253125439741147
3.1212424647054413
3.120501852925898
3.11602710673639
3.1152967426751412
3.1038358416512435
3.100840867699341
3.0874356832826355
3.078793732401277
3.0758758583709507
3.074374733222932
3.071344882498796
3.0667636716604334
3.0632388068806
3.0549598990327347
3.0492968560448936
3.047704639972515
3.03394501083733
3.031580585881484
3.024573816873141
3.021255905976006
3.0193313473814594
3.018732589314533
3.0147744846579227
3.0056299036301337
3.0044999329615996
3.003466176138674
2.9967552414032825
2.989978055455583
2.986123812289093
2.982605665236784
2.978658849446644
2.9769176063624183
2.9721066553023454
2.969215155423512
2.9678571687210007
2.963203932699866
2.960748283588057
2.9553771223260292
2.954122597889968
2.953465335990881
2.948406770948391
2.9377254639939947
2.9357138315554474
2.9303870103096092
2.9218024426380924
2.9215611976526006
2.9171511531059404
2.914069458429214
2.906087334363541
2.902317125233698
2.8989055307943006
2.8972423329176005
2.892356042730431
2.8910297460763794
2.8836416467490906
2.8761017163079234
2.871522557158323
2.867931939249021
2.86534221448481
2.8632059030861496
2.8577741405186146
2.856217121960621
2.851153882977615
2.8491652424503284
2.8467483976498147
2.8364275064872833
2.832528813739287
2.83059379590146
2.8285240429423877
2.817534290601935
2.8163395301014846
2.813698241615017
2.810519469613979
2.808215554139621
2.8072078868410557
2.8048777977556814
2.801822415846416
2.79802924000509
2.796967719961604
2.7946575135866256
2.792895698438426
2.7903742823016815
2.7856253237747595
2.7821797302272686
2.777205242640349
2.774146079011615
2.768359237748487
2.766137495370085
2.7648179022729633
2.761722946172733
2.7540957365994765
2.753571669303145
2.750061724529247
2.746833643731529
2.7449075861716876
2.7428902420184786
2.742276953256753
2.7377159761514562
2.7353928935659
2.734357552174078
2.7317774110960853
2.7274449521712083
2.7266355204302517
2.7257109758088633
2.7232821050616196
2.7191393515396967
2.7159210512435683
2.711610944815034
2.70848549509542
2.6973647825790947
2.691612847046282
2.6894665926870918
2.688806979734291
2.6852896065365877
2.683080161271744
2.6773831373139587
2.6761699163633277
2.6733747608142515
2.669167269070807
2.6651266041179102
2.662000075558099
2.6574299151025986
2.654017426471945
2.65103792528486
2.648057024700026
2.6431353386963394
2.6384208280538877
2.6351708697730074
2.631202472976469
2.629151007123589
2.6254465142248566
2.622540886421588
2.6209608897830514
2.6190686099978646
2.616581814752063
2.6160658974747837
2.615431220929226
2.6106471937244717
2.608077469441606
2.6065210181715224
2.6044362067618643
2.5984829391390027
2.5963061876302937
2.595509045887679
2.5921643283541402
2.589824017945356
2.5871121365808767
2.5857309379172824
2.577894014154582
2.576269044864354
2.5749668062076387
2.5711958026707817
2.566300758005948
2.565584439515303
2.561431162418206
2.554586814251686
2.551875719473324
2.547348988870841
2.5444326460121083
2.538823255093413
2.5332359884805746
2.53193906453496
2.5237675586671373
2.5221786165037514
2.5205127828924563
2.518639016316099
2.5172643758062265
2.5149451606365623
2.5076430243045817
2.5010903454192994
2.4997143876308647
2.498622995005548
2.495671574619119
2.4951029974267382
2.4835031280699487
2.478398042008894
2.477651962288114
2.4690958466600366
2.4643349251419453
2.4630413617752933
2.460886814897954
2.4587175324100823
2.4564612746565104
2.4532787920237045
2.4523442482644207
2.4507520127116464
2.442695798462044
2.4349134896592006
2.4329659699207324
2.431245653940001
2.4291126876927653
2.4263244386654925
2.4245296909271428
2.4206855967401153
2.4173480928228126
2.4170519875352996
2.4141750908852995
2.4136093419724447
2.4128252859466115
2.408738896928602
2.407863663278949
2.406356253559227
2.4037028720638016
2.4030220088788847
2.4008777959317866
2.39884271500218
2.3945304976762665
2.3892806531422677
2.3853739628490205
2.383023431228695
2.3815622986294653
2.38027817072327
2.3785012250458593
2.377823257007905
2.373591540494355
2.371088257619975
2.3695149538306843
2.3673323184000052
2.3650329701167405
2.36381463233266
2.3629716840927557
2.3608675586717083
2.3595335327841225
2.3559266047283893
2.350383624926612
2.3468479602323784
2.3423072830679286
2.333123268064215
2.3316360651087553
2.327024555979528
2.323197561722077
2.3219357318476024
2.316992790814316
2.316604739770173
2.3111629530592337
2.3076471028129584
2.304662882960816
2.3031285476973045
2.3012464814275435
2.290962988443584
2.2870097821143913
2.2852266716134655
2.2831587536874705
2.2809004615985766
2.2804691324601896
2.278656723482519
2.276880673589317
2.275322049388606
2.267783251758894
2.265387378065727
2.261237960300724
2.2548729000480936
2.2523330197916147
2.2483970122873376
2.237729482606301
2.235624574110278
2.2349281185404086
2.2345064945502946
2.233271767817252
2.231780295375562
2.227242086666352
2.225008834616737
2.2241343785135634
2.221813631065698
2.2203766045608235
2.2184487064522993
2.2172581040114805
2.2154598684950355
2.213962242398267
2.2064589575080715
2.204984730737244
2.1999935771882515
2.1973416356328133
2.193361665845752
2.192665410889606
2.1903473808154463
2.188702373205327
2.18657457584085
2.1838175156068473
2.183162999540435
2.1809178034752543
2.180272074907592
2.1776898568605816
2.1762356121792403
2.1741866405651633
2.171437522654629
2.1638544443295338
2.1615042743852944
2.1602065852061907
2.1565764746909344
2.153895692818008
2.148440296898963
2.147185295966986
2.1458329954003976
2.1454645794724536
2.1433933236112037
2.1419079506604817
2.1407098402200013
2.1399535323915395
2.138278521735281
2.1339851954544136
2.1285924855780043
2.1257388470052923
2.1240715207144993
2.11768988772116
2.11499458474402
2.114288321501213
2.1118484519311016
2.1094808717781968
2.1071808366586704
2.1051486514163167
2.1025146541865998
2.1014919530481406
2.097845338033328
2.0973793270685213
2.0947742875222937
2.0935229374660693
2.0920552619985973
2.0915428023394633
2.087122808842117
2.083104142869064
2.068201583169166
2.0655551001389396
2.061423981621419
2.0572698677054837
2.0537799583926213
2.050670708758661
2.0485447607010463
2.0466953034035686
2.0459423290059062
2.044895765209795
2.0429361541381237
2.038011488397904
2.0336951542205344
2.0314218126792754
2.027955416403517
2.022193087217973
2.0206876188009737
2.01431153015167
2.0121020825143523
2.003404898402614
2.000746228655687
1.999922086646736
1.9995163155090685
1.995394506595682
1.9943753639312678
1.993891892657725
1.9931718012365411
1.9907115007280762
1.9889584716364805
1.9867011586899677
1.9860324782483039
1.985281960797794
1.9849451669451668
1.9834008885585594
1.9824296682674964
1.9814858767157257
1.9811644854506725
1.9800742196195529
1.9783771775068055
1.9762362742707364
1.9756851966258404
1.9753964834469604
1.9752694389506804
1.9738634255549456
1.9734157944896458
1.9716478963329378
1.9699015839730258
1.968217820249811
1.9669161034867781
1.9653961409463725
1.9648153736730034
1.9633719981834403
1.9618114537868665
1.9613257132842083
1.9601348497934425
1.9596955120984507
1.9590644970015665
1.9529450653966802
1.9465656672469456
1.9435927031948173
1.9429757035156099
1.9397311179130599
1.938579535065619
1.936336597758158
1.9353885178792856
1.9336925047330054
1.9330363797801753
1.9300559130006034
1.9229639983486022
1.9215472265670255
1.9185485361198584
1.917415514136865
1.9150880854823256
1.9143887762875984
1.9131416711405216
1.9123081330107736
1.9112381761229247
1.910298610847057
1.9098089270257232
1.9068359024591823
1.9031591228985005
1.8992621574685202
1.896827924525784
1.8938651829234945
1.8886082578875165
1.8838995615230565
1.8817142691024968
1.877827847047944
1.875946713363886
1.8724087348382503
1.8678438131868456
1.862415324996655
1.8572546199890756
1.8549762810999106
1.8539854745911968
1.8525250251132295
1.8468398904225551
1.845426112985814
1.844026139637087
1.8430758245288312
1.8423826691817147
1.8415090876797016
1.8317448054814494
1.8307352457002433
1.8286891536421868
1.8268237826049523
1.8166509411959122
1.8081198425243685
1.8054475230324687
1.7973618700109442
1.7941900939583348
1.7904074161857797
1.7895014910730067
1.7882834203644982
1.7874364685324036
1.7857699576464334
1.7762891049350806
1.770065294185119
1.7662484641544363
1.7544447037755977
1.7464670272453553
1.7459434470313058
1.7444162949471038
1.7401538032195802
1.734000850524131
1.7318493106795878
1.7312219262672006
1.7304641288370082
1.7293846899760748
1.7279547895302234
1.7277437796395547
1.7275298562019183
1.7267738935176344
1.7265088210830115
1.7257437891296585
1.724960518447592
1.7242537499915769
1.7237522414008242
1.7231922389081542
1.7226377821729324
1.7223141859937239
